01/01/2020,GON,CT,ANE,EN,Federal Contract Tower,0,0,1,0,1,0,2,24,0,26,0,2,25,0,27,16,0,16,43
01/02/2020,GON,CT,ANE,EN,Federal Contract Tower,0,7,14,1,22,0,3,65,0,68,0,10,79,1,90,102,2,104,194
01/04/2020,GON,CT,ANE,EN,Federal Contract Tower,0,2,9,0,11,0,0,0,0,0,0,2,9,0,11,0,0,0,11
01/05/2020,GON,CT,ANE,EN,Federal Contract Tower,0,0,7,1,8,0,0,10,1,11,0,0,17,2,19,0,0,0,19
01/06/2020,GON,CT,ANE,EN,Federal Contract Tower,0,1,9,0,10,0,0,34,0,34,0,1,43,0,44,40,0,40,84
01/07/2020,GON,CT,ANE,EN,Federal Contract Tower,0,1,8,0,9,0,4,82,4,90,0,5,90,4,99,80,0,80,179
01/08/2020,GON,CT,ANE,EN,Federal Contract Tower,0,0,10,1,11,0,0,16,6,22,0,0,26,7,33,12,0,12,45
01/09/2020,GON,CT,ANE,EN,Federal Contract Tower,0,1,16,2,19,0,2,80,5,87,0,3,96,7,106,68,4,72,178
01/10/2020,GON,CT,ANE,EN,Federal Contract Tower,0,3,26,0,29,0,0,35,0,35,0,3,61,0,64,52,0,52,116
01/11/2020,GON,CT,ANE,EN,Federal Contract Tower,0,0,6,0,6,0,0,20,2,22,0,0,26,2,28,18,0,18,46
01/12/2020,GON,CT,ANE,EN,Federal Contract Tower,0,2,1,0,3,0,2,16,0,18,0,4,17,0,21,8,0,8,29
01/13/2020,GON,CT,ANE,EN,Federal Contract Tower,0,0,20,0,20,0,0,23,0,23,0,0,43,0,43,0,0,0,43
01/14/2020,GON,CT,ANE,EN,Federal Contract Tower,0,1,15,0,16,0,0,30,0,30,0,1,45,0,46,56,0,56,102
01/15/2020,GON,CT,ANE,EN,Federal Contract Tower,0,2,13,0,15,0,2,102,0,104,0,4,115,0,119,66,6,72,191
01/16/2020,GON,CT,ANE,EN,Federal Contract Tower,0,2,4,4,10,0,0,2,8,10,0,2,6,12,20,0,0,0,20
01/17/2020,GON,CT,ANE,EN,Federal Contract Tower,0,1,6,0,7,0,1,23,0,24,0,2,29,0,31,8,2,10,41
01/18/2020,GON,CT,ANE,EN,Federal Contract Tower,0,2,1,0,3,0,0,41,2,43,0,2,42,2,46,38,0,38,84
01/19/2020,GON,CT,ANE,EN,Federal Contract Tower,0,1,4,0,5,0,1,63,2,66,0,2,67,2,71,92,0,92,163
01/20/2020,GON,CT,ANE,EN,Federal Contract Tower,0,4,6,0,10,0,2,64,0,66,0,6,70,0,76,20,0,20,96
01/21/2020,GON,CT,ANE,EN,Federal Contract Tower,0,1,18,0,19,0,4,93,4,101,0,5,111,4,120,68,0,68,188
01/22/2020,GON,CT,ANE,EN,Federal Contract Tower,0,5,10,2,17,0,0,101,2,103,0,5,111,4,120,90,0,90,210
01/23/2020,GON,CT,ANE,EN,Federal Contract Tower,0,0,18,1,19,0,3,77,4,84,0,3,95,5,103,66,2,68,171
01/24/2020,GON,CT,ANE,EN,Federal Contract Tower,0,5,9,6,20,0,0,90,2,92,0,5,99,8,112,72,0,72,184
01/25/2020,GON,CT,ANE,EN,Federal Contract Tower,0,0,9,0,9,0,0,0,0,0,0,0,9,0,9,4,0,4,13
01/26/2020,GON,CT,ANE,EN,Federal Contract Tower,0,0,13,0,13,0,0,86,0,86,0,0,99,0,99,62,0,62,161
01/27/2020,GON,CT,ANE,EN,Federal Contract Tower,0,1,9,1,11,0,0,34,1,35,0,1,43,2,46,22,0,22,68
01/28/2020,GON,CT,ANE,EN,Federal Contract Tower,0,2,13,0,15,0,3,52,4,59,0,5,65,4,74,80,0,80,154
01/29/2020,GON,CT,ANE,EN,Federal Contract Tower,0,0,25,1,26,0,2,71,8,81,0,2,96,9,107,84,6,90,197
01/30/2020,GON,CT,ANE,EN,Federal Contract Tower,0,2,5,0,7,0,2,83,1,86,0,4,88,1,93,42,0,42,135
01/31/2020,GON,CT,ANE,EN,Federal Contract Tower,0,10,13,1,24,0,2,68,4,74,0,12,81,5,98,56,8,64,162
02/01/2020,GON,CT,ANE,EN,Federal Contract Tower,0,2,4,0,6,0,0,0,0,0,0,2,4,0,6,0,0,0,6
02/02/2020,GON,CT,ANE,EN,Federal Contract Tower,0,2,8,1,11,0,2,71,1,74,0,4,79,2,85,96,2,98,183
02/03/2020,GON,CT,ANE,EN,Federal Contract Tower,0,1,18,3,22,0,3,72,0,75,0,4,90,3,97,82,0,82,179
02/04/2020,GON,CT,ANE,EN,Federal Contract Tower,0,0,12,0,12,0,2,33,0,35,0,2,45,0,47,62,0,62,109
02/05/2020,GON,CT,ANE,EN,Federal Contract Tower,0,2,12,1,15,0,1,44,2,47,0,3,56,3,62,70,2,72,134
02/06/2020,GON,CT,ANE,EN,Federal Contract Tower,0,5,5,0,10,0,0,0,0,0,0,5,5,0,10,0,0,0,10
02/07/2020,GON,CT,ANE,EN,Federal Contract Tower,0,1,5,0,6,0,0,0,0,0,0,1,5,0,6,0,0,0,6
02/08/2020,GON,CT,ANE,EN,Federal Contract Tower,0,0,9,0,9,0,2,58,3,63,0,2,67,3,72,66,0,66,138
02/09/2020,GON,CT,ANE,EN,Federal Contract Tower,0,2,8,0,10,0,0,77,2,79,0,2,85,2,89,48,0,48,137
02/10/2020,GON,CT,ANE,EN,Federal Contract Tower,0,2,20,3,25,0,0,11,1,12,0,2,31,4,37,4,10,14,51
02/11/2020,GON,CT,ANE,EN,Federal Contract Tower,0,0,14,0,14,0,0,0,0,0,0,0,14,0,14,0,0,0,14
02/12/2020,GON,CT,ANE,EN,Federal Contract Tower,0,0,36,0,36,0,1,75,0,76,0,1,111,0,112,56,0,56,168
02/13/2020,GON,CT,ANE,EN,Federal Contract Tower,0,0,12,2,14,0,0,0,0,0,0,0,12,2,14,0,0,0,14
02/14/2020,GON,CT,ANE,EN,Federal Contract Tower,0,5,18,0,23,0,0,49,0,49,0,5,67,0,72,30,0,30,102
02/15/2020,GON,CT,ANE,EN,Federal Contract Tower,0,1,6,1,8,0,2,108,2,112,0,3,114,3,120,142,0,142,262
02/16/2020,GON,CT,ANE,EN,Federal Contract Tower,0,0,11,0,11,0,0,76,4,80,0,0,87,4,91,106,0,106,197
02/17/2020,GON,CT,ANE,EN,Federal Contract Tower,0,1,17,0,18,0,0,143,0,143,0,1,160,0,161,108,0,108,269
02/18/2020,GON,CT,ANE,EN,Federal Contract Tower,0,0,26,0,26,0,0,6,0,6,0,0,32,0,32,0,0,0,32
02/19/2020,GON,CT,ANE,EN,Federal Contract Tower,0,0,23,0,23,0,0,78,0,78,0,0,101,0,101,74,0,74,175
02/20/2020,GON,CT,ANE,EN,Federal Contract Tower,0,2,9,2,13,0,0,71,0,71,0,2,80,2,84,56,0,56,140
02/21/2020,GON,CT,ANE,EN,Federal Contract Tower,0,3,17,2,22,0,0,69,6,75,0,3,86,8,97,50,4,54,151
02/22/2020,GON,CT,ANE,EN,Federal Contract Tower,0,8,2,0,10,0,0,87,6,93,0,8,89,6,103,156,0,156,259
02/23/2020,GON,CT,ANE,EN,Federal Contract Tower,0,2,18,1,21,0,0,128,5,133,0,2,146,6,154,134,0,134,288
02/24/2020,GON,CT,ANE,EN,Federal Contract Tower,0,0,12,2,14,0,0,123,2,125,0,0,135,4,139,84,0,84,223
02/25/2020,GON,CT,ANE,EN,Federal Contract Tower,0,0,13,4,17,0,1,36,4,41,0,1,49,8,58,38,0,38,96
02/26/2020,GON,CT,ANE,EN,Federal Contract Tower,0,0,24,1,25,0,0,48,0,48,0,0,72,1,73,26,0,26,99
02/27/2020,GON,CT,ANE,EN,Federal Contract Tower,0,0,11,2,13,0,0,2,0,2,0,0,13,2,15,0,0,0,15
02/28/2020,GON,CT,ANE,EN,Federal Contract Tower,0,0,24,0,24,0,0,35,5,40,0,0,59,5,64,12,0,12,76
02/29/2020,GON,CT,ANE,EN,Federal Contract Tower,0,1,10,0,11,0,0,89,3,92,0,1,99,3,103,134,0,134,237
03/01/2020,GON,CT,ANE,EN,Federal Contract Tower,0,0,16,2,18,0,0,95,10,105,0,0,111,12,123,72,2,74,197
03/02/2020,GON,CT,ANE,EN,Federal Contract Tower,0,0,16,0,16,0,2,86,5,93,0,2,102,5,109,52,0,52,161
03/03/2020,GON,CT,ANE,EN,Federal Contract Tower,0,1,26,3,30,0,0,49,5,54,0,1,75,8,84,36,2,38,122
03/04/2020,GON,CT,ANE,EN,Federal Contract Tower,0,1,22,1,24,0,0,41,5,46,0,1,63,6,70,10,0,10,80
03/05/2020,GON,CT,ANE,EN,Federal Contract Tower,0,1,22,4,27,0,0,95,15,110,0,1,117,19,137,52,30,82,219
03/06/2020,GON,CT,ANE,EN,Federal Contract Tower,0,5,16,0,21,0,0,24,7,31,0,5,40,7,52,12,0,12,64
03/07/2020,GON,CT,ANE,EN,Federal Contract Tower,0,0,5,0,5,0,0,53,0,53,0,0,58,0,58,8,0,8,66
03/08/2020,GON,CT,ANE,EN,Federal Contract Tower,0,1,7,0,8,0,1,111,2,114,0,2,118,2,122,102,0,102,224
03/09/2020,GON,CT,ANE,EN,Federal Contract Tower,0,3,12,0,15,0,0,91,0,91,0,3,103,0,106,104,0,104,210
03/10/2020,GON,CT,ANE,EN,Federal Contract Tower,0,1,14,7,22,0,0,34,4,38,0,1,48,11,60,60,12,72,132
03/11/2020,GON,CT,ANE,EN,Federal Contract Tower,0,1,18,4,23,0,0,90,8,98,0,1,108,12,121,76,10,86,207
03/12/2020,GON,CT,ANE,EN,Federal Contract Tower,0,5,14,2,21,0,2,59,0,61,0,7,73,2,82,12,0,12,94
03/13/2020,GON,CT,ANE,EN,Federal Contract Tower,0,6,5,0,11,0,0,7,0,7,0,6,12,0,18,2,0,2,20
03/14/2020,GON,CT,ANE,EN,Federal Contract Tower,0,4,5,2,11,0,0,69,2,71,0,4,74,4,82,30,0,30,112
03/15/2020,GON,CT,ANE,EN,Federal Contract Tower,0,5,12,0,17,0,1,101,0,102,0,6,113,0,119,148,0,148,267
03/16/2020,GON,CT,ANE,EN,Federal Contract Tower,0,2,12,0,14,0,1,91,6,98,0,3,103,6,112,84,10,94,206
03/17/2020,GON,CT,ANE,EN,Federal Contract Tower,0,0,8,4,12,0,0,1,0,1,0,0,9,4,13,0,0,0,13
03/18/2020,GON,CT,ANE,EN,Federal Contract Tower,0,3,26,3,32,0,0,120,4,124,0,3,146,7,156,114,2,116,272
03/19/2020,GON,CT,ANE,EN,Federal Contract Tower,0,2,2,0,4,0,0,0,0,0,0,2,2,0,4,0,0,0,4
03/20/2020,GON,CT,ANE,EN,Federal Contract Tower,0,1,6,0,7,0,0,0,0,0,0,1,6,0,7,0,0,0,7
03/21/2020,GON,CT,ANE,EN,Federal Contract Tower,0,1,11,0,12,0,0,81,0,81,0,1,92,0,93,98,0,98,191
03/22/2020,GON,CT,ANE,EN,Federal Contract Tower,0,3,17,0,20,0,0,89,4,93,0,3,106,4,113,68,0,68,181
03/23/2020,GON,CT,ANE,EN,Federal Contract Tower,0,0,0,0,0,0,0,10,2,12,0,0,10,2,12,12,0,12,24
03/24/2020,GON,CT,ANE,EN,Federal Contract Tower,0,0,7,3,10,0,0,25,13,38,0,0,32,16,48,26,8,34,82
03/25/2020,GON,CT,ANE,EN,Federal Contract Tower,0,0,3,1,4,0,0,10,1,11,0,0,13,2,15,24,0,24,39
03/26/2020,GON,CT,ANE,EN,Federal Contract Tower,0,0,2,1,3,0,0,55,7,62,0,0,57,8,65,70,8,78,143
03/27/2020,GON,CT,ANE,EN,Federal Contract Tower,0,0,3,0,3,0,0,49,0,49,0,0,52,0,52,30,0,30,82
03/28/2020,GON,CT,ANE,EN,Federal Contract Tower,0,0,10,0,10,0,0,63,0,63,0,0,73,0,73,60,0,60,133
03/29/2020,GON,CT,ANE,EN,Federal Contract Tower,0,0,4,0,4,0,0,0,0,0,0,0,4,0,4,0,0,0,4
03/30/2020,GON,CT,ANE,EN,Federal Contract Tower,0,0,7,4,11,0,0,24,4,28,0,0,31,8,39,34,16,50,89
03/31/2020,GON,CT,ANE,EN,Federal Contract Tower,0,0,12,0,12,0,0,44,2,46,0,0,56,2,58,28,0,28,86
04/01/2020,GON,CT,ANE,EN,Federal Contract Tower,0,0,4,3,7,0,0,35,5,40,0,0,39,8,47,4,26,30,77
04/02/2020,GON,CT,ANE,EN,Federal Contract Tower,0,0,0,0,0,0,0,2,2,4,0,0,2,2,4,0,0,0,4
04/03/2020,GON,CT,ANE,EN,Federal Contract Tower,0,0,2,0,2,0,0,0,0,0,0,0,2,0,2,0,0,0,2
04/04/2020,GON,CT,ANE,EN,Federal Contract Tower,0,0,4,0,4,0,0,38,0,38,0,0,42,0,42,40,0,40,82
04/05/2020,GON,CT,ANE,EN,Federal Contract Tower,0,0,19,0,19,0,0,28,0,28,0,0,47,0,47,68,0,68,115
04/06/2020,GON,CT,ANE,EN,Federal Contract Tower,0,0,9,0,9,0,1,59,7,67,0,1,68,7,76,70,0,70,146
04/07/2020,GON,CT,ANE,EN,Federal Contract Tower,0,0,3,0,3,0,0,83,2,85,0,0,86,2,88,64,0,64,152
04/08/2020,GON,CT,ANE,EN,Federal Contract Tower,0,0,10,0,10,0,0,18,0,18,0,0,28,0,28,52,0,52,80
04/09/2020,GON,CT,ANE,EN,Federal Contract Tower,0,0,3,0,3,0,0,0,0,0,0,0,3,0,3,0,0,0,3
04/10/2020,GON,CT,ANE,EN,Federal Contract Tower,0,0,1,1,2,0,0,2,2,4,0,0,3,3,6,0,0,0,6
04/11/2020,GON,CT,ANE,EN,Federal Contract Tower,0,0,5,0,5,0,0,29,0,29,0,0,34,0,34,4,0,4,38
04/12/2020,GON,CT,ANE,EN,Federal Contract Tower,0,1,7,0,8,0,1,45,0,46,0,2,52,0,54,60,2,62,116
04/13/2020,GON,CT,ANE,EN,Federal Contract Tower,0,0,0,0,0,0,0,0,0,0,0,0,0,0,0,0,0,0,0
04/14/2020,GON,CT,ANE,EN,Federal Contract Tower,0,2,3,0,5,0,0,37,4,41,0,2,40,4,46,54,2,56,102
04/15/2020,GON,CT,ANE,EN,Federal Contract Tower,0,0,5,1,6,0,0,27,2,29,0,0,32,3,35,26,18,44,79
04/16/2020,GON,CT,ANE,EN,Federal Contract Tower,0,1,7,0,8,0,0,25,7,32,0,1,32,7,40,4,12,16,56
04/17/2020,GON,CT,ANE,EN,Federal Contract Tower,0,3,3,0,6,0,0,27,0,27,0,3,30,0,33,14,0,14,47
04/18/2020,GON,CT,ANE,EN,Federal Contract Tower,0,0,0,0,0,0,0,0,0,0,0,0,0,0,0,0,0,0,0
04/19/2020,GON,CT,ANE,EN,Federal Contract Tower,0,0,15,0,15,0,0,56,1,57,0,0,71,1,72,8,0,8,80
04/20/2020,GON,CT,ANE,EN,Federal Contract Tower,0,0,2,0,2,0,0,58,0,58,0,0,60,0,60,28,0,28,88
04/21/2020,GON,CT,ANE,EN,Federal Contract Tower,0,0,0,0,0,0,0,3,0,3,0,0,3,0,3,0,0,0,3
04/22/2020,GON,CT,ANE,EN,Federal Contract Tower,0,0,0,0,0,0,0,12,4,16,0,0,12,4,16,4,12,16,32
04/23/2020,GON,CT,ANE,EN,Federal Contract Tower,0,0,6,0,6,0,0,68,5,73,0,0,74,5,79,40,22,62,141
04/24/2020,GON,CT,ANE,EN,Federal Contract Tower,0,1,7,0,8,0,0,3,0,3,0,1,10,0,11,2,0,2,13
04/25/2020,GON,CT,ANE,EN,Federal Contract Tower,0,1,6,0,7,0,0,121,0,121,0,1,127,0,128,106,0,106,234
04/26/2020,GON,CT,ANE,EN,Federal Contract Tower,0,1,2,0,3,0,0,4,0,4,0,1,6,0,7,34,0,34,41
04/27/2020,GON,CT,ANE,EN,Federal Contract Tower,0,0,4,0,4,0,0,1,0,1,0,0,5,0,5,0,0,0,5
04/28/2020,GON,CT,ANE,EN,Federal Contract Tower,0,0,0,0,0,0,0,3,0,3,0,0,3,0,3,0,0,0,3
04/29/2020,GON,CT,ANE,EN,Federal Contract Tower,0,0,0,0,0,0,0,1,4,5,0,0,1,4,5,0,0,0,5
04/30/2020,GON,CT,ANE,EN,Federal Contract Tower,0,0,0,0,0,0,0,0,0,0,0,0,0,0,0,0,0,0,0
05/01/2020,GON,CT,ANE,EN,Federal Contract Tower,0,0,0,0,0,0,0,0,0,0,0,0,0,0,0,0,0,0,0
05/02/2020,GON,CT,ANE,EN,Federal Contract Tower,0,0,15,0,15,0,0,49,0,49,0,0,64,0,64,66,2,68,132
05/03/2020,GON,CT,ANE,EN,Federal Contract Tower,0,1,13,0,14,0,0,101,12,113,0,1,114,12,127,46,8,54,181
05/04/2020,GON,CT,ANE,EN,Federal Contract Tower,0,2,9,0,11,0,0,63,0,63,0,2,72,0,74,74,0,74,148
05/05/2020,GON,CT,ANE,EN,Federal Contract Tower,0,5,11,2,18,0,0,72,27,99,0,5,83,29,117,42,4,46,163
05/06/2020,GON,CT,ANE,EN,Federal Contract Tower,0,1,15,0,16,0,0,22,2,24,0,1,37,2,40,44,12,56,96
05/07/2020,GON,CT,ANE,EN,Federal Contract Tower,0,2,9,4,15,0,0,51,6,57,0,2,60,10,72,40,28,68,140
05/08/2020,GON,CT,ANE,EN,Federal Contract Tower,0,0,10,0,10,0,3,40,0,43,0,3,50,0,53,58,0,58,111
05/09/2020,GON,CT,ANE,EN,Federal Contract Tower,0,2,2,0,4,0,0,0,0,0,0,2,2,0,4,0,0,0,4
05/10/2020,GON,CT,ANE,EN,Federal Contract Tower,0,0,2,0,2,0,2,25,0,27,0,2,27,0,29,12,0,12,41
05/11/2020,GON,CT,ANE,EN,Federal Contract Tower,0,2,5,0,7,0,0,34,0,34,0,2,39,0,41,16,0,16,57
05/12/2020,GON,CT,ANE,EN,Federal Contract Tower,0,3,3,0,6,0,0,68,4,72,0,3,71,4,78,58,12,70,148
05/13/2020,GON,CT,ANE,EN,Federal Contract Tower,0,0,0,0,0,0,0,1,8,9,0,0,1,8,9,0,0,0,9
05/14/2020,GON,CT,ANE,EN,Federal Contract Tower,0,1,10,7,18,0,6,83,9,98,0,7,93,16,116,66,12,78,194
05/15/2020,GON,CT,ANE,EN,Federal Contract Tower,0,2,11,0,13,0,0,33,0,33,0,2,44,0,46,4,4,8,54
05/16/2020,GON,CT,ANE,EN,Federal Contract Tower,0,1,15,0,16,0,1,69,4,74,0,2,84,4,90,78,26,104,194
05/17/2020,GON,CT,ANE,EN,Federal Contract Tower,0,3,10,0,13,0,0,63,0,63,0,3,73,0,76,96,0,96,172
05/18/2020,GON,CT,ANE,EN,Federal Contract Tower,0,4,7,0,11,0,6,36,4,46,0,10,43,4,57,50,0,50,107
05/19/2020,GON,CT,ANE,EN,Federal Contract Tower,0,2,3,0,5,0,1,9,6,16,0,3,12,6,21,0,10,10,31
05/20/2020,GON,CT,ANE,EN,Federal Contract Tower,0,6,5,2,13,0,3,73,9,85,0,9,78,11,98,102,2,104,202
05/21/2020,GON,CT,ANE,EN,Federal Contract Tower,0,6,9,2,17,0,1,98,8,107,0,7,107,10,124,64,10,74,198
05/22/2020,GON,CT,ANE,EN,Federal Contract Tower,0,4,9,0,13,0,1,46,0,47,0,5,55,0,60,56,2,58,118
05/23/2020,GON,CT,ANE,EN,Federal Contract Tower,0,2,22,0,24,0,0,3,0,3,0,2,25,0,27,0,0,0,27
05/24/2020,GON,CT,ANE,EN,Federal Contract Tower,0,3,12,0,15,0,0,63,0,63,0,3,75,0,78,92,0,92,170
05/25/2020,GON,CT,ANE,EN,Federal Contract Tower,0,3,30,0,33,0,2,9,0,11,0,5,39,0,44,38,0,38,82
05/26/2020,GON,CT,ANE,EN,Federal Contract Tower,0,2,16,5,23,0,0,35,19,54,0,2,51,24,77,42,2,44,121
05/27/2020,GON,CT,ANE,EN,Federal Contract Tower,0,1,21,2,24,0,0,29,10,39,0,1,50,12,63,44,0,44,107
05/28/2020,GON,CT,ANE,EN,Federal Contract Tower,0,4,16,0,20,0,1,7,0,8,0,5,23,0,28,0,0,0,28
05/29/2020,GON,CT,ANE,EN,Federal Contract Tower,0,0,10,0,10,0,0,0,0,0,0,0,10,0,10,4,0,4,14
05/30/2020,GON,CT,ANE,EN,Federal Contract Tower,0,0,12,0,12,0,1,51,2,54,0,1,63,2,66,38,0,38,104
05/31/2020,GON,CT,ANE,EN,Federal Contract Tower,0,1,11,1,13,0,0,79,1,80,0,1,90,2,93,68,0,68,161
06/01/2020,GON,CT,ANE,EN,Federal Contract Tower,0,4,13,0,17,0,0,73,2,75,0,4,86,2,92,30,6,36,128
06/02/2020,GON,CT,ANE,EN,Federal Contract Tower,0,3,9,0,12,0,0,72,4,76,0,3,81,4,88,84,10,94,182
06/03/2020,GON,CT,ANE,EN,Federal Contract Tower,0,1,11,0,12,0,0,50,4,54,0,1,61,4,66,48,2,50,116
06/04/2020,GON,CT,ANE,EN,Federal Contract Tower,0,7,14,0,21,0,2,78,10,90,0,9,92,10,111,40,16,56,167
06/05/2020,GON,CT,ANE,EN,Federal Contract Tower,0,2,11,3,16,0,4,54,2,60,0,6,65,5,76,64,0,64,140
06/06/2020,GON,CT,ANE,EN,Federal Contract Tower,0,1,32,0,33,0,0,20,2,22,0,1,52,2,55,30,6,36,91
06/07/2020,GON,CT,ANE,EN,Federal Contract Tower,0,2,18,1,21,0,2,69,1,72,0,4,87,2,93,36,0,36,129
06/08/2020,GON,CT,ANE,EN,Federal Contract Tower,0,2,13,0,15,0,0,107,4,111,0,2,120,4,126,64,14,78,204
06/09/2020,GON,CT,ANE,EN,Federal Contract Tower,0,1,10,1,12,0,1,93,0,94,0,2,103,1,106,92,8,100,206
06/10/2020,GON,CT,ANE,EN,Federal Contract Tower,0,2,23,0,25,0,3,51,8,62,0,5,74,8,87,66,18,84,171
06/11/2020,GON,CT,ANE,EN,Federal Contract Tower,0,2,24,2,28,0,0,8,0,8,0,2,32,2,36,18,0,18,54
06/12/2020,GON,CT,ANE,EN,Federal Contract Tower,0,5,27,3,35,0,4,83,3,90,0,9,110,6,125,78,8,86,211
06/13/2020,GON,CT,ANE,EN,Federal Contract Tower,0,7,23,0,30,0,0,91,1,92,0,7,114,1,122,62,0,62,184
06/14/2020,GON,CT,ANE,EN,Federal Contract Tower,0,2,17,0,19,0,2,114,3,119,0,4,131,3,138,116,0,116,254
06/15/2020,GON,CT,ANE,EN,Federal Contract Tower,0,12,17,0,29,0,5,77,15,97,0,17,94,15,126,50,0,50,176
06/16/2020,GON,CT,ANE,EN,Federal Contract Tower,0,3,27,2,32,0,2,96,3,101,0,5,123,5,133,82,8,90,223
06/17/2020,GON,CT,ANE,EN,Federal Contract Tower,0,2,17,0,19,0,2,76,8,86,0,4,93,8,105,72,8,80,185
06/18/2020,GON,CT,ANE,EN,Federal Contract Tower,0,5,33,2,40,0,1,12,8,21,0,6,45,10,61,4,0,4,65
06/19/2020,GON,CT,ANE,EN,Federal Contract Tower,0,5,15,0,20,0,1,81,6,88,0,6,96,6,108,112,0,112,220
06/20/2020,GON,CT,ANE,EN,Federal Contract Tower,0,3,17,0,20,0,0,86,0,86,0,3,103,0,106,120,0,120,226
06/21/2020,GON,CT,ANE,EN,Federal Contract Tower,0,3,12,0,15,0,0,75,2,77,0,3,87,2,92,142,4,146,238
06/22/2020,GON,CT,ANE,EN,Federal Contract Tower,0,5,22,0,27,0,3,76,0,79,0,8,98,0,106,50,0,50,156
06/23/2020,GON,CT,ANE,EN,Federal Contract Tower,0,14,12,2,28,0,0,51,0,51,0,14,63,2,79,38,0,38,117
06/24/2020,GON,CT,ANE,EN,Federal Contract Tower,0,11,18,0,29,0,3,51,0,54,0,14,69,0,83,94,0,94,177
06/25/2020,GON,CT,ANE,EN,Federal Contract Tower,0,8,18,0,26,0,1,98,1,100,0,9,116,1,126,50,4,54,180
06/26/2020,GON,CT,ANE,EN,Federal Contract Tower,0,3,18,0,21,0,5,118,8,131,0,8,136,8,152,78,2,80,232
06/27/2020,GON,CT,ANE,EN,Federal Contract Tower,0,1,10,0,11,0,1,48,0,49,0,2,58,0,60,40,0,40,100
06/28/2020,GON,CT,ANE,EN,Federal Contract Tower,0,5,22,0,27,0,2,60,0,62,0,7,82,0,89,90,0,90,179
06/29/2020,GON,CT,ANE,EN,Federal Contract Tower,0,1,25,2,28,0,1,34,1,36,0,2,59,3,64,98,6,104,168
06/30/2020,GON,CT,ANE,EN,Federal Contract Tower,0,4,18,7,29,0,2,28,0,30,0,6,46,7,59,48,0,48,107
07/01/2020,GON,CT,ANE,EN,Federal Contract Tower,0,4,26,2,32,0,4,27,3,34,0,8,53,5,66,24,8,32,98
07/02/2020,GON,CT,ANE,EN,Federal Contract Tower,0,4,35,0,39,0,4,114,0,118,0,8,149,0,157,54,0,54,211
07/03/2020,GON,CT,ANE,EN,Federal Contract Tower,0,2,21,0,23,0,3,33,4,40,0,5,54,4,63,26,0,26,89
07/04/2020,GON,CT,ANE,EN,Federal Contract Tower,0,2,14,0,16,0,2,36,5,43,0,4,50,5,59,4,0,4,63
07/05/2020,GON,CT,ANE,EN,Federal Contract Tower,0,8,22,0,30,0,2,62,1,65,0,10,84,1,95,64,0,64,159
07/06/2020,GON,CT,ANE,EN,Federal Contract Tower,0,4,20,1,25,0,1,76,2,79,0,5,96,3,104,68,0,68,172
07/07/2020,GON,CT,ANE,EN,Federal Contract Tower,0,3,29,2,34,0,0,4,0,4,0,3,33,2,38,0,0,0,38
07/08/2020,GON,CT,ANE,EN,Federal Contract Tower,0,2,29,3,34,0,0,49,5,54,0,2,78,8,88,74,14,88,176
07/09/2020,GON,CT,ANE,EN,Federal Contract Tower,0,4,36,6,46,0,3,87,10,100,0,7,123,16,146,56,0,56,202
07/10/2020,GON,CT,ANE,EN,Federal Contract Tower,0,5,15,1,21,0,1,3,0,4,0,6,18,1,25,0,0,0,25
07/11/2020,GON,CT,ANE,EN,Federal Contract Tower,0,1,39,2,42,0,0,10,0,10,0,1,49,2,52,0,0,0,52
07/12/2020,GON,CT,ANE,EN,Federal Contract Tower,0,2,12,0,14,0,9,105,1,115,0,11,117,1,129,118,4,122,251
07/13/2020,GON,CT,ANE,EN,Federal Contract Tower,0,5,16,0,21,0,2,89,4,95,0,7,105,4,116,110,0,110,226
07/14/2020,GON,CT,ANE,EN,Federal Contract Tower,0,2,18,3,23,0,1,83,4,88,0,3,101,7,111,62,2,64,175
07/15/2020,GON,CT,ANE,EN,Federal Contract Tower,0,5,32,4,41,0,0,83,5,88,0,5,115,9,129,92,0,92,221
07/16/2020,GON,CT,ANE,EN,Federal Contract Tower,0,9,26,1,36,0,3,109,7,119,0,12,135,8,155,98,0,98,253
07/17/2020,GON,CT,ANE,EN,Federal Contract Tower,0,2,27,0,29,0,0,18,1,19,0,2,45,1,48,26,14,40,88
07/18/2020,GON,CT,ANE,EN,Federal Contract Tower,0,2,12,0,14,0,1,98,0,99,0,3,110,0,113,92,0,92,205
07/19/2020,GON,CT,ANE,EN,Federal Contract Tower,0,6,26,0,32,0,2,80,0,82,0,8,106,0,114,82,0,82,196
07/20/2020,GON,CT,ANE,EN,Federal Contract Tower,0,4,38,0,42,0,1,49,0,50,0,5,87,0,92,36,0,36,128
07/21/2020,GON,CT,ANE,EN,Federal Contract Tower,0,6,12,6,24,0,0,128,2,130,0,6,140,8,154,70,8,78,232
07/22/2020,GON,CT,ANE,EN,Federal Contract Tower,0,7,22,1,30,0,0,47,0,47,0,7,69,1,77,44,8,52,129
07/23/2020,GON,CT,ANE,EN,Federal Contract Tower,0,9,23,0,32,0,0,50,1,51,0,9,73,1,83,42,4,46,129
07/24/2020,GON,CT,ANE,EN,Federal Contract Tower,0,5,20,3,28,0,3,76,4,83,0,8,96,7,111,108,0,108,219
07/25/2020,GON,CT,ANE,EN,Federal Contract Tower,0,1,33,1,35,0,1,112,4,117,0,2,145,5,152,50,4,54,206
07/26/2020,GON,CT,ANE,EN,Federal Contract Tower,0,5,17,2,24,0,2,89,5,96,0,7,106,7,120,80,2,82,202
07/27/2020,GON,CT,ANE,EN,Federal Contract Tower,0,2,16,2,20,0,1,88,0,89,0,3,104,2,109,64,0,64,173
07/28/2020,GON,CT,ANE,EN,Federal Contract Tower,0,2,16,0,18,0,4,60,4,68,0,6,76,4,86,66,4,70,156
07/29/2020,GON,CT,ANE,EN,Federal Contract Tower,0,5,25,2,32,0,1,107,3,111,0,6,132,5,143,92,2,94,237
07/30/2020,GON,CT,ANE,EN,Federal Contract Tower,0,6,17,0,23,0,2,59,6,67,0,8,76,6,90,36,0,36,126
07/31/2020,GON,CT,ANE,EN,Federal Contract Tower,0,7,32,3,42,0,4,30,3,37,0,11,62,6,79,38,0,38,117
08/01/2020,GON,CT,ANE,EN,Federal Contract Tower,0,6,12,0,18,0,2,117,2,121,0,8,129,2,139,82,0,82,221
08/02/2020,GON,CT,ANE,EN,Federal Contract Tower,0,2,24,0,26,0,5,40,2,47,0,7,64,2,73,48,0,48,121
08/03/2020,GON,CT,ANE,EN,Federal Contract Tower,0,6,30,3,39,0,5,96,1,102,0,11,126,4,141,40,0,40,181
08/04/2020,GON,CT,ANE,EN,Federal Contract Tower,0,3,6,0,9,0,0,0,0,0,0,3,6,0,9,0,0,0,9
08/05/2020,GON,CT,ANE,EN,Federal Contract Tower,0,2,15,4,21,0,2,57,3,62,0,4,72,7,83,48,2,50,133
08/06/2020,GON,CT,ANE,EN,Federal Contract Tower,0,5,26,0,31,0,4,80,5,89,0,9,106,5,120,104,0,104,224
08/07/2020,GON,CT,ANE,EN,Federal Contract Tower,0,9,24,1,34,0,4,44,0,48,0,13,68,1,82,80,0,80,162
08/08/2020,GON,CT,ANE,EN,Federal Contract Tower,0,2,25,0,27,0,1,57,12,70,0,3,82,12,97,66,0,66,163
08/09/2020,GON,CT,ANE,EN,Federal Contract Tower,0,6,18,2,26,0,3,81,7,91,0,9,99,9,117,50,0,50,167
08/10/2020,GON,CT,ANE,EN,Federal Contract Tower,0,9,19,0,28,0,4,100,1,105,0,13,119,1,133,62,0,62,195
08/11/2020,GON,CT,ANE,EN,Federal Contract Tower,0,11,18,2,31,0,5,68,0,73,0,16,86,2,104,30,0,30,134
08/12/2020,GON,CT,ANE,EN,Federal Contract Tower,0,5,15,2,22,0,2,49,2,53,0,7,64,4,75,16,0,16,91
08/13/2020,GON,CT,ANE,EN,Federal Contract Tower,0,6,17,1,24,0,2,45,2,49,0,8,62,3,73,22,0,22,95
08/14/2020,GON,CT,ANE,EN,Federal Contract Tower,0,10,18,0,28,0,4,78,3,85,0,14,96,3,113,48,0,48,161
08/15/2020,GON,CT,ANE,EN,Federal Contract Tower,0,8,22,2,32,0,1,55,7,63,0,9,77,9,95,28,0,28,123
08/16/2020,GON,CT,ANE,EN,Federal Contract Tower,0,9,40,4,53,0,1,24,0,25,0,10,64,4,78,56,0,56,134
08/17/2020,GON,CT,ANE,EN,Federal Contract Tower,0,7,18,0,25,0,2,85,2,89,0,9,103,2,114,74,0,74,188
08/18/2020,GON,CT,ANE,EN,Federal Contract Tower,0,7,21,0,28,0,3,98,0,101,0,10,119,0,129,62,0,62,191
08/19/2020,GON,CT,ANE,EN,Federal Contract Tower,0,8,12,0,20,0,2,39,2,43,0,10,51,2,63,62,0,62,125
08/20/2020,GON,CT,ANE,EN,Federal Contract Tower,0,5,30,1,36,0,4,99,3,106,0,9,129,4,142,56,2,58,200
08/21/2020,GON,CT,ANE,EN,Federal Contract Tower,0,8,16,4,28,0,5,122,4,131,0,13,138,8,159,116,0,116,275
08/22/2020,GON,CT,ANE,EN,Federal Contract Tower,0,15,15,0,30,0,1,60,2,63,0,16,75,2,93,60,0,60,153
08/23/2020,GON,CT,ANE,EN,Federal Contract Tower,0,6,16,1,23,0,4,82,4,90,0,10,98,5,113,66,2,68,181
08/24/2020,GON,CT,ANE,EN,Federal Contract Tower,0,2,28,0,30,0,1,32,0,33,0,3,60,0,63,40,0,40,103
08/25/2020,GON,CT,ANE,EN,Federal Contract Tower,0,6,20,0,26,0,4,60,9,73,0,10,80,9,99,50,0,50,149
08/26/2020,GON,CT,ANE,EN,Federal Contract Tower,0,4,24,5,33,0,3,117,7,127,0,7,141,12,160,76,14,90,250
08/27/2020,GON,CT,ANE,EN,Federal Contract Tower,0,6,15,0,21,0,4,25,0,29,0,10,40,0,50,32,0,32,82
08/28/2020,GON,CT,ANE,EN,Federal Contract Tower,0,4,31,0,35,0,6,88,4,98,0,10,119,4,133,92,0,92,225
08/29/2020,GON,CT,ANE,EN,Federal Contract Tower,0,0,10,0,10,0,0,7,0,7,0,0,17,0,17,0,0,0,17
08/30/2020,GON,CT,ANE,EN,Federal Contract Tower,0,6,14,1,21,0,1,95,3,99,0,7,109,4,120,68,0,68,188
08/31/2020,GON,CT,ANE,EN,Federal Contract Tower,0,8,23,2,33,0,0,100,2,102,0,8,123,4,135,70,0,70,205
09/01/2020,GON,CT,ANE,EN,Federal Contract Tower,0,3,18,6,27,0,3,55,2,60,0,6,73,8,87,42,0,42,129
09/02/2020,GON,CT,ANE,EN,Federal Contract Tower,0,8,23,0,31,0,0,0,0,0,0,8,23,0,31,0,0,0,31
09/03/2020,GON,CT,ANE,EN,Federal Contract Tower,0,3,20,1,24,0,1,61,4,66,0,4,81,5,90,74,8,82,172
09/04/2020,GON,CT,ANE,EN,Federal Contract Tower,0,2,22,1,25,0,3,120,2,125,0,5,142,3,150,106,2,108,258
09/05/2020,GON,CT,ANE,EN,Federal Contract Tower,0,1,20,0,21,0,3,115,0,118,0,4,135,0,139,102,0,102,241
09/06/2020,GON,CT,ANE,EN,Federal Contract Tower,0,9,11,0,20,0,2,90,1,93,0,11,101,1,113,74,0,74,187
09/07/2020,GON,CT,ANE,EN,Federal Contract Tower,0,3,11,0,14,0,10,79,0,89,0,13,90,0,103,48,2,50,153
09/08/2020,GON,CT,ANE,EN,Federal Contract Tower,0,12,30,0,42,0,0,52,6,58,0,12,82,6,100,30,0,30,130
09/09/2020,GON,CT,ANE,EN,Federal Contract Tower,0,5,28,1,34,0,1,50,3,54,0,6,78,4,88,24,0,24,112
09/10/2020,GON,CT,ANE,EN,Federal Contract Tower,0,4,18,0,22,0,0,6,0,6,0,4,24,0,28,16,0,16,44
09/11/2020,GON,CT,ANE,EN,Federal Contract Tower,0,4,30,0,34,0,3,44,5,52,0,7,74,5,86,50,12,62,148
09/12/2020,GON,CT,ANE,EN,Federal Contract Tower,0,8,14,4,26,0,0,84,9,93,0,8,98,13,119,54,8,62,181
09/13/2020,GON,CT,ANE,EN,Federal Contract Tower,0,4,16,0,20,0,0,64,3,67,0,4,80,3,87,62,0,62,149
09/14/2020,GON,CT,ANE,EN,Federal Contract Tower,0,2,13,0,15,0,2,73,2,77,0,4,86,2,92,46,0,46,138
09/15/2020,GON,CT,ANE,EN,Federal Contract Tower,0,7,15,0,22,0,3,103,3,109,0,10,118,3,131,76,2,78,209
09/16/2020,GON,CT,ANE,EN,Federal Contract Tower,0,10,18,4,32,0,2,63,5,70,0,12,81,9,102,94,2,96,198
09/17/2020,GON,CT,ANE,EN,Federal Contract Tower,0,4,27,1,32,0,2,50,2,54,0,6,77,3,86,56,0,56,142
09/18/2020,GON,CT,ANE,EN,Federal Contract Tower,0,10,15,2,27,0,0,27,2,29,0,10,42,4,56,34,0,34,90
09/19/2020,GON,CT,ANE,EN,Federal Contract Tower,0,6,11,0,17,0,0,80,3,83,0,6,91,3,100,70,2,72,172
09/20/2020,GON,CT,ANE,EN,Federal Contract Tower,0,2,8,1,11,0,1,63,9,73,0,3,71,10,84,50,0,50,134
09/21/2020,GON,CT,ANE,EN,Federal Contract Tower,0,7,17,2,26,0,1,68,0,69,0,8,85,2,95,72,4,76,171
09/22/2020,GON,CT,ANE,EN,Federal Contract Tower,0,3,8,0,11,0,0,34,1,35,0,3,42,1,46,64,18,82,128
09/23/2020,GON,CT,ANE,EN,Federal Contract Tower,0,11,5,1,17,0,0,65,2,67,0,11,70,3,84,92,0,92,176
09/24/2020,GON,CT,ANE,EN,Federal Contract Tower,0,3,8,3,14,0,1,92,4,97,0,4,100,7,111,98,8,106,217
09/25/2020,GON,CT,ANE,EN,Federal Contract Tower,0,13,24,0,37,0,1,81,2,84,0,14,105,2,121,60,0,60,181
09/26/2020,GON,CT,ANE,EN,Federal Contract Tower,0,5,31,0,36,0,8,56,0,64,0,13,87,0,100,82,0,82,182
09/27/2020,GON,CT,ANE,EN,Federal Contract Tower,0,6,29,0,35,0,0,9,2,11,0,6,38,2,46,6,0,6,52
09/28/2020,GON,CT,ANE,EN,Federal Contract Tower,0,2,28,0,30,0,0,10,0,10,0,2,38,0,40,2,0,2,42
09/29/2020,GON,CT,ANE,EN,Federal Contract Tower,0,3,31,0,34,0,0,30,2,32,0,3,61,2,66,60,22,82,148
09/30/2020,GON,CT,ANE,EN,Federal Contract Tower,0,5,10,0,15,0,1,17,0,18,0,6,27,0,33,2,0,2,35
10/01/2020,GON,CT,ANE,EN,Federal Contract Tower,0,1,21,0,22,0,3,98,2,103,0,4,119,2,125,82,0,82,207
10/02/2020,GON,CT,ANE,EN,Federal Contract Tower,0,2,32,0,34,0,3,69,3,75,0,5,101,3,109,68,10,78,187
10/03/2020,GON,CT,ANE,EN,Federal Contract Tower,0,2,8,0,10,0,0,91,0,91,0,2,99,0,101,46,0,46,147
10/04/2020,GON,CT,ANE,EN,Federal Contract Tower,0,9,12,0,21,0,2,107,0,109,0,11,119,0,130,136,0,136,266
10/05/2020,GON,CT,ANE,EN,Federal Contract Tower,0,1,17,0,18,0,0,24,0,24,0,1,41,0,42,30,0,30,72
10/06/2020,GON,CT,ANE,EN,Federal Contract Tower,0,2,22,0,24,0,0,44,2,46,0,2,66,2,70,36,0,36,106
10/07/2020,GON,CT,ANE,EN,Federal Contract Tower,0,4,21,1,26,0,0,29,3,32,0,4,50,4,58,50,6,56,114
10/08/2020,GON,CT,ANE,EN,Federal Contract Tower,0,7,25,3,35,0,2,72,2,76,0,9,97,5,111,94,2,96,207
10/09/2020,GON,CT,ANE,EN,Federal Contract Tower,0,7,30,0,37,0,5,94,1,100,0,12,124,1,137,78,0,78,215
10/10/2020,GON,CT,ANE,EN,Federal Contract Tower,0,3,10,0,13,0,1,30,0,31,0,4,40,0,44,4,0,4,48
10/11/2020,GON,CT,ANE,EN,Federal Contract Tower,0,10,15,0,25,0,2,81,0,83,0,12,96,0,108,84,0,84,192
10/12/2020,GON,CT,ANE,EN,Federal Contract Tower,0,2,17,0,19,0,0,12,0,12,0,2,29,0,31,16,0,16,47
10/13/2020,GON,CT,ANE,EN,Federal Contract Tower,0,4,23,0,27,0,0,0,0,0,0,4,23,0,27,0,0,0,27
10/14/2020,GON,CT,ANE,EN,Federal Contract Tower,0,8,8,8,24,0,0,97,4,101,0,8,105,12,125,100,16,116,241
10/15/2020,GON,CT,ANE,EN,Federal Contract Tower,0,1,5,6,12,0,0,74,7,81,0,1,79,13,93,108,4,112,205
10/16/2020,GON,CT,ANE,EN,Federal Contract Tower,0,4,20,2,26,0,0,11,0,11,0,4,31,2,37,18,0,18,55
10/17/2020,GON,CT,ANE,EN,Federal Contract Tower,0,8,16,2,26,0,1,52,1,54,0,9,68,3,80,60,8,68,148
10/18/2020,GON,CT,ANE,EN,Federal Contract Tower,0,3,21,0,24,0,1,113,3,117,0,4,134,3,141,70,6,76,217
10/19/2020,GON,CT,ANE,EN,Federal Contract Tower,0,3,29,0,32,0,1,88,0,89,0,4,117,0,121,114,0,114,235
10/20/2020,GON,CT,ANE,EN,Federal Contract Tower,0,4,25,2,31,0,0,0,0,0,0,4,25,2,31,0,0,0,31
10/21/2020,GON,CT,ANE,EN,Federal Contract Tower,0,1,33,5,39,0,0,0,0,0,0,1,33,5,39,0,0,0,39
10/22/2020,GON,CT,ANE,EN,Federal Contract Tower,0,5,23,2,30,0,1,30,1,32,0,6,53,3,62,14,4,18,80
10/23/2020,GON,CT,ANE,EN,Federal Contract Tower,0,4,41,1,46,0,0,35,0,35,0,4,76,1,81,64,2,66,147
10/24/2020,GON,CT,ANE,EN,Federal Contract Tower,0,2,63,2,67,0,0,16,0,16,0,2,79,2,83,24,0,24,107
10/25/2020,GON,CT,ANE,EN,Federal Contract Tower,0,3,32,0,35,0,0,99,6,105,0,3,131,6,140,164,0,164,304
10/26/2020,GON,CT,ANE,EN,Federal Contract Tower,0,2,22,1,25,0,1,9,0,10,0,3,31,1,35,38,0,38,73
10/27/2020,GON,CT,ANE,EN,Federal Contract Tower,0,3,34,7,44,0,0,39,1,40,0,3,73,8,84,70,4,74,158
10/28/2020,GON,CT,ANE,EN,Federal Contract Tower,0,8,10,0,18,0,0,20,0,20,0,8,30,0,38,0,0,0,38
10/29/2020,GON,CT,ANE,EN,Federal Contract Tower,0,4,26,0,30,0,0,4,0,4,0,4,30,0,34,0,0,0,34
10/30/2020,GON,CT,ANE,EN,Federal Contract Tower,0,3,12,0,15,0,0,4,0,4,0,3,16,0,19,0,0,0,19
10/31/2020,GON,CT,ANE,EN,Federal Contract Tower,0,5,26,0,31,0,3,110,0,113,0,8,136,0,144,110,0,110,254
11/01/2020,GON,CT,ANE,EN,Federal Contract Tower,0,2,20,0,22,0,1,29,0,30,0,3,49,0,52,72,0,72,124
11/02/2020,GON,CT,ANE,EN,Federal Contract Tower,0,1,9,2,12,0,2,5,0,7,0,3,14,2,19,2,0,2,21
11/03/2020,GON,CT,ANE,EN,Federal Contract Tower,0,0,11,2,13,0,0,28,4,32,0,0,39,6,45,10,2,12,57
11/04/2020,GON,CT,ANE,EN,Federal Contract Tower,0,1,24,2,27,0,0,70,2,72,0,1,94,4,99,58,0,58,157
11/05/2020,GON,CT,ANE,EN,Federal Contract Tower,0,1,27,8,36,0,0,48,14,62,0,1,75,22,98,32,6,38,136
11/06/2020,GON,CT,ANE,EN,Federal Contract Tower,0,0,22,0,22,0,0,76,4,80,0,0,98,4,102,94,0,94,196
11/07/2020,GON,CT,ANE,EN,Federal Contract Tower,0,3,10,3,16,0,0,130,4,134,0,3,140,7,150,72,2,74,224
11/08/2020,GON,CT,ANE,EN,Federal Contract Tower,0,3,14,2,19,0,0,101,2,103,0,3,115,4,122,80,0,80,202
11/09/2020,GON,CT,ANE,EN,Federal Contract Tower,0,2,16,2,20,0,1,98,2,101,0,3,114,4,121,68,0,68,189
11/10/2020,GON,CT,ANE,EN,Federal Contract Tower,0,1,22,0,23,0,0,51,2,53,0,1,73,2,76,34,2,36,112
11/11/2020,GON,CT,ANE,EN,Federal Contract Tower,0,8,11,0,19,0,0,21,2,23,0,8,32,2,42,36,0,36,78
11/12/2020,GON,CT,ANE,EN,Federal Contract Tower,0,4,12,0,16,0,0,11,0,11,0,4,23,0,27,20,0,20,47
11/13/2020,GON,CT,ANE,EN,Federal Contract Tower,0,4,20,0,24,0,0,3,0,3,0,4,23,0,27,12,0,12,39
11/14/2020,GON,CT,ANE,EN,Federal Contract Tower,0,4,24,1,29,0,1,116,4,121,0,5,140,5,150,76,0,76,226
11/15/2020,GON,CT,ANE,EN,Federal Contract Tower,0,6,9,0,15,0,0,45,0,45,0,6,54,0,60,84,0,84,144
11/16/2020,GON,CT,ANE,EN,Federal Contract Tower,0,5,12,2,19,0,0,47,5,52,0,5,59,7,71,24,2,26,97
11/17/2020,GON,CT,ANE,EN,Federal Contract Tower,0,3,9,0,12,0,0,24,6,30,0,3,33,6,42,22,2,24,66
11/18/2020,GON,CT,ANE,EN,Federal Contract Tower,0,3,21,0,24,0,0,83,6,89,0,3,104,6,113,28,0,28,141
11/19/2020,GON,CT,ANE,EN,Federal Contract Tower,0,5,12,0,17,0,0,62,2,64,0,5,74,2,81,46,4,50,131
11/20/2020,GON,CT,ANE,EN,Federal Contract Tower,0,4,20,2,26,0,0,70,5,75,0,4,90,7,101,48,4,52,153
11/21/2020,GON,CT,ANE,EN,Federal Contract Tower,0,4,25,1,30,0,2,113,6,121,0,6,138,7,151,80,12,92,243
11/22/2020,GON,CT,ANE,EN,Federal Contract Tower,0,6,26,2,34,0,0,33,0,33,0,6,59,2,67,50,0,50,117
11/23/2020,GON,CT,ANE,EN,Federal Contract Tower,0,5,10,0,15,0,0,14,0,14,0,5,24,0,29,0,0,0,29
11/24/2020,GON,CT,ANE,EN,Federal Contract Tower,0,0,17,1,18,0,2,89,0,91,0,2,106,1,109,48,0,48,157
11/25/2020,GON,CT,ANE,EN,Federal Contract Tower,0,1,11,1,13,0,0,45,5,50,0,1,56,6,63,34,8,42,105
11/26/2020,GON,CT,ANE,EN,Federal Contract Tower,0,4,0,0,4,0,0,0,0,0,0,4,0,0,4,0,0,0,4
11/27/2020,GON,CT,ANE,EN,Federal Contract Tower,0,7,9,0,16,0,2,52,0,54,0,9,61,0,70,50,0,50,120
11/28/2020,GON,CT,ANE,EN,Federal Contract Tower,0,2,13,1,16,0,0,110,0,110,0,2,123,1,126,72,0,72,198
11/29/2020,GON,CT,ANE,EN,Federal Contract Tower,0,5,13,0,18,0,0,119,0,119,0,5,132,0,137,44,0,44,181
11/30/2020,GON,CT,ANE,EN,Federal Contract Tower,0,0,10,0,10,0,0,10,0,10,0,0,20,0,20,6,0,6,26
12/01/2020,GON,CT,ANE,EN,Federal Contract Tower,0,1,9,0,10,0,0,20,0,20,0,1,29,0,30,66,0,66,96
12/02/2020,GON,CT,ANE,EN,Federal Contract Tower,0,3,5,2,10,0,0,37,2,39,0,3,42,4,49,18,0,18,67
12/03/2020,GON,CT,ANE,EN,Federal Contract Tower,0,1,9,2,12,0,1,112,8,121,0,2,121,10,133,88,4,92,225
12/04/2020,GON,CT,ANE,EN,Federal Contract Tower,0,2,15,0,17,0,0,55,0,55,0,2,70,0,72,72,2,74,146
12/05/2020,GON,CT,ANE,EN,Federal Contract Tower,0,0,0,0,0,0,0,0,0,0,0,0,0,0,0,0,0,0,0
12/06/2020,GON,CT,ANE,EN,Federal Contract Tower,0,2,5,0,7,0,0,59,0,59,0,2,64,0,66,96,0,96,162
12/07/2020,GON,CT,ANE,EN,Federal Contract Tower,0,4,6,0,10,0,0,88,0,88,0,4,94,0,98,18,0,18,116
12/08/2020,GON,CT,ANE,EN,Federal Contract Tower,0,3,9,0,12,0,1,39,2,42,0,4,48,2,54,36,4,40,94
12/09/2020,GON,CT,ANE,EN,Federal Contract Tower,0,0,11,5,16,0,0,33,4,37,0,0,44,9,53,38,4,42,95
12/10/2020,GON,CT,ANE,EN,Federal Contract Tower,0,2,7,2,11,0,1,81,6,88,0,3,88,8,99,104,6,110,209
12/11/2020,GON,CT,ANE,EN,Federal Contract Tower,0,0,16,2,18,0,2,98,4,104,0,2,114,6,122,66,0,66,188
12/12/2020,GON,CT,ANE,EN,Federal Contract Tower,0,0,13,0,13,0,0,0,0,0,0,0,13,0,13,0,0,0,13
12/13/2020,GON,CT,ANE,EN,Federal Contract Tower,0,2,10,0,12,0,0,103,2,105,0,2,113,2,117,144,0,144,261
12/14/2020,GON,CT,ANE,EN,Federal Contract Tower,0,2,9,0,11,0,0,14,0,14,0,2,23,0,25,46,0,46,71
12/15/2020,GON,CT,ANE,EN,Federal Contract Tower,0,1,8,1,10,0,0,60,0,60,0,1,68,1,70,60,0,60,130
12/16/2020,GON,CT,ANE,EN,Federal Contract Tower,0,3,6,2,11,0,0,37,3,40,0,3,43,5,51,44,4,48,99
12/17/2020,GON,CT,ANE,EN,Federal Contract Tower,0,0,0,0,0,0,0,0,0,0,0,0,0,0,0,0,0,0,0
12/18/2020,GON,CT,ANE,EN,Federal Contract Tower,0,0,8,0,8,0,0,9,5,14,0,0,17,5,22,4,0,4,26
12/19/2020,GON,CT,ANE,EN,Federal Contract Tower,0,1,20,0,21,0,2,94,0,96,0,3,114,0,117,44,0,44,161
12/20/2020,GON,CT,ANE,EN,Federal Contract Tower,0,3,7,0,10,0,0,34,3,37,0,3,41,3,47,60,0,60,107
12/21/2020,GON,CT,ANE,EN,Federal Contract Tower,0,5,12,0,17,0,0,19,0,19,0,5,31,0,36,68,0,68,104
12/22/2020,GON,CT,ANE,EN,Federal Contract Tower,0,4,8,1,13,0,2,65,4,71,0,6,73,5,84,46,2,48,132
12/23/2020,GON,CT,ANE,EN,Federal Contract Tower,0,2,13,0,15,0,3,101,2,106,0,5,114,2,121,68,18,86,207
12/24/2020,GON,CT,ANE,EN,Federal Contract Tower,0,4,5,0,9,0,0,13,0,13,0,4,18,0,22,28,0,28,50
12/25/2020,GON,CT,ANE,EN,Federal Contract Tower,0,1,1,0,2,0,0,1,0,1,0,1,2,0,3,0,0,0,3
12/26/2020,GON,CT,ANE,EN,Federal Contract Tower,0,2,4,0,6,0,0,39,0,39,0,2,43,0,45,44,0,44,89
12/27/2020,GON,CT,ANE,EN,Federal Contract Tower,0,1,20,0,21,0,0,127,6,133,0,1,147,6,154,102,4,106,260
12/28/2020,GON,CT,ANE,EN,Federal Contract Tower,0,3,8,0,11,0,0,59,4,63,0,3,67,4,74,78,0,78,152
12/29/2020,GON,CT,ANE,EN,Federal Contract Tower,0,6,8,0,14,0,0,45,0,45,0,6,53,0,59,30,0,30,89
12/31/2020,GON,CT,ANE,EN,Federal Contract Tower,0,1,3,0,4,0,0,19,0,19,0,1,22,0,23,26,0,26,49
01/01/2021,GON,CT,ANE,EN,Federal Contract Tower,0,2,8,0,10,0,2,45,0,47,0,4,53,0,57,20,0,20,77
01/02/2021,GON,CT,ANE,EN,Federal Contract Tower,0,2,8,0,10,0,0,20,0,20,0,2,28,0,30,2,0,2,32
01/03/2021,GON,CT,ANE,EN,Federal Contract Tower,0,2,3,0,5,0,0,42,0,42,0,2,45,0,47,64,0,64,111
01/04/2021,GON,CT,ANE,EN,Federal Contract Tower,0,1,14,0,15,0,1,36,2,39,0,2,50,2,54,24,0,24,78
01/05/2021,GON,CT,ANE,EN,Federal Contract Tower,0,1,21,8,30,0,1,42,6,49,0,2,63,14,79,58,0,58,137
01/06/2021,GON,CT,ANE,EN,Federal Contract Tower,0,3,5,0,8,0,0,87,9,96,0,3,92,9,104,71,10,81,185
01/07/2021,GON,CT,ANE,EN,Federal Contract Tower,0,6,19,8,33,0,1,59,6,66,0,7,78,14,99,28,4,32,131
01/08/2021,GON,CT,ANE,EN,Federal Contract Tower,0,2,12,2,16,0,0,85,2,87,0,2,97,4,103,70,0,70,173
01/09/2021,GON,CT,ANE,EN,Federal Contract Tower,0,1,12,0,13,0,0,73,1,74,0,1,85,1,87,56,0,56,143
01/10/2021,GON,CT,ANE,EN,Federal Contract Tower,0,5,15,0,20,0,2,134,4,140,0,7,149,4,160,58,0,58,218
01/11/2021,GON,CT,ANE,EN,Federal Contract Tower,0,0,13,3,16,0,0,86,2,88,0,0,99,5,104,36,8,44,148
01/12/2021,GON,CT,ANE,EN,Federal Contract Tower,0,4,10,0,14,0,2,80,2,84,0,6,90,2,98,88,2,90,188
01/13/2021,GON,CT,ANE,EN,Federal Contract Tower,0,4,6,3,13,0,0,80,10,90,0,4,86,13,103,56,14,70,173
01/14/2021,GON,CT,ANE,EN,Federal Contract Tower,0,4,15,4,23,0,2,50,6,58,0,6,65,10,81,84,2,86,167
01/15/2021,GON,CT,ANE,EN,Federal Contract Tower,0,4,24,9,37,0,0,26,0,26,0,4,50,9,63,32,0,32,95
01/16/2021,GON,CT,ANE,EN,Federal Contract Tower,0,1,8,0,9,0,0,8,0,8,0,1,16,0,17,32,0,32,49
01/17/2021,GON,CT,ANE,EN,Federal Contract Tower,0,1,9,0,10,0,0,30,0,30,0,1,39,0,40,14,0,14,54
01/18/2021,GON,CT,ANE,EN,Federal Contract Tower,0,5,15,0,20,0,0,84,0,84,0,5,99,0,104,52,0,52,156
01/19/2021,GON,CT,ANE,EN,Federal Contract Tower,0,5,14,2,21,0,2,53,7,62,0,7,67,9,83,124,10,134,217
01/20/2021,GON,CT,ANE,EN,Federal Contract Tower,0,2,1,0,3,0,0,36,4,40,0,2,37,4,43,20,10,30,73
01/21/2021,GON,CT,ANE,EN,Federal Contract Tower,0,8,13,7,28,0,0,60,5,65,0,8,73,12,93,50,0,50,143
01/22/2021,GON,CT,ANE,EN,Federal Contract Tower,0,6,20,0,26,0,0,73,4,77,0,6,93,4,103,82,0,82,185
01/23/2021,GON,CT,ANE,EN,Federal Contract Tower,0,0,5,0,5,0,1,17,0,18,0,1,22,0,23,0,0,0,23
01/24/2021,GON,CT,ANE,EN,Federal Contract Tower,0,1,11,0,12,0,0,50,0,50,0,1,61,0,62,44,0,44,106
01/25/2021,GON,CT,ANE,EN,Federal Contract Tower,0,1,12,4,17,0,0,91,2,93,0,1,103,6,110,56,0,56,166
01/26/2021,GON,CT,ANE,EN,Federal Contract Tower,0,0,11,0,11,0,0,31,0,31,0,0,42,0,42,44,0,44,86
01/27/2021,GON,CT,ANE,EN,Federal Contract Tower,0,7,10,0,17,0,0,26,0,26,0,7,36,0,43,46,0,46,89
01/28/2021,GON,CT,ANE,EN,Federal Contract Tower,0,3,7,0,10,0,1,22,0,23,0,4,29,0,33,4,2,6,39
01/29/2021,GON,CT,ANE,EN,Federal Contract Tower,0,1,9,2,12,0,0,6,0,6,0,1,15,2,18,0,0,0,18
01/30/2021,GON,CT,ANE,EN,Federal Contract Tower,0,8,23,0,31,0,0,61,0,61,0,8,84,0,92,90,2,92,184
01/31/2021,GON,CT,ANE,EN,Federal Contract Tower,0,2,16,0,18,0,2,67,6,75,0,4,83,6,93,64,12,76,169
02/01/2021,GON,CT,ANE,EN,Federal Contract Tower,0,0,0,0,0,0,0,0,0,0,0,0,0,0,0,0,0,0,0
02/02/2021,GON,CT,ANE,EN,Federal Contract Tower,0,0,2,0,2,0,0,0,0,0,0,0,2,0,2,0,0,0,2
02/03/2021,GON,CT,ANE,EN,Federal Contract Tower,0,0,3,2,5,0,0,47,5,52,0,0,50,7,57,58,20,78,135
02/04/2021,GON,CT,ANE,EN,Federal Contract Tower,0,1,19,0,20,0,7,80,21,108,0,8,99,21,128,60,18,78,206
02/05/2021,GON,CT,ANE,EN,Federal Contract Tower,0,4,10,0,14,0,0,14,0,14,0,4,24,0,28,18,2,20,48
02/06/2021,GON,CT,ANE,EN,Federal Contract Tower,0,2,6,0,8,0,0,62,0,62,0,2,68,0,70,64,2,66,136
02/07/2021,GON,CT,ANE,EN,Federal Contract Tower,0,0,1,0,1,0,0,0,0,0,0,0,1,0,1,0,0,0,1
02/08/2021,GON,CT,ANE,EN,Federal Contract Tower,0,0,11,0,11,0,2,56,0,58,0,2,67,0,69,46,6,52,121
02/09/2021,GON,CT,ANE,EN,Federal Contract Tower,0,0,4,1,5,0,0,0,0,0,0,0,4,1,5,0,0,0,5
02/10/2021,GON,CT,ANE,EN,Federal Contract Tower,0,2,10,1,13,0,0,74,0,74,0,2,84,1,87,88,0,88,175
02/11/2021,GON,CT,ANE,EN,Federal Contract Tower,0,3,11,1,15,0,2,66,2,70,0,5,77,3,85,34,8,42,127
02/12/2021,GON,CT,ANE,EN,Federal Contract Tower,0,2,12,0,14,0,0,92,0,92,0,2,104,0,106,26,0,26,132
02/13/2021,GON,CT,ANE,EN,Federal Contract Tower,0,1,11,0,12,0,0,94,0,94,0,1,105,0,106,140,0,140,246
02/14/2021,GON,CT,ANE,EN,Federal Contract Tower,0,1,3,0,4,0,0,3,0,3,0,1,6,0,7,2,0,2,9
02/15/2021,GON,CT,ANE,EN,Federal Contract Tower,0,0,7,0,7,0,0,10,0,10,0,0,17,0,17,56,0,56,73
02/16/2021,GON,CT,ANE,EN,Federal Contract Tower,0,0,6,0,6,0,3,7,0,10,0,3,13,0,16,8,2,10,26
02/17/2021,GON,CT,ANE,EN,Federal Contract Tower,0,6,17,2,25,0,0,114,6,120,0,6,131,8,145,122,4,126,271
02/18/2021,GON,CT,ANE,EN,Federal Contract Tower,0,0,3,0,3,0,0,4,0,4,0,0,7,0,7,22,0,22,29
02/19/2021,GON,CT,ANE,EN,Federal Contract Tower,0,0,4,0,4,0,0,0,0,0,0,0,4,0,4,0,0,0,4
02/20/2021,GON,CT,ANE,EN,Federal Contract Tower,0,3,10,0,13,0,3,36,2,41,0,6,46,2,54,20,2,22,76
02/21/2021,GON,CT,ANE,EN,Federal Contract Tower,0,1,13,0,14,0,0,98,2,100,0,1,111,2,114,60,0,60,174
02/22/2021,GON,CT,ANE,EN,Federal Contract Tower,0,0,7,0,7,0,0,19,0,19,0,0,26,0,26,46,0,46,72
02/23/2021,GON,CT,ANE,EN,Federal Contract Tower,0,1,8,0,9,0,1,40,6,47,0,2,48,6,56,28,2,30,86
02/24/2021,GON,CT,ANE,EN,Federal Contract Tower,0,0,26,0,26,0,0,81,2,83,0,0,107,2,109,84,2,86,195
02/25/2021,GON,CT,ANE,EN,Federal Contract Tower,0,3,4,5,12,0,0,30,6,36,0,3,34,11,48,22,18,40,88
02/26/2021,GON,CT,ANE,EN,Federal Contract Tower,0,1,28,0,29,0,2,113,0,115,0,3,141,0,144,104,0,104,248
02/27/2021,GON,CT,ANE,EN,Federal Contract Tower,0,0,2,0,2,0,0,0,0,0,0,0,2,0,2,0,0,0,2
02/28/2021,GON,CT,ANE,EN,Federal Contract Tower,0,0,16,1,17,0,1,63,2,66,0,1,79,3,83,98,4,102,185
03/01/2021,GON,CT,ANE,EN,Federal Contract Tower,0,7,13,0,20,0,0,5,2,7,0,7,18,2,27,4,0,4,31
03/02/2021,GON,CT,ANE,EN,Federal Contract Tower,0,0,0,0,0,0,0,20,0,20,0,0,20,0,20,0,0,0,20
03/03/2021,GON,CT,ANE,EN,Federal Contract Tower,0,3,11,1,15,0,0,99,7,106,0,3,110,8,121,86,16,102,223
03/04/2021,GON,CT,ANE,EN,Federal Contract Tower,0,1,9,4,14,0,1,44,3,48,0,2,53,7,62,62,0,62,124
03/05/2021,GON,CT,ANE,EN,Federal Contract Tower,0,0,9,0,9,0,0,28,1,29,0,0,37,1,38,8,0,8,46
03/06/2021,GON,CT,ANE,EN,Federal Contract Tower,0,4,12,0,16,0,0,63,2,65,0,4,75,2,81,86,0,86,167
03/07/2021,GON,CT,ANE,EN,Federal Contract Tower,0,1,10,0,11,0,0,94,0,94,0,1,104,0,105,76,0,76,181
03/08/2021,GON,CT,ANE,EN,Federal Contract Tower,0,2,11,0,13,0,1,56,0,57,0,3,67,0,70,60,2,62,132
03/09/2021,GON,CT,ANE,EN,Federal Contract Tower,0,2,7,3,12,0,1,68,0,69,0,3,75,3,81,60,12,72,153
03/10/2021,GON,CT,ANE,EN,Federal Contract Tower,0,0,20,1,21,0,3,114,5,122,0,3,134,6,143,98,2,100,243
03/11/2021,GON,CT,ANE,EN,Federal Contract Tower,0,6,14,3,23,0,0,74,5,79,0,6,88,8,102,88,10,98,200
03/12/2021,GON,CT,ANE,EN,Federal Contract Tower,0,5,16,1,22,0,2,47,3,52,0,7,63,4,74,46,0,46,120
03/13/2021,GON,CT,ANE,EN,Federal Contract Tower,0,0,8,0,8,0,0,69,0,69,0,0,77,0,77,70,0,70,147
03/14/2021,GON,CT,ANE,EN,Federal Contract Tower,0,1,13,0,14,0,2,50,0,52,0,3,63,0,66,76,0,76,142
03/15/2021,GON,CT,ANE,EN,Federal Contract Tower,0,5,6,4,15,0,1,31,0,32,0,6,37,4,47,10,2,12,59
03/16/2021,GON,CT,ANE,EN,Federal Contract Tower,0,1,7,2,10,0,4,65,1,70,0,5,72,3,80,68,8,76,156
03/17/2021,GON,CT,ANE,EN,Federal Contract Tower,0,4,16,6,26,0,2,51,9,62,0,6,67,15,88,106,22,128,216
03/18/2021,GON,CT,ANE,EN,Federal Contract Tower,0,0,8,2,10,0,0,2,0,2,0,0,10,2,12,0,0,0,12
03/19/2021,GON,CT,ANE,EN,Federal Contract Tower,0,7,4,0,11,0,0,16,0,16,0,7,20,0,27,64,0,64,91
03/20/2021,GON,CT,ANE,EN,Federal Contract Tower,0,3,10,2,15,0,0,111,4,115,0,3,121,6,130,94,6,100,230
03/21/2021,GON,CT,ANE,EN,Federal Contract Tower,0,0,22,1,23,0,0,127,2,129,0,0,149,3,152,66,2,68,220
03/22/2021,GON,CT,ANE,EN,Federal Contract Tower,0,1,22,0,23,0,0,71,1,72,0,1,93,1,95,90,0,90,185
03/23/2021,GON,CT,ANE,EN,Federal Contract Tower,0,2,15,0,17,0,0,54,4,58,0,2,69,4,75,60,0,60,135
03/24/2021,GON,CT,ANE,EN,Federal Contract Tower,0,5,12,3,20,0,4,37,0,41,0,9,49,3,61,28,8,36,97
03/25/2021,GON,CT,ANE,EN,Federal Contract Tower,0,2,25,3,30,0,0,4,0,4,0,2,29,3,34,0,0,0,34
03/26/2021,GON,CT,ANE,EN,Federal Contract Tower,0,3,9,0,12,0,0,3,0,3,0,3,12,0,15,0,0,0,15
03/27/2021,GON,CT,ANE,EN,Federal Contract Tower,0,0,24,0,24,0,0,106,6,112,0,0,130,6,136,84,0,84,220
03/28/2021,GON,CT,ANE,EN,Federal Contract Tower,0,2,7,0,9,0,0,0,0,0,0,2,7,0,9,0,0,0,9
03/29/2021,GON,CT,ANE,EN,Federal Contract Tower,0,3,4,2,9,0,0,8,0,8,0,3,12,2,17,2,0,2,19
03/30/2021,GON,CT,ANE,EN,Federal Contract Tower,0,3,26,3,32,0,1,92,11,104,0,4,118,14,136,86,20,106,242
03/31/2021,GON,CT,ANE,EN,Federal Contract Tower,0,0,8,6,14,0,0,38,2,40,0,0,46,8,54,32,0,32,86
04/01/2021,GON,CT,ANE,EN,Federal Contract Tower,0,1,13,1,15,0,1,9,2,12,0,2,22,3,27,8,2,10,37
04/02/2021,GON,CT,ANE,EN,Federal Contract Tower,0,6,15,1,22,0,3,65,0,68,0,9,80,1,90,48,0,48,138
04/03/2021,GON,CT,ANE,EN,Federal Contract Tower,0,3,12,2,17,0,0,92,1,93,0,3,104,3,110,106,0,106,216
04/04/2021,GON,CT,ANE,EN,Federal Contract Tower,0,1,14,0,15,0,0,55,0,55,0,1,69,0,70,44,0,44,114
04/05/2021,GON,CT,ANE,EN,Federal Contract Tower,0,0,7,2,9,0,0,49,2,51,0,0,56,4,60,2,0,2,62
04/06/2021,GON,CT,ANE,EN,Federal Contract Tower,0,6,18,0,24,0,2,50,1,53,0,8,68,1,77,20,2,22,99
04/07/2021,GON,CT,ANE,EN,Federal Contract Tower,0,2,9,1,12,0,1,110,3,114,0,3,119,4,126,84,14,98,224
04/08/2021,GON,CT,ANE,EN,Federal Contract Tower,0,4,23,1,28,0,2,95,5,102,0,6,118,6,130,60,6,66,196
04/09/2021,GON,CT,ANE,EN,Federal Contract Tower,0,2,18,0,20,0,3,33,2,38,0,5,51,2,58,38,0,38,96
04/10/2021,GON,CT,ANE,EN,Federal Contract Tower,0,6,39,3,48,0,0,23,0,23,0,6,62,3,71,86,0,86,157
04/11/2021,GON,CT,ANE,EN,Federal Contract Tower,0,3,13,0,16,0,0,0,0,0,0,3,13,0,16,0,0,0,16
04/12/2021,GON,CT,ANE,EN,Federal Contract Tower,0,3,14,0,17,0,0,15,0,15,0,3,29,0,32,30,0,30,62
04/13/2021,GON,CT,ANE,EN,Federal Contract Tower,0,3,20,2,25,0,0,44,11,55,0,3,64,13,80,48,4,52,132
04/14/2021,GON,CT,ANE,EN,Federal Contract Tower,0,3,20,4,27,0,3,68,0,71,0,6,88,4,98,52,4,56,154
04/15/2021,GON,CT,ANE,EN,Federal Contract Tower,0,5,15,0,20,0,0,1,0,1,0,5,16,0,21,0,0,0,21
04/16/2021,GON,CT,ANE,EN,Federal Contract Tower,0,5,10,0,15,0,0,12,0,12,0,5,22,0,27,8,0,8,35
04/17/2021,GON,CT,ANE,EN,Federal Contract Tower,0,7,10,0,17,0,1,74,0,75,0,8,84,0,92,128,0,128,220
04/18/2021,GON,CT,ANE,EN,Federal Contract Tower,0,7,14,0,21,0,1,120,4,125,0,8,134,4,146,142,0,142,288
04/19/2021,GON,CT,ANE,EN,Federal Contract Tower,0,0,15,0,15,0,2,105,0,107,0,2,120,0,122,54,0,54,176
04/20/2021,GON,CT,ANE,EN,Federal Contract Tower,0,0,12,2,14,0,4,75,6,85,0,4,87,8,99,90,4,94,193
04/21/2021,GON,CT,ANE,EN,Federal Contract Tower,0,3,10,4,17,0,0,36,0,36,0,3,46,4,53,62,0,62,115
04/22/2021,GON,CT,ANE,EN,Federal Contract Tower,0,4,0,0,4,0,1,9,2,12,0,5,9,2,16,8,4,12,28
04/23/2021,GON,CT,ANE,EN,Federal Contract Tower,0,7,21,0,28,0,5,53,2,60,0,12,74,2,88,22,0,22,110
04/24/2021,GON,CT,ANE,EN,Federal Contract Tower,0,1,3,0,4,0,1,121,6,128,0,2,124,6,132,116,6,122,254
04/25/2021,GON,CT,ANE,EN,Federal Contract Tower,0,4,35,0,39,0,0,10,0,10,0,4,45,0,49,28,0,28,77
04/26/2021,GON,CT,ANE,EN,Federal Contract Tower,0,2,4,0,6,0,2,37,0,39,0,4,41,0,45,36,2,38,83
04/27/2021,GON,CT,ANE,EN,Federal Contract Tower,0,0,11,2,13,0,1,95,4,100,0,1,106,6,113,60,0,60,173
04/28/2021,GON,CT,ANE,EN,Federal Contract Tower,0,2,27,8,37,0,1,105,5,111,0,3,132,13,148,84,6,90,238
04/29/2021,GON,CT,ANE,EN,Federal Contract Tower,0,4,20,7,31,0,2,12,2,16,0,6,32,9,47,18,0,18,65
04/30/2021,GON,CT,ANE,EN,Federal Contract Tower,0,2,8,3,13,0,4,21,5,30,0,6,29,8,43,4,4,8,51
05/01/2021,GON,CT,ANE,EN,Federal Contract Tower,0,7,7,0,14,0,4,83,0,87,0,11,90,0,101,56,0,56,157
05/02/2021,GON,CT,ANE,EN,Federal Contract Tower,0,4,19,2,25,0,0,75,1,76,0,4,94,3,101,70,0,70,171
05/03/2021,GON,CT,ANE,EN,Federal Contract Tower,0,4,16,2,22,0,1,62,0,63,0,5,78,2,85,50,0,50,135
05/04/2021,GON,CT,ANE,EN,Federal Contract Tower,0,5,26,0,31,0,2,9,0,11,0,7,35,0,42,34,0,34,76
05/05/2021,GON,CT,ANE,EN,Federal Contract Tower,0,0,14,0,14,0,0,0,0,0,0,0,14,0,14,0,0,0,14
05/06/2021,GON,CT,ANE,EN,Federal Contract Tower,0,7,17,2,26,0,6,111,7,124,0,13,128,9,150,88,4,92,242
05/07/2021,GON,CT,ANE,EN,Federal Contract Tower,0,7,21,0,28,0,2,105,5,112,0,9,126,5,140,104,0,104,244
05/08/2021,GON,CT,ANE,EN,Federal Contract Tower,0,2,7,1,10,0,4,69,5,78,0,6,76,6,88,94,8,102,190
05/09/2021,GON,CT,ANE,EN,Federal Contract Tower,0,7,11,0,18,0,6,77,2,85,0,13,88,2,103,94,0,94,197
05/10/2021,GON,CT,ANE,EN,Federal Contract Tower,0,5,20,0,25,0,0,51,0,51,0,5,71,0,76,64,0,64,140
05/11/2021,GON,CT,ANE,EN,Federal Contract Tower,0,2,12,4,18,0,0,56,0,56,0,2,68,4,74,54,0,54,128
05/12/2021,GON,CT,ANE,EN,Federal Contract Tower,0,0,17,2,19,0,0,100,4,104,0,0,117,6,123,134,4,138,261
05/13/2021,GON,CT,ANE,EN,Federal Contract Tower,0,7,17,2,26,0,2,136,10,148,0,9,153,12,174,122,2,124,298
05/14/2021,GON,CT,ANE,EN,Federal Contract Tower,0,21,13,0,34,0,5,93,4,102,0,26,106,4,136,56,0,56,192
05/15/2021,GON,CT,ANE,EN,Federal Contract Tower,0,24,30,2,56,0,0,127,10,137,0,24,157,12,193,108,0,108,301
05/16/2021,GON,CT,ANE,EN,Federal Contract Tower,0,3,12,0,15,0,0,95,5,100,0,3,107,5,115,76,4,80,195
05/17/2021,GON,CT,ANE,EN,Federal Contract Tower,0,4,14,0,18,0,1,76,4,81,0,5,90,4,99,56,0,56,155
05/18/2021,GON,CT,ANE,EN,Federal Contract Tower,0,5,18,3,26,0,0,77,0,77,0,5,95,3,103,108,0,108,211
05/19/2021,GON,CT,ANE,EN,Federal Contract Tower,0,1,6,3,10,0,0,36,9,45,0,1,42,12,55,30,0,30,85
05/20/2021,GON,CT,ANE,EN,Federal Contract Tower,0,17,17,7,41,0,3,118,3,124,0,20,135,10,165,62,2,64,229
05/21/2021,GON,CT,ANE,EN,Federal Contract Tower,0,2,29,2,33,0,6,89,4,99,0,8,118,6,132,80,2,82,214
05/22/2021,GON,CT,ANE,EN,Federal Contract Tower,0,3,20,3,26,0,0,94,3,97,0,3,114,6,123,72,2,74,197
05/23/2021,GON,CT,ANE,EN,Federal Contract Tower,0,6,12,3,21,0,0,86,5,91,0,6,98,8,112,38,2,40,152
05/24/2021,GON,CT,ANE,EN,Federal Contract Tower,0,0,11,2,13,0,0,69,2,71,0,0,80,4,84,66,4,70,154
05/25/2021,GON,CT,ANE,EN,Federal Contract Tower,0,2,22,1,25,0,1,76,0,77,0,3,98,1,102,54,4,58,160
05/26/2021,GON,CT,ANE,EN,Federal Contract Tower,0,6,28,3,37,0,3,42,0,45,0,9,70,3,82,80,0,80,162
05/27/2021,GON,CT,ANE,EN,Federal Contract Tower,0,8,25,0,33,0,6,103,6,115,0,14,128,6,148,50,0,50,198
05/28/2021,GON,CT,ANE,EN,Federal Contract Tower,0,1,17,0,18,0,5,78,0,83,0,6,95,0,101,62,0,62,163
05/29/2021,GON,CT,ANE,EN,Federal Contract Tower,0,5,11,0,16,0,0,1,0,1,0,5,12,0,17,0,0,0,17
05/30/2021,GON,CT,ANE,EN,Federal Contract Tower,0,1,16,0,17,0,0,0,0,0,0,1,16,0,17,0,0,0,17
05/31/2021,GON,CT,ANE,EN,Federal Contract Tower,0,6,53,0,59,0,2,28,5,35,0,8,81,5,94,28,40,68,162
06/01/2021,GON,CT,ANE,EN,Federal Contract Tower,0,11,22,0,33,0,2,80,12,94,0,13,102,12,127,48,18,66,193
06/02/2021,GON,CT,ANE,EN,Federal Contract Tower,0,8,28,2,38,0,3,108,3,114,0,11,136,5,152,102,0,102,254
06/03/2021,GON,CT,ANE,EN,Federal Contract Tower,0,1,38,2,41,0,1,1,0,2,0,2,39,2,43,0,0,0,43
06/04/2021,GON,CT,ANE,EN,Federal Contract Tower,0,6,15,0,21,0,0,6,0,6,0,6,21,0,27,0,0,0,27
06/05/2021,GON,CT,ANE,EN,Federal Contract Tower,0,3,17,0,20,0,1,114,5,120,0,4,131,5,140,104,16,120,260
06/06/2021,GON,CT,ANE,EN,Federal Contract Tower,0,4,19,0,23,0,3,96,0,99,0,7,115,0,122,84,0,84,206
06/07/2021,GON,CT,ANE,EN,Federal Contract Tower,0,2,9,0,11,0,3,95,2,100,0,5,104,2,111,46,0,46,157
06/08/2021,GON,CT,ANE,EN,Federal Contract Tower,0,4,21,0,25,0,2,68,5,75,0,6,89,5,100,82,0,82,182
06/09/2021,GON,CT,ANE,EN,Federal Contract Tower,0,6,17,0,23,0,3,46,7,56,0,9,63,7,79,54,16,70,149
06/10/2021,GON,CT,ANE,EN,Federal Contract Tower,0,6,21,4,31,0,2,117,8,127,0,8,138,12,158,46,2,48,206
06/11/2021,GON,CT,ANE,EN,Federal Contract Tower,0,8,19,0,27,0,11,110,2,123,0,19,129,2,150,70,0,70,220
06/12/2021,GON,CT,ANE,EN,Federal Contract Tower,0,9,29,0,38,0,3,77,3,83,0,12,106,3,121,122,2,124,245
06/13/2021,GON,CT,ANE,EN,Federal Contract Tower,0,5,12,0,17,0,2,100,5,107,0,7,112,5,124,127,0,127,251
06/14/2021,GON,CT,ANE,EN,Federal Contract Tower,0,5,18,0,23,0,0,10,0,10,0,5,28,0,33,22,0,22,55
06/15/2021,GON,CT,ANE,EN,Federal Contract Tower,0,13,29,3,45,0,2,46,5,53,0,15,75,8,98,38,2,40,138
06/16/2021,GON,CT,ANE,EN,Federal Contract Tower,0,9,25,1,35,0,6,88,6,100,0,15,113,7,135,120,0,120,255
06/17/2021,GON,CT,ANE,EN,Federal Contract Tower,0,7,19,0,26,0,4,81,4,89,0,11,100,4,115,90,0,90,205
06/18/2021,GON,CT,ANE,EN,Federal Contract Tower,0,0,17,0,17,0,8,114,5,127,0,8,131,5,144,70,10,80,224
06/19/2021,GON,CT,ANE,EN,Federal Contract Tower,0,3,12,2,17,0,4,82,1,87,0,7,94,3,104,130,2,132,236
06/20/2021,GON,CT,ANE,EN,Federal Contract Tower,0,4,17,0,21,0,1,97,0,98,0,5,114,0,119,54,0,54,173
06/21/2021,GON,CT,ANE,EN,Federal Contract Tower,0,10,23,2,35,0,0,0,0,0,0,10,23,2,35,0,0,0,35
06/22/2021,GON,CT,ANE,EN,Federal Contract Tower,0,8,10,0,18,0,2,30,2,34,0,10,40,2,52,38,0,38,90
06/23/2021,GON,CT,ANE,EN,Federal Contract Tower,0,15,38,2,55,0,7,101,3,111,0,22,139,5,166,98,10,108,274
06/24/2021,GON,CT,ANE,EN,Federal Contract Tower,0,10,21,0,31,0,9,95,13,117,0,19,116,13,148,64,6,70,218
06/25/2021,GON,CT,ANE,EN,Federal Contract Tower,0,11,61,6,78,0,1,17,0,18,0,12,78,6,96,14,0,14,110
06/26/2021,GON,CT,ANE,EN,Federal Contract Tower,0,16,44,0,60,0,1,8,0,9,0,17,52,0,69,0,0,0,69
06/27/2021,GON,CT,ANE,EN,Federal Contract Tower,0,9,42,0,51,0,2,39,0,41,0,11,81,0,92,42,0,42,134
06/28/2021,GON,CT,ANE,EN,Federal Contract Tower,0,5,18,0,23,0,4,76,6,86,0,9,94,6,109,54,0,54,163
06/29/2021,GON,CT,ANE,EN,Federal Contract Tower,0,16,18,1,35,0,6,91,4,101,0,22,109,5,136,64,0,64,200
06/30/2021,GON,CT,ANE,EN,Federal Contract Tower,0,12,18,5,35,0,8,103,9,120,0,20,121,14,155,96,10,106,261
07/01/2021,GON,CT,ANE,EN,Federal Contract Tower,0,10,13,2,25,0,4,30,0,34,0,14,43,2,59,50,0,50,109
07/02/2021,GON,CT,ANE,EN,Federal Contract Tower,0,8,24,4,36,0,2,6,0,8,0,10,30,4,44,0,0,0,44
07/03/2021,GON,CT,ANE,EN,Federal Contract Tower,0,6,47,0,53,0,0,1,0,1,0,6,48,0,54,2,0,2,56
07/04/2021,GON,CT,ANE,EN,Federal Contract Tower,0,3,25,0,28,0,0,42,1,43,0,3,67,1,71,66,0,66,137
07/05/2021,GON,CT,ANE,EN,Federal Contract Tower,0,6,42,0,48,0,6,52,0,58,0,12,94,0,106,68,0,68,174
07/06/2021,GON,CT,ANE,EN,Federal Contract Tower,0,11,8,3,22,0,10,73,0,83,0,21,81,3,105,42,6,48,153
07/07/2021,GON,CT,ANE,EN,Federal Contract Tower,0,12,14,0,26,0,2,92,3,97,0,14,106,3,123,96,16,112,235
07/08/2021,GON,CT,ANE,EN,Federal Contract Tower,0,18,54,4,76,0,0,2,2,4,0,18,56,6,80,8,0,8,88
07/09/2021,GON,CT,ANE,EN,Federal Contract Tower,0,4,8,2,14,0,0,16,4,20,0,4,24,6,34,12,0,12,46
07/11/2021,GON,CT,ANE,EN,Federal Contract Tower,0,9,40,0,49,0,7,68,0,75,0,16,108,0,124,0,0,0,124
07/12/2021,GON,CT,ANE,EN,Federal Contract Tower,0,16,22,2,40,0,0,3,0,3,0,16,25,2,43,8,0,8,51
07/13/2021,GON,CT,ANE,EN,Federal Contract Tower,0,7,35,4,46,0,1,7,0,8,0,8,42,4,54,16,0,16,70
07/14/2021,GON,CT,ANE,EN,Federal Contract Tower,0,4,19,17,40,0,0,21,0,21,0,4,40,17,61,58,0,58,119
07/15/2021,GON,CT,ANE,EN,Federal Contract Tower,0,14,27,4,45,0,4,114,16,134,0,18,141,20,179,62,16,78,257
07/16/2021,GON,CT,ANE,EN,Federal Contract Tower,0,14,23,1,38,0,4,82,8,94,0,18,105,9,132,40,10,50,182
07/17/2021,GON,CT,ANE,EN,Federal Contract Tower,0,14,17,0,31,0,6,32,1,39,0,20,49,1,70,16,0,16,86
07/18/2021,GON,CT,ANE,EN,Federal Contract Tower,0,4,21,6,31,0,5,44,0,49,0,9,65,6,80,58,0,58,138
07/19/2021,GON,CT,ANE,EN,Federal Contract Tower,0,8,30,0,38,0,4,52,1,57,0,12,82,1,95,40,0,40,135
07/20/2021,GON,CT,ANE,EN,Federal Contract Tower,0,8,30,0,38,0,4,52,1,57,0,12,82,1,95,40,0,40,135
07/21/2021,GON,CT,ANE,EN,Federal Contract Tower,0,4,17,1,22,0,3,59,4,66,0,7,76,5,88,62,2,64,152
07/22/2021,GON,CT,ANE,EN,Federal Contract Tower,0,8,11,3,22,0,6,131,6,143,0,14,142,9,165,122,0,122,287
07/23/2021,GON,CT,ANE,EN,Federal Contract Tower,0,5,30,0,35,0,10,120,11,141,0,15,150,11,176,70,0,70,246
07/24/2021,GON,CT,ANE,EN,Federal Contract Tower,0,4,20,0,24,0,6,105,3,114,0,10,125,3,138,94,0,94,232
07/25/2021,GON,CT,ANE,EN,Federal Contract Tower,0,9,29,0,38,0,4,18,0,22,0,13,47,0,60,22,0,22,82
07/26/2021,GON,CT,ANE,EN,Federal Contract Tower,0,14,23,0,37,0,4,110,19,133,0,18,133,19,170,64,8,72,242
07/27/2021,GON,CT,ANE,EN,Federal Contract Tower,0,3,20,2,25,0,0,90,12,102,0,3,110,14,127,30,4,34,161
07/28/2021,GON,CT,ANE,EN,Federal Contract Tower,0,6,28,2,36,0,4,69,3,76,0,10,97,5,112,68,2,70,182
07/29/2021,GON,CT,ANE,EN,Federal Contract Tower,0,5,25,0,30,0,2,29,4,35,0,7,54,4,65,10,4,14,79
07/30/2021,GON,CT,ANE,EN,Federal Contract Tower,0,9,20,4,33,0,4,91,3,98,0,13,111,7,131,46,0,46,177
07/31/2021,GON,CT,ANE,EN,Federal Contract Tower,0,10,20,2,32,0,2,122,0,124,0,12,142,2,156,56,0,56,212
08/01/2021,GON,CT,ANE,EN,Federal Contract Tower,0,6,16,0,22,0,4,70,0,74,0,10,86,0,96,44,0,44,140
08/02/2021,GON,CT,ANE,EN,Federal Contract Tower,0,4,56,0,60,0,2,93,0,95,0,6,149,0,155,42,0,42,197
08/03/2021,GON,CT,ANE,EN,Federal Contract Tower,0,5,18,3,26,0,3,102,2,107,0,8,120,5,133,40,0,40,173
08/04/2021,GON,CT,ANE,EN,Federal Contract Tower,0,7,20,5,32,0,4,75,9,88,0,11,95,14,120,28,8,36,156
08/05/2021,GON,CT,ANE,EN,Federal Contract Tower,0,13,42,2,57,0,3,11,0,14,0,16,53,2,71,4,0,4,75
08/06/2021,GON,CT,ANE,EN,Federal Contract Tower,0,12,22,0,34,0,5,105,2,112,0,17,127,2,146,36,0,36,182
08/07/2021,GON,CT,ANE,EN,Federal Contract Tower,0,5,19,2,26,0,7,108,1,116,0,12,127,3,142,70,0,70,212
08/08/2021,GON,CT,ANE,EN,Federal Contract Tower,0,7,19,0,26,0,6,68,0,74,0,13,87,0,100,56,0,56,156
08/09/2021,GON,CT,ANE,EN,Federal Contract Tower,0,9,39,0,48,0,4,10,0,14,0,13,49,0,62,8,0,8,70
08/10/2021,GON,CT,ANE,EN,Federal Contract Tower,0,8,37,4,49,0,2,22,9,33,0,10,59,13,82,2,4,6,88
08/11/2021,GON,CT,ANE,EN,Federal Contract Tower,0,20,39,0,59,0,6,81,5,92,0,26,120,5,151,56,2,58,209
08/12/2021,GON,CT,ANE,EN,Federal Contract Tower,0,3,15,2,20,0,8,83,4,95,0,11,98,6,115,26,10,36,151
08/13/2021,GON,CT,ANE,EN,Federal Contract Tower,0,9,14,0,23,0,12,105,11,128,0,21,119,11,151,20,0,20,171
08/14/2021,GON,CT,ANE,EN,Federal Contract Tower,0,6,15,1,22,0,1,93,0,94,0,7,108,1,116,68,0,68,184
08/15/2021,GON,CT,ANE,EN,Federal Contract Tower,0,12,18,0,30,0,3,127,2,132,0,15,145,2,162,80,0,80,242
08/16/2021,GON,CT,ANE,EN,Federal Contract Tower,0,4,12,0,16,0,0,104,9,113,0,4,116,9,129,66,0,66,195
08/17/2021,GON,CT,ANE,EN,Federal Contract Tower,0,4,10,2,16,0,2,89,6,97,0,6,99,8,113,52,10,62,175
08/18/2021,GON,CT,ANE,EN,Federal Contract Tower,0,6,27,0,33,0,2,44,6,52,0,8,71,6,85,48,2,50,135
08/19/2021,GON,CT,ANE,EN,Federal Contract Tower,0,12,22,0,34,0,1,24,0,25,0,13,46,0,59,0,0,0,59
08/20/2021,GON,CT,ANE,EN,Federal Contract Tower,0,11,36,0,47,0,9,53,2,64,0,20,89,2,111,46,0,46,157
08/21/2021,GON,CT,ANE,EN,Federal Contract Tower,0,10,26,0,36,0,3,46,0,49,0,13,72,0,85,34,0,34,119
08/22/2021,GON,CT,ANE,EN,Federal Contract Tower,0,0,0,0,0,0,0,0,0,0,0,0,0,0,0,0,0,0,0
08/23/2021,GON,CT,ANE,EN,Federal Contract Tower,0,6,25,1,32,0,0,4,1,5,0,6,29,2,37,0,0,0,37
08/24/2021,GON,CT,ANE,EN,Federal Contract Tower,0,8,24,0,32,0,5,78,3,86,0,13,102,3,118,54,8,62,180
08/25/2021,GON,CT,ANE,EN,Federal Contract Tower,0,13,22,4,39,0,10,116,0,126,0,23,138,4,165,78,8,86,251
08/26/2021,GON,CT,ANE,EN,Federal Contract Tower,0,8,20,2,30,0,6,61,0,67,0,14,81,2,97,38,0,38,135
08/27/2021,GON,CT,ANE,EN,Federal Contract Tower,0,9,13,1,23,0,7,96,2,105,0,16,109,3,128,68,0,68,196
08/28/2021,GON,CT,ANE,EN,Federal Contract Tower,0,3,8,0,11,0,4,55,0,59,0,7,63,0,70,58,0,58,128
08/29/2021,GON,CT,ANE,EN,Federal Contract Tower,0,12,41,0,53,0,3,48,0,51,0,15,89,0,104,28,0,28,132
08/30/2021,GON,CT,ANE,EN,Federal Contract Tower,0,3,24,0,27,0,1,40,2,43,0,4,64,2,70,28,4,32,102
08/31/2021,GON,CT,ANE,EN,Federal Contract Tower,0,4,13,0,17,0,2,136,2,140,0,6,149,2,157,54,0,54,211
09/01/2021,GON,CT,ANE,EN,Federal Contract Tower,0,3,13,2,18,0,2,18,0,20,0,5,31,2,38,18,0,18,56
09/02/2021,GON,CT,ANE,EN,Federal Contract Tower,0,5,13,2,20,0,0,35,0,35,0,5,48,2,55,22,0,22,77
09/03/2021,GON,CT,ANE,EN,Federal Contract Tower,0,9,19,0,28,0,7,114,0,121,0,16,133,0,149,62,0,62,211
09/04/2021,GON,CT,ANE,EN,Federal Contract Tower,0,5,15,0,20,0,1,128,0,129,0,6,143,0,149,58,0,58,207
09/05/2021,GON,CT,ANE,EN,Federal Contract Tower,0,7,11,0,18,0,3,77,2,82,0,10,88,2,100,40,0,40,140
09/06/2021,GON,CT,ANE,EN,Federal Contract Tower,0,3,24,0,27,0,5,59,0,64,0,8,83,0,91,18,0,18,109
09/07/2021,GON,CT,ANE,EN,Federal Contract Tower,0,8,18,0,26,0,3,100,3,106,0,11,118,3,132,54,0,54,186
09/08/2021,GON,CT,ANE,EN,Federal Contract Tower,0,6,8,4,18,0,7,42,3,52,0,13,50,7,70,28,26,54,124
09/09/2021,GON,CT,ANE,EN,Federal Contract Tower,0,9,16,0,25,0,0,4,0,4,0,9,20,0,29,0,0,0,29
09/10/2021,GON,CT,ANE,EN,Federal Contract Tower,0,9,10,2,21,0,2,106,6,114,0,11,116,8,135,40,0,40,175
09/11/2021,GON,CT,ANE,EN,Federal Contract Tower,0,7,15,2,24,0,4,96,10,110,0,11,111,12,134,28,2,30,164
09/12/2021,GON,CT,ANE,EN,Federal Contract Tower,0,7,17,1,25,0,4,69,2,75,0,11,86,3,100,32,0,32,132
09/13/2021,GON,CT,ANE,EN,Federal Contract Tower,0,9,18,0,27,0,1,90,0,91,0,10,108,0,118,28,0,28,146
09/14/2021,GON,CT,ANE,EN,Federal Contract Tower,0,5,12,2,19,0,0,93,3,96,0,5,105,5,115,36,6,42,157
09/15/2021,GON,CT,ANE,EN,Federal Contract Tower,0,8,27,2,37,0,0,25,2,27,0,8,52,4,64,20,0,20,84
09/16/2021,GON,CT,ANE,EN,Federal Contract Tower,0,3,10,2,15,0,0,23,0,23,0,3,33,2,38,18,0,18,56
09/17/2021,GON,CT,ANE,EN,Federal Contract Tower,0,16,47,3,66,0,6,9,0,15,0,22,56,3,81,6,0,6,87
09/18/2021,GON,CT,ANE,EN,Federal Contract Tower,0,5,31,1,37,0,3,70,1,74,0,8,101,2,111,38,0,38,149
09/19/2021,GON,CT,ANE,EN,Federal Contract Tower,0,13,21,1,35,0,2,128,3,133,0,15,149,4,168,60,0,60,228
09/20/2021,GON,CT,ANE,EN,Federal Contract Tower,0,3,19,0,22,0,2,127,7,136,0,5,146,7,158,88,4,92,250
09/21/2021,GON,CT,ANE,EN,Federal Contract Tower,0,2,26,1,29,0,0,73,3,76,0,2,99,4,105,64,2,66,171
09/22/2021,GON,CT,ANE,EN,Federal Contract Tower,0,8,41,2,51,0,0,0,0,0,0,8,41,2,51,0,0,0,51
09/23/2021,GON,CT,ANE,EN,Federal Contract Tower,0,7,21,2,30,0,1,34,0,35,0,8,55,2,65,18,0,18,83
09/24/2021,GON,CT,ANE,EN,Federal Contract Tower,0,9,28,0,37,0,0,44,0,44,0,9,72,0,81,30,0,30,111
09/25/2021,GON,CT,ANE,EN,Federal Contract Tower,0,6,16,0,22,0,13,92,2,107,0,19,108,2,129,24,0,24,153
09/26/2021,GON,CT,ANE,EN,Federal Contract Tower,0,1,14,0,15,0,2,97,0,99,0,3,111,0,114,22,0,22,136
09/27/2021,GON,CT,ANE,EN,Federal Contract Tower,0,1,17,0,18,0,1,54,2,57,0,2,71,2,75,2,0,2,77
09/28/2021,GON,CT,ANE,EN,Federal Contract Tower,0,2,14,0,16,0,4,18,2,24,0,6,32,2,40,0,0,0,40
09/29/2021,GON,CT,ANE,EN,Federal Contract Tower,0,7,25,0,32,0,3,61,6,70,0,10,86,6,102,14,0,14,116
09/30/2021,GON,CT,ANE,EN,Federal Contract Tower,0,11,12,0,23,0,0,66,8,74,0,11,78,8,97,4,0,4,101
10/01/2021,GON,CT,ANE,EN,Federal Contract Tower,0,4,20,1,25,0,8,85,6,99,0,12,105,7,124,8,0,8,132
10/02/2021,GON,CT,ANE,EN,Federal Contract Tower,0,6,21,0,27,0,1,85,1,87,0,7,106,1,114,16,0,16,130
10/03/2021,GON,CT,ANE,EN,Federal Contract Tower,0,15,19,1,35,0,2,89,1,92,0,17,108,2,127,16,0,16,143
10/04/2021,GON,CT,ANE,EN,Federal Contract Tower,0,12,27,0,39,0,0,0,0,0,0,12,27,0,39,0,0,0,39
10/05/2021,GON,CT,ANE,EN,Federal Contract Tower,0,13,22,2,37,0,1,8,2,11,0,14,30,4,48,0,32,32,80
10/06/2021,GON,CT,ANE,EN,Federal Contract Tower,0,7,20,0,27,0,3,45,2,50,0,10,65,2,77,2,0,2,79
10/07/2021,GON,CT,ANE,EN,Federal Contract Tower,0,4,29,2,35,0,5,77,6,88,0,9,106,8,123,32,0,32,155
10/08/2021,GON,CT,ANE,EN,Federal Contract Tower,0,5,27,2,34,0,6,64,2,72,0,11,91,4,106,18,2,20,126
10/09/2021,GON,CT,ANE,EN,Federal Contract Tower,0,6,17,0,23,0,1,29,0,30,0,7,46,0,53,24,0,24,77
10/10/2021,GON,CT,ANE,EN,Federal Contract Tower,0,6,16,0,22,0,2,19,0,21,0,8,35,0,43,26,0,26,69
10/11/2021,GON,CT,ANE,EN,Federal Contract Tower,0,4,36,0,40,0,4,55,0,59,0,8,91,0,99,56,0,56,155
10/13/2021,GON,CT,ANE,EN,Federal Contract Tower,0,3,50,3,56,0,0,58,4,62,0,3,108,7,118,42,6,48,166
10/14/2021,GON,CT,ANE,EN,Federal Contract Tower,0,1,27,4,32,0,0,97,7,104,0,1,124,11,136,44,16,60,196
10/15/2021,GON,CT,ANE,EN,Federal Contract Tower,0,8,27,0,35,0,0,44,0,44,0,8,71,0,79,12,0,12,91
10/16/2021,GON,CT,ANE,EN,Federal Contract Tower,0,4,9,0,13,0,1,24,0,25,0,5,33,0,38,22,0,22,60
10/17/2021,GON,CT,ANE,EN,Federal Contract Tower,0,5,23,0,28,0,0,75,4,79,0,5,98,4,107,28,12,40,147
10/18/2021,GON,CT,ANE,EN,Federal Contract Tower,0,3,16,4,23,0,2,51,0,53,0,5,67,4,76,26,0,26,102
10/19/2021,GON,CT,ANE,EN,Federal Contract Tower,0,8,14,1,23,0,4,57,2,63,0,12,71,3,86,38,0,38,124
10/20/2021,GON,CT,ANE,EN,Federal Contract Tower,0,3,17,3,23,0,3,70,7,80,0,6,87,10,103,52,0,52,155
10/21/2021,GON,CT,ANE,EN,Federal Contract Tower,0,4,23,0,27,0,0,116,0,116,0,4,139,0,143,82,0,82,225
10/22/2021,GON,CT,ANE,EN,Federal Contract Tower,0,3,13,0,16,0,2,98,2,102,0,5,111,2,118,66,0,66,184
10/23/2021,GON,CT,ANE,EN,Federal Contract Tower,0,3,16,0,19,0,5,93,6,104,0,8,109,6,123,64,6,70,193
10/24/2021,GON,CT,ANE,EN,Federal Contract Tower,0,2,15,0,17,0,0,132,6,138,0,2,147,6,155,90,0,90,245
10/25/2021,GON,CT,ANE,EN,Federal Contract Tower,0,4,24,0,28,0,0,26,0,26,0,4,50,0,54,44,0,44,98
10/26/2021,GON,CT,ANE,EN,Federal Contract Tower,0,3,4,0,7,0,0,0,0,0,0,3,4,0,7,0,0,0,7
10/27/2021,GON,CT,ANE,EN,Federal Contract Tower,0,5,14,0,19,0,0,1,0,1,0,5,15,0,20,0,0,0,20
10/28/2021,GON,CT,ANE,EN,Federal Contract Tower,0,7,42,1,50,0,1,48,2,51,0,8,90,3,101,34,2,36,137
10/29/2021,GON,CT,ANE,EN,Federal Contract Tower,0,6,21,3,30,0,0,31,2,33,0,6,52,5,63,18,6,24,87
10/30/2021,GON,CT,ANE,EN,Federal Contract Tower,0,1,19,0,20,0,0,0,0,0,0,1,19,0,20,4,0,4,24
10/31/2021,GON,CT,ANE,EN,Federal Contract Tower,0,4,15,1,20,0,0,47,2,49,0,4,62,3,69,80,16,96,165
11/01/2021,GON,CT,ANE,EN,Federal Contract Tower,0,6,20,0,26,0,0,74,2,76,0,6,94,2,102,58,0,58,160
11/02/2021,GON,CT,ANE,EN,Federal Contract Tower,0,3,20,2,25,0,0,57,4,61,0,3,77,6,86,74,0,74,160
11/03/2021,GON,CT,ANE,EN,Federal Contract Tower,0,4,14,3,21,0,0,72,5,77,0,4,86,8,98,66,22,88,186
11/04/2021,GON,CT,ANE,EN,Federal Contract Tower,0,9,27,1,37,0,0,67,7,74,0,9,94,8,111,56,0,56,167
11/05/2021,GON,CT,ANE,EN,Federal Contract Tower,0,11,16,0,27,0,6,87,2,95,0,17,103,2,122,50,0,50,172
11/06/2021,GON,CT,ANE,EN,Federal Contract Tower,0,2,20,0,22,0,0,123,2,125,0,2,143,2,147,146,0,146,293
11/07/2021,GON,CT,ANE,EN,Federal Contract Tower,0,4,16,0,20,0,4,84,2,90,0,8,100,2,110,130,0,130,240
11/08/2021,GON,CT,ANE,EN,Federal Contract Tower,0,5,11,8,24,0,1,80,5,86,0,6,91,13,110,92,0,92,202
11/09/2021,GON,CT,ANE,EN,Federal Contract Tower,0,1,27,3,31,0,3,111,6,120,0,4,138,9,151,72,14,86,237
11/10/2021,GON,CT,ANE,EN,Federal Contract Tower,0,4,16,2,22,0,2,84,14,100,0,6,100,16,122,42,22,64,186
11/11/2021,GON,CT,ANE,EN,Federal Contract Tower,0,2,14,0,16,0,5,94,0,99,0,7,108,0,115,46,0,46,161
11/12/2021,GON,CT,ANE,EN,Federal Contract Tower,0,1,8,0,9,0,0,7,0,7,0,1,15,0,16,0,0,0,16
11/13/2021,GON,CT,ANE,EN,Federal Contract Tower,0,5,12,4,21,0,1,61,0,62,0,6,73,4,83,43,0,43,126
11/14/2021,GON,CT,ANE,EN,Federal Contract Tower,0,1,25,0,26,0,0,90,1,91,0,1,115,1,117,92,2,94,211
11/15/2021,GON,CT,ANE,EN,Federal Contract Tower,0,0,8,0,8,0,2,85,10,97,0,2,93,10,105,68,2,70,175
11/16/2021,GON,CT,ANE,EN,Federal Contract Tower,0,0,20,2,22,0,0,76,5,81,0,0,96,7,103,36,4,40,143
11/17/2021,GON,CT,ANE,EN,Federal Contract Tower,0,2,24,0,26,0,1,68,2,71,0,3,92,2,97,60,0,60,157
11/18/2021,GON,CT,ANE,EN,Federal Contract Tower,0,6,22,4,32,0,1,63,5,69,0,7,85,9,101,46,10,56,157
11/19/2021,GON,CT,ANE,EN,Federal Contract Tower,0,8,26,0,34,0,3,80,4,87,0,11,106,4,121,78,0,78,199
11/20/2021,GON,CT,ANE,EN,Federal Contract Tower,0,2,23,1,26,0,5,113,8,126,0,7,136,9,152,128,6,134,286
11/21/2021,GON,CT,ANE,EN,Federal Contract Tower,0,10,23,4,37,0,2,68,7,77,0,12,91,11,114,134,12,146,260
11/22/2021,GON,CT,ANE,EN,Federal Contract Tower,0,8,14,0,22,0,0,27,0,27,0,8,41,0,49,44,0,44,93
11/23/2021,GON,CT,ANE,EN,Federal Contract Tower,0,4,18,0,22,0,0,41,7,48,0,4,59,7,70,32,12,44,114
11/24/2021,GON,CT,ANE,EN,Federal Contract Tower,0,6,13,1,20,0,3,63,1,67,0,9,76,2,87,30,2,32,119
11/25/2021,GON,CT,ANE,EN,Federal Contract Tower,0,7,3,0,10,0,0,34,0,34,0,7,37,0,44,10,0,10,54
11/26/2021,GON,CT,ANE,EN,Federal Contract Tower,0,3,2,0,5,0,0,1,0,1,0,3,3,0,6,0,0,0,6
11/27/2021,GON,CT,ANE,EN,Federal Contract Tower,0,4,20,0,24,0,0,44,0,44,0,4,64,0,68,14,0,14,82
11/28/2021,GON,CT,ANE,EN,Federal Contract Tower,0,7,9,0,16,0,4,38,0,42,0,11,47,0,58,70,0,70,128
11/29/2021,GON,CT,ANE,EN,Federal Contract Tower,0,5,15,4,24,0,2,48,0,50,0,7,63,4,74,50,0,50,124
11/30/2021,GON,CT,ANE,EN,Federal Contract Tower,0,2,13,0,15,0,1,33,0,34,0,3,46,0,49,26,0,26,75
12/01/2021,GON,CT,ANE,EN,Federal Contract Tower,0,5,8,3,16,0,3,97,11,111,0,8,105,14,127,74,2,76,203
12/02/2021,GON,CT,ANE,EN,Federal Contract Tower,0,6,22,3,31,0,3,29,1,33,0,9,51,4,64,64,0,64,128
12/03/2021,GON,CT,ANE,EN,Federal Contract Tower,0,4,13,0,17,0,5,50,5,60,0,9,63,5,77,34,6,40,117
12/04/2021,GON,CT,ANE,EN,Federal Contract Tower,0,1,14,0,15,0,2,95,2,99,0,3,109,2,114,30,0,30,144
12/05/2021,GON,CT,ANE,EN,Federal Contract Tower,0,1,15,1,17,0,1,103,2,106,0,2,118,3,123,74,4,78,201
12/06/2021,GON,CT,ANE,EN,Federal Contract Tower,0,3,8,2,13,0,1,1,0,2,0,4,9,2,15,0,0,0,15
12/07/2021,GON,CT,ANE,EN,Federal Contract Tower,0,1,14,4,19,0,0,68,6,74,0,1,82,10,93,44,4,48,141
12/08/2021,GON,CT,ANE,EN,Federal Contract Tower,0,1,4,3,8,0,3,11,1,15,0,4,15,4,23,22,0,22,45
12/09/2021,GON,CT,ANE,EN,Federal Contract Tower,0,4,20,2,26,0,1,95,2,98,0,5,115,4,124,28,0,28,152
12/10/2021,GON,CT,ANE,EN,Federal Contract Tower,0,3,12,8,23,0,1,68,1,70,0,4,80,9,93,62,0,62,155
12/11/2021,GON,CT,ANE,EN,Federal Contract Tower,0,1,2,0,3,0,0,0,0,0,0,1,2,0,3,0,0,0,3
12/12/2021,GON,CT,ANE,EN,Federal Contract Tower,0,1,7,0,8,0,0,52,0,52,0,1,59,0,60,22,2,24,84
12/13/2021,GON,CT,ANE,EN,Federal Contract Tower,0,2,9,0,11,0,0,56,0,56,0,2,65,0,67,54,0,54,121
12/14/2021,GON,CT,ANE,EN,Federal Contract Tower,0,2,16,3,21,0,0,96,2,98,0,2,112,5,119,28,10,38,157
12/15/2021,GON,CT,ANE,EN,Federal Contract Tower,0,2,17,0,19,0,0,73,3,76,0,2,90,3,95,44,0,44,139
12/16/2021,GON,CT,ANE,EN,Federal Contract Tower,0,4,14,0,18,0,2,56,7,65,0,6,70,7,83,44,22,66,149
12/17/2021,GON,CT,ANE,EN,Federal Contract Tower,0,3,22,0,25,0,0,72,2,74,0,3,94,2,99,18,0,18,117
12/18/2021,GON,CT,ANE,EN,Federal Contract Tower,0,1,7,0,8,0,0,11,1,12,0,1,18,1,20,10,0,10,30
12/19/2021,GON,CT,ANE,EN,Federal Contract Tower,0,4,5,0,9,0,0,30,0,30,0,4,35,0,39,20,0,20,59
12/20/2021,GON,CT,ANE,EN,Federal Contract Tower,0,4,16,1,21,0,0,68,0,68,0,4,84,1,89,36,2,38,127
12/21/2021,GON,CT,ANE,EN,Federal Contract Tower,0,0,24,0,24,0,3,111,4,118,0,3,135,4,142,90,20,110,252
12/22/2021,GON,CT,ANE,EN,Federal Contract Tower,0,3,10,0,13,0,2,24,4,30,0,5,34,4,43,44,0,44,87
12/23/2021,GON,CT,ANE,EN,Federal Contract Tower,0,2,4,0,6,0,3,45,0,48,0,5,49,0,54,38,8,46,100
12/24/2021,GON,CT,ANE,EN,Federal Contract Tower,0,1,4,0,5,0,0,0,0,0,0,1,4,0,5,0,0,0,5
12/25/2021,GON,CT,ANE,EN,Federal Contract Tower,0,2,2,0,4,0,0,0,0,0,0,2,2,0,4,0,0,0,4
12/26/2021,GON,CT,ANE,EN,Federal Contract Tower,0,2,14,0,16,0,0,41,0,41,0,2,55,0,57,16,0,16,73
12/27/2021,GON,CT,ANE,EN,Federal Contract Tower,0,0,15,0,15,0,2,64,1,67,0,2,79,1,82,60,0,60,142
12/28/2021,GON,CT,ANE,EN,Federal Contract Tower,0,3,10,0,13,0,0,37,0,37,0,3,47,0,50,20,0,20,70
12/29/2021,GON,CT,ANE,EN,Federal Contract Tower,0,1,3,0,4,0,0,19,0,19,0,1,22,0,23,36,0,36,59
12/30/2021,GON,CT,ANE,EN,Federal Contract Tower,0,5,10,0,15,0,0,1,0,1,0,5,11,0,16,0,0,0,16
12/31/2021,GON,CT,ANE,EN,Federal Contract Tower,0,3,16,0,19,0,0,0,0,0,0,3,16,0,19,0,0,0,19
01/01/2022,GON,CT,ANE,EN,Federal Contract Tower,0,3,0,0,3,0,0,0,0,0,0,3,0,0,3,0,0,0,3
01/02/2022,GON,CT,ANE,EN,Federal Contract Tower,0,6,10,0,16,0,1,6,0,7,0,7,16,0,23,6,0,6,29
01/03/2022,GON,CT,ANE,EN,Federal Contract Tower,0,0,17,0,17,0,0,17,0,17,0,0,34,0,34,6,0,6,40
01/04/2022,GON,CT,ANE,EN,Federal Contract Tower,0,3,21,3,27,0,1,98,7,106,0,4,119,10,133,12,8,20,153
01/05/2022,GON,CT,ANE,EN,Federal Contract Tower,0,0,7,2,9,0,0,2,0,2,0,0,9,2,11,0,0,0,11
01/06/2022,GON,CT,ANE,EN,Federal Contract Tower,0,1,15,2,18,0,2,91,9,102,0,3,106,11,120,88,2,90,210
01/07/2022,GON,CT,ANE,EN,Federal Contract Tower,0,0,6,0,6,0,2,0,0,2,0,2,6,0,8,0,0,0,8
01/08/2022,GON,CT,ANE,EN,Federal Contract Tower,0,0,10,3,13,0,1,87,1,89,0,1,97,4,102,40,0,40,142
01/09/2022,GON,CT,ANE,EN,Federal Contract Tower,0,2,7,0,9,0,0,15,0,15,0,2,22,0,24,56,0,56,80
01/10/2022,GON,CT,ANE,EN,Federal Contract Tower,0,1,10,0,11,0,0,40,2,42,0,1,50,2,53,16,0,16,69
01/11/2022,GON,CT,ANE,EN,Federal Contract Tower,0,0,9,4,13,0,1,53,2,56,0,1,62,6,69,40,6,46,115
01/12/2022,GON,CT,ANE,EN,Federal Contract Tower,0,1,15,1,17,0,0,44,9,53,0,1,59,10,70,18,2,20,90
01/13/2022,GON,CT,ANE,EN,Federal Contract Tower,0,7,9,2,18,0,4,112,8,124,0,11,121,10,142,52,10,62,204
01/14/2022,GON,CT,ANE,EN,Federal Contract Tower,0,4,15,0,19,0,1,31,0,32,0,5,46,0,51,34,0,34,85
01/15/2022,GON,CT,ANE,EN,Federal Contract Tower,0,1,8,0,9,0,0,36,2,38,0,1,44,2,47,40,0,40,87
01/16/2022,GON,CT,ANE,EN,Federal Contract Tower,0,2,7,0,9,0,4,73,2,79,0,6,80,2,88,110,0,110,198
01/17/2022,GON,CT,ANE,EN,Federal Contract Tower,0,2,2,0,4,0,0,4,0,4,0,2,6,0,8,0,0,0,8
01/18/2022,GON,CT,ANE,EN,Federal Contract Tower,0,2,6,1,9,0,0,17,2,19,0,2,23,3,28,4,2,6,34
01/19/2022,GON,CT,ANE,EN,Federal Contract Tower,0,2,18,0,20,0,1,28,0,29,0,3,46,0,49,8,0,8,57
01/20/2022,GON,CT,ANE,EN,Federal Contract Tower,0,0,3,2,5,0,0,10,0,10,0,0,13,2,15,8,0,8,23
01/21/2022,GON,CT,ANE,EN,Federal Contract Tower,0,2,10,0,12,0,0,70,6,76,0,2,80,6,88,60,0,60,148
01/22/2022,GON,CT,ANE,EN,Federal Contract Tower,0,0,19,3,22,0,0,107,0,107,0,0,126,3,129,100,2,102,231
01/23/2022,GON,CT,ANE,EN,Federal Contract Tower,0,0,8,1,9,0,0,131,2,133,0,0,139,3,142,72,0,72,214
01/24/2022,GON,CT,ANE,EN,Federal Contract Tower,0,2,11,0,13,0,0,52,2,54,0,2,63,2,67,34,0,34,101
01/25/2022,GON,CT,ANE,EN,Federal Contract Tower,0,0,6,0,6,0,0,62,2,64,0,0,68,2,70,58,2,60,130
01/26/2022,GON,CT,ANE,EN,Federal Contract Tower,0,3,16,2,21,0,2,62,7,71,0,5,78,9,92,24,2,26,118
01/27/2022,GON,CT,ANE,EN,Federal Contract Tower,0,1,13,0,14,0,3,86,2,91,0,4,99,2,105,44,0,44,149
01/28/2022,GON,CT,ANE,EN,Federal Contract Tower,0,3,11,0,14,0,0,48,0,48,0,3,59,0,62,58,0,58,120
01/29/2022,GON,CT,ANE,EN,Federal Contract Tower,0,0,0,0,0,0,0,0,0,0,0,0,0,0,0,0,0,0,0
01/30/2022,GON,CT,ANE,EN,Federal Contract Tower,0,0,1,1,2,0,0,22,0,22,0,0,23,1,24,8,14,22,46
01/31/2022,GON,CT,ANE,EN,Federal Contract Tower,0,2,18,1,21,0,0,63,9,72,0,2,81,10,93,50,24,74,167
02/01/2022,GON,CT,ANE,EN,Federal Contract Tower,0,0,15,0,15,0,2,70,8,80,0,2,85,8,95,74,16,90,185
02/02/2022,GON,CT,ANE,EN,Federal Contract Tower,0,0,15,5,20,0,0,16,0,16,0,0,31,5,36,12,0,12,48
02/03/2022,GON,CT,ANE,EN,Federal Contract Tower,0,0,3,0,3,0,0,0,0,0,0,0,3,0,3,0,0,0,3
02/04/2022,GON,CT,ANE,EN,Federal Contract Tower,0,2,4,0,6,0,0,0,0,0,0,2,4,0,6,0,0,0,6
02/05/2022,GON,CT,ANE,EN,Federal Contract Tower,0,0,3,0,3,0,0,38,0,38,0,0,41,0,41,10,0,10,51
02/06/2022,GON,CT,ANE,EN,Federal Contract Tower,0,0,10,0,10,0,0,91,2,93,0,0,101,2,103,30,0,30,133
02/07/2022,GON,CT,ANE,EN,Federal Contract Tower,0,3,4,2,9,0,0,0,0,0,0,3,4,2,9,0,0,0,9
02/08/2022,GON,CT,ANE,EN,Federal Contract Tower,0,1,16,4,21,0,1,28,8,37,0,2,44,12,58,48,38,86,144
02/09/2022,GON,CT,ANE,EN,Federal Contract Tower,0,1,11,0,12,0,0,88,12,100,0,1,99,12,112,44,44,88,200
02/10/2022,GON,CT,ANE,EN,Federal Contract Tower,0,0,23,4,27,0,2,54,6,62,0,2,77,10,89,28,40,68,157
02/11/2022,GON,CT,ANE,EN,Federal Contract Tower,0,2,17,0,19,0,2,67,10,79,0,4,84,10,98,50,22,72,170
02/12/2022,GON,CT,ANE,EN,Federal Contract Tower,0,2,14,0,16,0,3,99,0,102,0,5,113,0,118,54,0,54,172
02/13/2022,GON,CT,ANE,EN,Federal Contract Tower,0,2,1,0,3,0,0,0,0,0,0,2,1,0,3,0,0,0,3
02/14/2022,GON,CT,ANE,EN,Federal Contract Tower,0,0,10,0,10,0,0,19,2,21,0,0,29,2,31,6,0,6,37
02/15/2022,GON,CT,ANE,EN,Federal Contract Tower,0,0,11,1,12,0,1,51,8,60,0,1,62,9,72,24,58,82,154
02/16/2022,GON,CT,ANE,EN,Federal Contract Tower,0,1,10,0,11,0,0,41,14,55,0,1,51,14,66,32,38,70,136
02/17/2022,GON,CT,ANE,EN,Federal Contract Tower,0,2,10,2,14,0,1,15,5,21,0,3,25,7,35,0,0,0,35
02/18/2022,GON,CT,ANE,EN,Federal Contract Tower,0,1,15,0,16,0,0,16,0,16,0,1,31,0,32,2,0,2,34
02/19/2022,GON,CT,ANE,EN,Federal Contract Tower,0,4,1,0,5,0,1,18,0,19,0,5,19,0,24,6,0,6,30
02/20/2022,GON,CT,ANE,EN,Federal Contract Tower,0,0,14,1,15,0,0,102,4,106,0,0,116,5,121,118,2,120,241
02/21/2022,GON,CT,ANE,EN,Federal Contract Tower,0,0,24,0,24,0,1,128,3,132,0,1,152,3,156,98,0,98,254
02/22/2022,GON,CT,ANE,EN,Federal Contract Tower,0,4,13,2,19,0,0,1,0,1,0,4,14,2,20,0,0,0,20
02/23/2022,GON,CT,ANE,EN,Federal Contract Tower,0,6,14,4,24,0,0,0,0,0,0,6,14,4,24,14,14,28,52
02/24/2022,GON,CT,ANE,EN,Federal Contract Tower,0,2,21,3,26,0,0,63,15,78,0,2,84,18,104,50,42,92,196
02/25/2022,GON,CT,ANE,EN,Federal Contract Tower,0,3,4,0,7,0,0,1,0,1,0,3,5,0,8,0,0,0,8
02/26/2022,GON,CT,ANE,EN,Federal Contract Tower,0,5,25,2,32,0,1,107,2,110,0,6,132,4,142,84,0,84,226
02/27/2022,GON,CT,ANE,EN,Federal Contract Tower,0,7,14,2,23,0,0,35,4,39,0,7,49,6,62,30,2,32,94
02/28/2022,GON,CT,ANE,EN,Federal Contract Tower,0,0,14,3,17,0,0,69,2,71,0,0,83,5,88,58,0,58,146
03/01/2022,GON,CT,ANE,EN,Federal Contract Tower,0,3,24,2,29,0,2,52,1,55,0,5,76,3,84,12,6,18,102
03/02/2022,GON,CT,ANE,EN,Federal Contract Tower,0,2,18,4,24,0,2,72,15,89,0,4,90,19,113,56,34,90,203
03/03/2022,GON,CT,ANE,EN,Federal Contract Tower,0,1,17,2,20,0,1,24,12,37,0,2,41,14,57,6,4,10,67
03/04/2022,GON,CT,ANE,EN,Federal Contract Tower,0,6,17,0,23,0,0,83,3,86,0,6,100,3,109,72,18,90,199
03/05/2022,GON,CT,ANE,EN,Federal Contract Tower,0,2,18,0,20,0,3,125,1,129,0,5,143,1,149,80,0,80,229
03/06/2022,GON,CT,ANE,EN,Federal Contract Tower,0,2,4,0,6,0,0,0,0,0,0,2,4,0,6,0,0,0,6
03/07/2022,GON,CT,ANE,EN,Federal Contract Tower,0,0,26,0,26,0,0,14,0,14,0,0,40,0,40,24,0,24,64
03/08/2022,GON,CT,ANE,EN,Federal Contract Tower,0,1,13,0,14,0,1,39,2,42,0,2,52,2,56,12,2,14,70
03/09/2022,GON,CT,ANE,EN,Federal Contract Tower,0,0,4,0,4,0,0,0,0,0,0,0,4,0,4,0,0,0,4
03/10/2022,GON,CT,ANE,EN,Federal Contract Tower,0,3,31,0,34,0,1,91,2,94,0,4,122,2,128,56,0,56,184
03/11/2022,GON,CT,ANE,EN,Federal Contract Tower,0,5,26,1,32,0,0,88,3,91,0,5,114,4,123,48,2,50,173
03/12/2022,GON,CT,ANE,EN,Federal Contract Tower,0,0,2,0,2,0,0,2,0,2,0,0,4,0,4,0,0,0,4
03/13/2022,GON,CT,ANE,EN,Federal Contract Tower,0,0,4,0,4,0,0,37,0,37,0,0,41,0,41,22,0,22,63
03/14/2022,GON,CT,ANE,EN,Federal Contract Tower,0,2,16,1,19,0,0,85,0,85,0,2,101,1,104,88,0,88,192
03/15/2022,GON,CT,ANE,EN,Federal Contract Tower,0,4,20,2,26,0,2,104,4,110,0,6,124,6,136,40,0,40,176
03/16/2022,GON,CT,ANE,EN,Federal Contract Tower,0,5,17,9,31,0,2,90,14,106,0,7,107,23,137,76,12,88,225
03/17/2022,GON,CT,ANE,EN,Federal Contract Tower,0,3,17,0,20,0,0,0,0,0,0,3,17,0,20,0,0,0,20
03/18/2022,GON,CT,ANE,EN,Federal Contract Tower,0,0,20,0,20,0,0,98,14,112,0,0,118,14,132,90,0,90,222
03/19/2022,GON,CT,ANE,EN,Federal Contract Tower,0,2,8,0,10,0,0,0,0,0,0,2,8,0,10,0,0,0,10
03/20/2022,GON,CT,ANE,EN,Federal Contract Tower,0,0,21,0,21,0,0,95,2,97,0,0,116,2,118,120,0,120,238
03/21/2022,GON,CT,ANE,EN,Federal Contract Tower,0,0,10,0,10,0,0,51,4,55,0,0,61,4,65,16,0,16,81
03/22/2022,GON,CT,ANE,EN,Federal Contract Tower,0,0,6,3,9,0,0,40,3,43,0,0,46,6,52,48,6,54,106
03/23/2022,GON,CT,ANE,EN,Federal Contract Tower,0,2,15,3,20,0,0,75,10,85,0,2,90,13,105,44,16,60,165
03/24/2022,GON,CT,ANE,EN,Federal Contract Tower,0,4,7,0,11,0,0,0,0,0,0,4,7,0,11,0,0,0,11
03/25/2022,GON,CT,ANE,EN,Federal Contract Tower,0,5,21,1,27,0,0,69,2,71,0,5,90,3,98,30,2,32,130
03/26/2022,GON,CT,ANE,EN,Federal Contract Tower,0,0,16,0,16,0,2,57,4,63,0,2,73,4,79,126,6,132,211
03/27/2022,GON,CT,ANE,EN,Federal Contract Tower,0,3,10,0,13,0,1,51,0,52,0,4,61,0,65,74,8,82,147
03/28/2022,GON,CT,ANE,EN,Federal Contract Tower,0,1,6,0,7,0,0,18,2,20,0,1,24,2,27,4,6,10,37
03/29/2022,GON,CT,ANE,EN,Federal Contract Tower,0,1,10,0,11,0,0,44,4,48,0,1,54,4,59,16,4,20,79
03/30/2022,GON,CT,ANE,EN,Federal Contract Tower,0,1,10,2,13,0,1,88,2,91,0,2,98,4,104,64,0,64,168
03/31/2022,GON,CT,ANE,EN,Federal Contract Tower,0,0,12,0,12,0,0,2,0,2,0,0,14,0,14,0,0,0,14
04/01/2022,GON,CT,ANE,EN,Federal Contract Tower,0,3,19,0,22,0,1,46,0,47,0,4,65,0,69,24,0,24,93
04/02/2022,GON,CT,ANE,EN,Federal Contract Tower,0,0,18,0,18,0,0,91,1,92,0,0,109,1,110,114,0,114,224
04/03/2022,GON,CT,ANE,EN,Federal Contract Tower,0,1,12,0,13,0,1,31,0,32,0,2,43,0,45,36,0,36,81
04/04/2022,GON,CT,ANE,EN,Federal Contract Tower,0,2,13,1,16,0,2,71,1,74,0,4,84,2,90,62,0,62,152
04/05/2022,GON,CT,ANE,EN,Federal Contract Tower,0,6,7,1,14,0,2,84,5,91,0,8,91,6,105,64,0,64,169
04/06/2022,GON,CT,ANE,EN,Federal Contract Tower,0,5,11,3,19,0,0,0,0,0,0,5,11,3,19,2,0,2,21
04/07/2022,GON,CT,ANE,EN,Federal Contract Tower,0,4,17,0,21,0,0,5,0,5,0,4,22,0,26,0,0,0,26
04/08/2022,GON,CT,ANE,EN,Federal Contract Tower,0,4,15,2,21,0,0,73,0,73,0,4,88,2,94,64,4,68,162
04/09/2022,GON,CT,ANE,EN,Federal Contract Tower,0,3,10,2,15,0,0,40,0,40,0,3,50,2,55,46,0,46,101
04/10/2022,GON,CT,ANE,EN,Federal Contract Tower,0,3,9,1,13,0,0,70,1,71,0,3,79,2,84,14,0,14,98
04/11/2022,GON,CT,ANE,EN,Federal Contract Tower,0,4,24,2,30,0,0,120,0,120,0,4,144,2,150,50,0,50,200
04/12/2022,GON,CT,ANE,EN,Federal Contract Tower,0,4,26,0,30,0,1,65,4,70,0,5,91,4,100,64,6,70,170
04/13/2022,GON,CT,ANE,EN,Federal Contract Tower,0,1,17,0,18,0,0,93,2,95,0,1,110,2,113,58,0,58,171
04/14/2022,GON,CT,ANE,EN,Federal Contract Tower,0,2,6,0,8,0,0,54,8,62,0,2,60,8,70,26,0,26,96
04/15/2022,GON,CT,ANE,EN,Federal Contract Tower,0,0,13,0,13,0,2,103,0,105,0,2,116,0,118,50,0,50,168
04/16/2022,GON,CT,ANE,EN,Federal Contract Tower,0,0,16,0,16,0,1,51,0,52,0,1,67,0,68,62,0,62,130
04/17/2022,GON,CT,ANE,EN,Federal Contract Tower,0,1,7,0,8,0,2,26,0,28,0,3,33,0,36,32,0,32,68
04/18/2022,GON,CT,ANE,EN,Federal Contract Tower,0,4,14,0,18,0,1,82,0,83,0,5,96,0,101,42,0,42,143
04/19/2022,GON,CT,ANE,EN,Federal Contract Tower,0,2,7,1,10,0,0,2,2,4,0,2,9,3,14,0,0,0,14
04/20/2022,GON,CT,ANE,EN,Federal Contract Tower,0,2,13,2,17,0,1,76,6,83,0,3,89,8,100,48,4,52,152
04/21/2022,GON,CT,ANE,EN,Federal Contract Tower,0,2,8,0,10,0,1,96,1,98,0,3,104,1,108,48,0,48,156
04/22/2022,GON,CT,ANE,EN,Federal Contract Tower,0,0,15,2,17,0,0,76,4,80,0,0,91,6,97,26,2,28,125
04/23/2022,GON,CT,ANE,EN,Federal Contract Tower,0,3,23,0,26,0,1,123,3,127,0,4,146,3,153,106,2,108,261
04/24/2022,GON,CT,ANE,EN,Federal Contract Tower,0,3,14,0,17,0,1,90,2,93,0,4,104,2,110,46,0,46,156
04/25/2022,GON,CT,ANE,EN,Federal Contract Tower,0,7,16,2,25,0,5,107,2,114,0,12,123,4,139,64,2,66,205
04/26/2022,GON,CT,ANE,EN,Federal Contract Tower,0,5,24,1,30,0,0,8,0,8,0,5,32,1,38,18,0,18,56
04/27/2022,GON,CT,ANE,EN,Federal Contract Tower,0,1,12,5,18,0,0,57,2,59,0,1,69,7,77,32,20,52,129
04/28/2022,GON,CT,ANE,EN,Federal Contract Tower,0,6,7,2,15,0,0,28,6,34,0,6,35,8,49,2,4,6,55
04/29/2022,GON,CT,ANE,EN,Federal Contract Tower,0,0,33,0,33,0,3,61,2,66,0,3,94,2,99,18,0,18,117
04/30/2022,GON,CT,ANE,EN,Federal Contract Tower,0,2,9,0,11,0,0,96,4,100,0,2,105,4,111,46,0,46,157
05/01/2022,GON,CT,ANE,EN,Federal Contract Tower,0,4,13,0,17,0,0,119,4,123,0,4,132,4,140,116,0,116,256
05/02/2022,GON,CT,ANE,EN,Federal Contract Tower,0,2,21,0,23,0,0,17,0,17,0,2,38,0,40,8,0,8,48
05/03/2022,GON,CT,ANE,EN,Federal Contract Tower,0,2,50,0,52,0,0,17,0,17,0,2,67,0,69,46,0,46,115
05/04/2022,GON,CT,ANE,EN,Federal Contract Tower,0,4,12,3,19,0,0,2,0,2,0,4,14,3,21,0,0,0,21
05/05/2022,GON,CT,ANE,EN,Federal Contract Tower,0,6,22,0,28,0,0,126,5,131,0,6,148,5,159,64,2,66,225
05/06/2022,GON,CT,ANE,EN,Federal Contract Tower,0,2,17,0,19,0,2,51,0,53,0,4,68,0,72,62,0,62,134
05/07/2022,GON,CT,ANE,EN,Federal Contract Tower,0,4,20,0,24,0,0,3,0,3,0,4,23,0,27,2,0,2,29
05/08/2022,GON,CT,ANE,EN,Federal Contract Tower,0,1,14,0,15,0,1,24,0,25,0,2,38,0,40,12,0,12,52
05/09/2022,GON,CT,ANE,EN,Federal Contract Tower,0,4,10,0,14,0,0,14,2,16,0,4,24,2,30,2,0,2,32
05/10/2022,GON,CT,ANE,EN,Federal Contract Tower,0,3,13,0,16,0,2,41,4,47,0,5,54,4,63,8,0,8,71
05/11/2022,GON,CT,ANE,EN,Federal Contract Tower,0,6,8,0,14,0,1,47,0,48,0,7,55,0,62,38,0,38,100
05/12/2022,GON,CT,ANE,EN,Federal Contract Tower,0,8,14,0,22,0,0,59,1,60,0,8,73,1,82,70,0,70,152
05/13/2022,GON,CT,ANE,EN,Federal Contract Tower,0,22,34,2,58,0,0,0,0,0,0,22,34,2,58,0,0,0,58
05/14/2022,GON,CT,ANE,EN,Federal Contract Tower,0,4,21,0,25,0,0,2,0,2,0,4,23,0,27,0,0,0,27
05/15/2022,GON,CT,ANE,EN,Federal Contract Tower,0,10,12,0,22,0,0,5,0,5,0,10,17,0,27,32,0,32,59
05/16/2022,GON,CT,ANE,EN,Federal Contract Tower,0,6,12,0,18,0,0,25,0,25,0,6,37,0,43,32,0,32,75
05/17/2022,GON,CT,ANE,EN,Federal Contract Tower,0,3,9,1,13,0,2,84,2,88,0,5,93,3,101,40,6,46,147
05/18/2022,GON,CT,ANE,EN,Federal Contract Tower,0,3,11,5,19,0,0,48,7,55,0,3,59,12,74,8,0,8,82
05/19/2022,GON,CT,ANE,EN,Federal Contract Tower,0,4,19,2,25,0,0,2,0,2,0,4,21,2,27,0,0,0,27
05/20/2022,GON,CT,ANE,EN,Federal Contract Tower,0,8,22,0,30,0,2,37,0,39,0,10,59,0,69,64,0,64,133
05/21/2022,GON,CT,ANE,EN,Federal Contract Tower,0,2,36,1,39,0,0,77,0,77,0,2,113,1,116,50,0,50,166
05/22/2022,GON,CT,ANE,EN,Federal Contract Tower,0,11,14,0,25,0,1,119,4,124,0,12,133,4,149,60,8,68,217
05/23/2022,GON,CT,ANE,EN,Federal Contract Tower,0,3,14,0,17,0,2,121,0,123,0,5,135,0,140,82,0,82,222
05/24/2022,GON,CT,ANE,EN,Federal Contract Tower,0,7,22,0,29,0,2,121,2,125,0,9,143,2,154,72,10,82,236
05/25/2022,GON,CT,ANE,EN,Federal Contract Tower,0,8,12,0,20,0,5,109,4,118,0,13,121,4,138,48,8,56,194
05/26/2022,GON,CT,ANE,EN,Federal Contract Tower,0,4,11,0,15,0,0,112,2,114,0,4,123,2,129,46,0,46,175
05/27/2022,GON,CT,ANE,EN,Federal Contract Tower,0,4,19,0,23,0,1,3,0,4,0,5,22,0,27,0,0,0,27
05/28/2022,GON,CT,ANE,EN,Federal Contract Tower,0,7,17,0,24,0,0,9,0,9,0,7,26,0,33,10,0,10,43
05/29/2022,GON,CT,ANE,EN,Federal Contract Tower,0,5,13,0,18,0,0,148,0,148,0,5,161,0,166,78,0,78,244
05/30/2022,GON,CT,ANE,EN,Federal Contract Tower,0,3,7,0,10,0,7,122,0,129,0,10,129,0,139,54,0,54,193
05/31/2022,GON,CT,ANE,EN,Federal Contract Tower,0,9,17,2,28,0,1,83,0,84,0,10,100,2,112,44,0,44,156
06/01/2022,GON,CT,ANE,EN,Federal Contract Tower,0,8,13,0,21,0,2,69,2,73,0,10,82,2,94,32,0,32,126
06/02/2022,GON,CT,ANE,EN,Federal Contract Tower,0,7,14,3,24,0,0,16,0,16,0,7,30,3,40,6,0,6,46
06/03/2022,GON,CT,ANE,EN,Federal Contract Tower,0,10,21,4,35,0,5,50,1,56,0,15,71,5,91,56,22,78,169
06/04/2022,GON,CT,ANE,EN,Federal Contract Tower,0,4,14,0,18,0,0,51,1,52,0,4,65,1,70,50,0,50,120
06/05/2022,GON,CT,ANE,EN,Federal Contract Tower,0,3,9,0,12,0,1,123,0,124,0,4,132,0,136,88,0,88,224
06/06/2022,GON,CT,ANE,EN,Federal Contract Tower,0,3,17,1,21,0,0,95,3,98,0,3,112,4,119,48,0,48,167
06/07/2022,GON,CT,ANE,EN,Federal Contract Tower,0,4,16,0,20,0,2,68,6,76,0,6,84,6,96,46,0,46,142
06/08/2022,GON,CT,ANE,EN,Federal Contract Tower,0,3,14,4,21,0,0,63,5,68,0,3,77,9,89,92,18,110,199
06/09/2022,GON,CT,ANE,EN,Federal Contract Tower,0,0,19,0,19,0,0,31,0,31,0,0,50,0,50,2,0,2,52
06/10/2022,GON,CT,ANE,EN,Federal Contract Tower,0,2,31,0,33,0,9,133,11,153,0,11,164,11,186,110,0,110,296
06/11/2022,GON,CT,ANE,EN,Federal Contract Tower,0,8,12,0,20,0,1,100,2,103,0,9,112,2,123,50,14,64,187
06/12/2022,GON,CT,ANE,EN,Federal Contract Tower,0,3,30,0,33,0,2,74,2,78,0,5,104,2,111,16,0,16,127
06/13/2022,GON,CT,ANE,EN,Federal Contract Tower,0,12,13,1,26,0,2,88,2,92,0,14,101,3,118,68,0,68,186
06/14/2022,GON,CT,ANE,EN,Federal Contract Tower,0,1,21,0,22,0,2,109,0,111,0,3,130,0,133,62,0,62,195
06/15/2022,GON,CT,ANE,EN,Federal Contract Tower,0,3,8,2,13,0,0,89,6,95,0,3,97,8,108,58,0,58,166
06/16/2022,GON,CT,ANE,EN,Federal Contract Tower,0,16,29,4,49,0,6,57,5,68,0,22,86,9,117,60,0,60,177
06/17/2022,GON,CT,ANE,EN,Federal Contract Tower,0,4,31,0,35,0,1,25,5,31,0,5,56,5,66,40,0,40,106
06/18/2022,GON,CT,ANE,EN,Federal Contract Tower,0,3,10,0,13,0,1,57,2,60,0,4,67,2,73,32,0,32,105
06/19/2022,GON,CT,ANE,EN,Federal Contract Tower,0,1,22,1,24,0,3,46,2,51,0,4,68,3,75,28,12,40,115
06/20/2022,GON,CT,ANE,EN,Federal Contract Tower,0,6,17,2,25,0,1,117,4,122,0,7,134,6,147,86,2,88,235
06/21/2022,GON,CT,ANE,EN,Federal Contract Tower,0,4,38,2,44,0,2,90,10,102,0,6,128,12,146,58,4,62,208
06/22/2022,GON,CT,ANE,EN,Federal Contract Tower,0,7,21,3,31,0,2,13,0,15,0,9,34,3,46,34,0,34,80
06/23/2022,GON,CT,ANE,EN,Federal Contract Tower,0,4,21,2,27,0,2,85,1,88,0,6,106,3,115,64,6,70,185
06/24/2022,GON,CT,ANE,EN,Federal Contract Tower,0,8,29,0,37,0,2,92,2,96,0,10,121,2,133,122,0,122,255
06/25/2022,GON,CT,ANE,EN,Federal Contract Tower,0,5,27,0,32,0,2,152,0,154,0,7,179,0,186,54,0,54,240
06/26/2022,GON,CT,ANE,EN,Federal Contract Tower,0,7,17,0,24,0,1,121,2,124,0,8,138,2,148,64,0,64,212
06/27/2022,GON,CT,ANE,EN,Federal Contract Tower,0,6,24,0,30,0,1,28,0,29,0,7,52,0,59,10,0,10,69
06/28/2022,GON,CT,ANE,EN,Federal Contract Tower,0,7,16,4,27,0,3,108,4,115,0,10,124,8,142,24,0,24,166
06/29/2022,GON,CT,ANE,EN,Federal Contract Tower,0,10,17,2,29,0,2,81,0,83,0,12,98,2,112,52,0,52,164
06/30/2022,GON,CT,ANE,EN,Federal Contract Tower,0,13,27,2,42,0,7,130,2,139,0,20,157,4,181,82,0,82,263
07/01/2022,GON,CT,ANE,EN,Federal Contract Tower,0,13,23,0,36,0,2,106,0,108,0,15,129,0,144,100,0,100,244
07/02/2022,GON,CT,ANE,EN,Federal Contract Tower,0,10,10,0,20,0,2,15,0,17,0,12,25,0,37,16,0,16,53
07/03/2022,GON,CT,ANE,EN,Federal Contract Tower,0,0,20,0,20,0,3,105,0,108,0,3,125,0,128,16,0,16,144
07/04/2022,GON,CT,ANE,EN,Federal Contract Tower,0,6,8,0,14,0,3,91,1,95,0,9,99,1,109,38,0,38,147
07/05/2022,GON,CT,ANE,EN,Federal Contract Tower,0,9,21,0,30,0,1,72,1,74,0,10,93,1,104,60,0,60,164
07/06/2022,GON,CT,ANE,EN,Federal Contract Tower,0,10,25,5,40,0,3,64,4,71,0,13,89,9,111,26,0,26,137
07/07/2022,GON,CT,ANE,EN,Federal Contract Tower,0,7,9,0,16,0,9,94,3,106,0,16,103,3,122,50,8,58,180
07/08/2022,GON,CT,ANE,EN,Federal Contract Tower,0,6,19,1,26,0,2,103,3,108,0,8,122,4,134,54,0,54,188
07/09/2022,GON,CT,ANE,EN,Federal Contract Tower,0,2,14,0,16,0,0,119,0,119,0,2,133,0,135,90,0,90,225
07/10/2022,GON,CT,ANE,EN,Federal Contract Tower,0,6,9,0,15,0,5,133,0,138,0,11,142,0,153,54,0,54,207
07/11/2022,GON,CT,ANE,EN,Federal Contract Tower,0,6,12,1,19,0,4,100,1,105,0,10,112,2,124,48,0,48,172
07/12/2022,GON,CT,ANE,EN,Federal Contract Tower,0,7,10,4,21,0,2,74,5,81,0,9,84,9,102,74,16,90,192
07/13/2022,GON,CT,ANE,EN,Federal Contract Tower,0,8,13,3,24,0,5,116,6,127,0,13,129,9,151,76,0,76,227
07/14/2022,GON,CT,ANE,EN,Federal Contract Tower,0,10,25,0,35,0,8,85,2,95,0,18,110,2,130,64,0,64,194
07/15/2022,GON,CT,ANE,EN,Federal Contract Tower,0,5,24,2,31,0,5,121,0,126,0,10,145,2,157,68,4,72,229
07/16/2022,GON,CT,ANE,EN,Federal Contract Tower,0,14,17,4,35,0,2,72,0,74,0,16,89,4,109,56,0,56,165
07/17/2022,GON,CT,ANE,EN,Federal Contract Tower,0,9,23,0,32,0,5,67,0,72,0,14,90,0,104,34,0,34,138
07/18/2022,GON,CT,ANE,EN,Federal Contract Tower,0,15,22,0,37,0,0,0,0,0,0,15,22,0,37,0,0,0,37
07/19/2022,GON,CT,ANE,EN,Federal Contract Tower,0,5,22,4,31,0,3,88,0,91,0,8,110,4,122,44,0,44,166
07/20/2022,GON,CT,ANE,EN,Federal Contract Tower,0,9,12,2,23,0,5,122,2,129,0,14,134,4,152,108,12,120,272
07/21/2022,GON,CT,ANE,EN,Federal Contract Tower,0,12,22,4,38,0,0,32,2,34,0,12,54,6,72,14,0,14,86
07/22/2022,GON,CT,ANE,EN,Federal Contract Tower,0,12,22,1,35,0,7,115,16,138,0,19,137,17,173,86,6,92,265
07/23/2022,GON,CT,ANE,EN,Federal Contract Tower,0,4,19,0,23,0,3,75,0,78,0,7,94,0,101,82,4,86,187
07/24/2022,GON,CT,ANE,EN,Federal Contract Tower,0,8,16,0,24,0,6,73,0,79,0,14,89,0,103,36,0,36,139
07/25/2022,GON,CT,ANE,EN,Federal Contract Tower,0,12,21,0,33,0,0,16,0,16,0,12,37,0,49,24,0,24,73
07/26/2022,GON,CT,ANE,EN,Federal Contract Tower,0,3,17,0,20,0,3,124,0,127,0,6,141,0,147,72,0,72,219
07/27/2022,GON,CT,ANE,EN,Federal Contract Tower,0,6,10,0,16,0,2,103,0,105,0,8,113,0,121,74,0,74,195
07/28/2022,GON,CT,ANE,EN,Federal Contract Tower,0,15,25,1,41,0,1,37,9,47,0,16,62,10,88,10,30,40,128
07/29/2022,GON,CT,ANE,EN,Federal Contract Tower,0,11,21,3,35,0,4,77,0,81,0,15,98,3,116,26,0,26,142
07/30/2022,GON,CT,ANE,EN,Federal Contract Tower,0,8,9,0,17,0,3,90,0,93,0,11,99,0,110,76,0,76,186
07/31/2022,GON,CT,ANE,EN,Federal Contract Tower,0,11,9,0,20,0,12,120,0,132,0,23,129,0,152,66,0,66,218
08/01/2022,GON,CT,ANE,EN,Federal Contract Tower,0,4,48,0,52,0,1,27,0,28,0,5,75,0,80,22,0,22,102
08/02/2022,GON,CT,ANE,EN,Federal Contract Tower,0,7,23,4,34,0,1,74,0,75,0,8,97,4,109,90,0,90,199
08/03/2022,GON,CT,ANE,EN,Federal Contract Tower,0,7,17,2,26,0,3,146,5,154,0,10,163,7,180,120,8,128,308
08/04/2022,GON,CT,ANE,EN,Federal Contract Tower,0,9,24,2,35,0,7,108,5,120,0,16,132,7,155,76,2,78,233
08/05/2022,GON,CT,ANE,EN,Federal Contract Tower,0,7,9,0,16,0,5,88,2,95,0,12,97,2,111,104,2,106,217
08/06/2022,GON,CT,ANE,EN,Federal Contract Tower,0,4,11,0,15,0,2,80,0,82,0,6,91,0,97,56,0,56,153
08/07/2022,GON,CT,ANE,EN,Federal Contract Tower,0,5,12,0,17,0,2,124,0,126,0,7,136,0,143,94,0,94,237
08/08/2022,GON,CT,ANE,EN,Federal Contract Tower,0,7,10,0,17,0,1,53,0,54,0,8,63,0,71,80,0,80,151
08/09/2022,GON,CT,ANE,EN,Federal Contract Tower,0,4,11,1,16,0,3,72,2,77,0,7,83,3,93,78,0,78,171
08/10/2022,GON,CT,ANE,EN,Federal Contract Tower,0,8,26,0,34,0,3,74,5,82,0,11,100,5,116,64,22,86,202
08/11/2022,GON,CT,ANE,EN,Federal Contract Tower,0,26,36,3,65,0,3,38,0,41,0,29,74,3,106,12,0,12,118
08/12/2022,GON,CT,ANE,EN,Federal Contract Tower,0,3,18,0,21,0,5,131,2,138,0,8,149,2,159,82,0,82,241
08/13/2022,GON,CT,ANE,EN,Federal Contract Tower,0,6,13,0,19,0,7,117,0,124,0,13,130,0,143,108,0,108,251
08/14/2022,GON,CT,ANE,EN,Federal Contract Tower,0,7,12,0,19,0,6,115,0,121,0,13,127,0,140,94,0,94,234
08/15/2022,GON,CT,ANE,EN,Federal Contract Tower,0,2,14,0,16,0,1,91,0,92,0,3,105,0,108,72,0,72,180
08/16/2022,GON,CT,ANE,EN,Federal Contract Tower,0,5,23,0,28,0,4,57,9,70,0,9,80,9,98,74,22,96,194
08/17/2022,GON,CT,ANE,EN,Federal Contract Tower,0,7,11,0,18,0,1,61,4,66,0,8,72,4,84,28,6,34,118
08/18/2022,GON,CT,ANE,EN,Federal Contract Tower,0,12,15,3,30,0,4,78,1,83,0,16,93,4,113,48,2,50,163
08/19/2022,GON,CT,ANE,EN,Federal Contract Tower,0,2,15,1,18,0,7,136,5,148,0,9,151,6,166,84,2,86,252
08/20/2022,GON,CT,ANE,EN,Federal Contract Tower,0,4,11,0,15,0,7,118,0,125,0,11,129,0,140,120,0,120,260
08/21/2022,GON,CT,ANE,EN,Federal Contract Tower,0,9,28,0,37,0,10,78,0,88,0,19,106,0,125,80,0,80,205
08/22/2022,GON,CT,ANE,EN,Federal Contract Tower,0,16,21,0,37,0,0,0,0,0,0,16,21,0,37,2,0,2,39
08/23/2022,GON,CT,ANE,EN,Federal Contract Tower,0,12,26,0,38,0,1,29,0,30,0,13,55,0,68,26,0,26,94
08/24/2022,GON,CT,ANE,EN,Federal Contract Tower,0,9,24,2,35,0,7,132,2,141,0,16,156,4,176,30,4,34,210
08/25/2022,GON,CT,ANE,EN,Federal Contract Tower,0,7,19,0,26,0,6,110,4,120,0,13,129,4,146,90,4,94,240
08/26/2022,GON,CT,ANE,EN,Federal Contract Tower,0,9,14,2,25,0,8,98,3,109,0,17,112,5,134,90,4,94,228
08/27/2022,GON,CT,ANE,EN,Federal Contract Tower,0,6,15,0,21,0,1,92,0,93,0,7,107,0,114,82,0,82,196
08/28/2022,GON,CT,ANE,EN,Federal Contract Tower,0,10,31,2,43,0,2,105,0,107,0,12,136,2,150,66,0,66,216
08/29/2022,GON,CT,ANE,EN,Federal Contract Tower,0,5,32,0,37,0,1,66,4,71,0,6,98,4,108,152,14,166,274
08/30/2022,GON,CT,ANE,EN,Federal Contract Tower,0,2,38,2,42,0,0,42,4,46,0,2,80,6,88,42,0,42,130
08/31/2022,GON,CT,ANE,EN,Federal Contract Tower,0,5,20,2,27,0,5,57,9,71,0,10,77,11,98,50,0,50,148
09/01/2022,GON,CT,ANE,EN,Federal Contract Tower,0,14,22,2,38,0,2,123,9,134,0,16,145,11,172,60,0,60,232
09/02/2022,GON,CT,ANE,EN,Federal Contract Tower,0,6,27,0,33,0,4,112,1,117,0,10,139,1,150,122,0,122,272
09/03/2022,GON,CT,ANE,EN,Federal Contract Tower,0,3,18,0,21,0,5,111,0,116,0,8,129,0,137,94,0,94,231
09/04/2022,GON,CT,ANE,EN,Federal Contract Tower,0,8,7,0,15,0,1,64,0,65,0,9,71,0,80,90,0,90,170
09/05/2022,GON,CT,ANE,EN,Federal Contract Tower,0,5,22,0,27,0,3,22,0,25,0,8,44,0,52,40,0,40,92
09/06/2022,GON,CT,ANE,EN,Federal Contract Tower,0,4,24,0,28,0,0,0,0,0,0,4,24,0,28,0,0,0,28
09/07/2022,GON,CT,ANE,EN,Federal Contract Tower,0,12,33,2,47,0,0,31,12,43,0,12,64,14,90,38,8,46,136
09/08/2022,GON,CT,ANE,EN,Federal Contract Tower,0,4,20,1,25,0,2,74,7,83,0,6,94,8,108,68,0,68,176
09/09/2022,GON,CT,ANE,EN,Federal Contract Tower,0,14,32,0,46,0,9,111,4,124,0,23,143,4,170,92,10,102,272
09/10/2022,GON,CT,ANE,EN,Federal Contract Tower,0,4,20,2,26,0,1,98,18,117,0,5,118,20,143,46,0,46,189
09/11/2022,GON,CT,ANE,EN,Federal Contract Tower,0,8,20,0,28,0,5,75,4,84,0,13,95,4,112,80,0,80,192
09/12/2022,GON,CT,ANE,EN,Federal Contract Tower,0,3,19,2,24,0,0,14,0,14,0,3,33,2,38,32,0,32,70
09/13/2022,GON,CT,ANE,EN,Federal Contract Tower,0,8,22,2,32,0,0,1,0,1,0,8,23,2,33,0,0,0,33
09/14/2022,GON,CT,ANE,EN,Federal Contract Tower,0,9,22,0,31,0,4,98,11,113,0,13,120,11,144,58,28,86,230
09/15/2022,GON,CT,ANE,EN,Federal Contract Tower,0,10,19,1,30,0,4,89,5,98,0,14,108,6,128,84,8,92,220
09/16/2022,GON,CT,ANE,EN,Federal Contract Tower,0,8,19,0,27,0,6,125,1,132,0,14,144,1,159,136,0,136,295
09/17/2022,GON,CT,ANE,EN,Federal Contract Tower,0,1,6,0,7,0,6,119,2,127,0,7,125,2,134,74,0,74,208
09/18/2022,GON,CT,ANE,EN,Federal Contract Tower,0,5,19,0,24,0,2,82,0,84,0,7,101,0,108,54,0,54,162
09/19/2022,GON,CT,ANE,EN,Federal Contract Tower,0,5,10,0,15,0,1,66,0,67,0,6,76,0,82,82,0,82,164
09/20/2022,GON,CT,ANE,EN,Federal Contract Tower,0,10,14,2,26,0,1,52,2,55,0,11,66,4,81,96,0,96,177
09/21/2022,GON,CT,ANE,EN,Federal Contract Tower,0,12,20,3,35,0,2,61,1,64,0,14,81,4,99,108,0,108,207
09/22/2022,GON,CT,ANE,EN,Federal Contract Tower,0,2,10,0,12,0,2,4,0,6,0,4,14,0,18,0,0,0,18
09/23/2022,GON,CT,ANE,EN,Federal Contract Tower,0,2,5,0,7,0,2,29,6,37,0,4,34,6,44,46,0,46,90
09/24/2022,GON,CT,ANE,EN,Federal Contract Tower,0,2,17,0,19,0,0,113,0,113,0,2,130,0,132,84,0,84,216
09/25/2022,GON,CT,ANE,EN,Federal Contract Tower,0,2,15,0,17,0,0,90,0,90,0,2,105,0,107,92,0,92,199
09/26/2022,GON,CT,ANE,EN,Federal Contract Tower,0,3,23,2,28,0,0,58,1,59,0,3,81,3,87,38,6,44,131
09/27/2022,GON,CT,ANE,EN,Federal Contract Tower,0,9,19,0,28,0,4,99,5,108,0,13,118,5,136,88,0,88,224
09/28/2022,GON,CT,ANE,EN,Federal Contract Tower,0,4,15,0,19,0,0,74,6,80,0,4,89,6,99,98,18,116,215
09/29/2022,GON,CT,ANE,EN,Federal Contract Tower,0,9,13,0,22,0,0,90,10,100,0,9,103,10,122,108,22,130,252
09/30/2022,GON,CT,ANE,EN,Federal Contract Tower,0,2,23,0,25,0,3,94,0,97,0,5,117,0,122,82,0,82,204
10/01/2022,GON,CT,ANE,EN,Federal Contract Tower,0,6,8,0,14,0,0,0,0,0,0,6,8,0,14,0,0,0,14
10/02/2022,GON,CT,ANE,EN,Federal Contract Tower,0,8,11,0,19,0,0,9,0,9,0,8,20,0,28,22,0,22,50
10/03/2022,GON,CT,ANE,EN,Federal Contract Tower,0,8,8,0,16,0,0,40,0,40,0,8,48,0,56,48,0,48,104
10/04/2022,GON,CT,ANE,EN,Federal Contract Tower,0,3,9,2,14,0,0,7,0,7,0,3,16,2,21,10,0,10,31
10/05/2022,GON,CT,ANE,EN,Federal Contract Tower,0,3,7,4,14,0,0,6,0,6,0,3,13,4,20,0,0,0,20
10/06/2022,GON,CT,ANE,EN,Federal Contract Tower,0,4,29,0,33,0,0,119,2,121,0,4,148,2,154,156,0,156,310
10/07/2022,GON,CT,ANE,EN,Federal Contract Tower,0,0,20,0,20,0,1,125,1,127,0,1,145,1,147,72,10,82,229
10/08/2022,GON,CT,ANE,EN,Federal Contract Tower,0,3,23,0,26,0,2,103,0,105,0,5,126,0,131,112,0,112,243
10/09/2022,GON,CT,ANE,EN,Federal Contract Tower,0,1,8,0,9,0,2,103,0,105,0,3,111,0,114,58,0,58,172
10/10/2022,GON,CT,ANE,EN,Federal Contract Tower,0,3,17,0,20,0,2,131,0,133,0,5,148,0,153,28,0,28,181
10/11/2022,GON,CT,ANE,EN,Federal Contract Tower,0,3,16,1,20,0,0,93,0,93,0,3,109,1,113,114,0,114,227
10/12/2022,GON,CT,ANE,EN,Federal Contract Tower,0,2,20,1,23,0,2,103,0,105,0,4,123,1,128,72,12,84,212
10/13/2022,GON,CT,ANE,EN,Federal Contract Tower,0,1,18,1,20,0,0,4,0,4,0,1,22,1,24,0,8,8,32
10/14/2022,GON,CT,ANE,EN,Federal Contract Tower,0,2,21,0,23,0,1,66,0,67,0,3,87,0,90,78,4,82,172
10/15/2022,GON,CT,ANE,EN,Federal Contract Tower,0,5,15,0,20,0,0,121,2,123,0,5,136,2,143,60,4,64,207
10/16/2022,GON,CT,ANE,EN,Federal Contract Tower,0,3,14,1,18,0,3,136,0,139,0,6,150,1,157,64,0,64,221
10/17/2022,GON,CT,ANE,EN,Federal Contract Tower,0,5,19,0,24,0,0,23,0,23,0,5,42,0,47,16,0,16,63
10/18/2022,GON,CT,ANE,EN,Federal Contract Tower,0,9,18,2,29,0,2,57,8,67,0,11,75,10,96,70,30,100,196
10/19/2022,GON,CT,ANE,EN,Federal Contract Tower,0,5,14,2,21,0,0,67,1,68,0,5,81,3,89,54,4,58,147
10/20/2022,GON,CT,ANE,EN,Federal Contract Tower,0,4,7,2,13,0,4,78,6,88,0,8,85,8,101,72,4,76,177
10/21/2022,GON,CT,ANE,EN,Federal Contract Tower,0,5,13,2,20,0,3,136,0,139,0,8,149,2,159,98,6,104,263
10/22/2022,GON,CT,ANE,EN,Federal Contract Tower,0,2,21,2,25,0,1,105,6,112,0,3,126,8,137,154,0,154,291
10/23/2022,GON,CT,ANE,EN,Federal Contract Tower,0,6,12,0,18,0,1,32,0,33,0,7,44,0,51,36,0,36,87
10/24/2022,GON,CT,ANE,EN,Federal Contract Tower,0,7,11,0,18,0,0,0,0,0,0,7,11,0,18,0,0,0,18
10/25/2022,GON,CT,ANE,EN,Federal Contract Tower,0,8,8,0,16,0,0,2,0,2,0,8,10,0,18,0,0,0,18
10/26/2022,GON,CT,ANE,EN,Federal Contract Tower,0,6,15,1,22,0,0,0,0,0,0,6,15,1,22,2,0,2,24
10/27/2022,GON,CT,ANE,EN,Federal Contract Tower,0,1,29,0,30,0,0,91,0,91,0,1,120,0,121,62,0,62,183
10/28/2022,GON,CT,ANE,EN,Federal Contract Tower,0,0,25,2,27,0,0,77,0,77,0,0,102,2,104,60,6,66,170
10/29/2022,GON,CT,ANE,EN,Federal Contract Tower,0,0,18,0,18,0,0,101,0,101,0,0,119,0,119,136,0,136,255
10/30/2022,GON,CT,ANE,EN,Federal Contract Tower,0,1,12,0,13,0,0,108,0,108,0,1,120,0,121,78,0,78,199
10/31/2022,GON,CT,ANE,EN,Federal Contract Tower,0,3,25,0,28,0,0,37,0,37,0,3,62,0,65,34,0,34,99
11/01/2022,GON,CT,ANE,EN,Federal Contract Tower,0,6,16,2,24,0,0,4,0,4,0,6,20,2,28,4,0,4,32
11/02/2022,GON,CT,ANE,EN,Federal Contract Tower,0,1,20,2,23,0,2,125,2,129,0,3,145,4,152,64,40,104,256
11/03/2022,GON,CT,ANE,EN,Federal Contract Tower,0,3,17,2,22,0,1,115,4,120,0,4,132,6,142,70,0,70,212
11/04/2022,GON,CT,ANE,EN,Federal Contract Tower,0,10,34,4,48,0,0,100,3,103,0,10,134,7,151,98,8,106,257
11/05/2022,GON,CT,ANE,EN,Federal Contract Tower,0,3,29,0,32,0,0,102,0,102,0,3,131,0,134,146,0,146,280
11/06/2022,GON,CT,ANE,EN,Federal Contract Tower,0,6,11,0,17,0,0,76,2,78,0,6,87,2,95,34,0,34,129
11/07/2022,GON,CT,ANE,EN,Federal Contract Tower,0,1,18,0,19,0,1,72,0,73,0,2,90,0,92,124,0,124,216
11/08/2022,GON,CT,ANE,EN,Federal Contract Tower,0,2,10,4,16,0,0,53,4,57,0,2,63,8,73,54,0,54,127
11/09/2022,GON,CT,ANE,EN,Federal Contract Tower,0,4,22,1,27,0,0,123,4,127,0,4,145,5,154,78,6,84,238
11/10/2022,GON,CT,ANE,EN,Federal Contract Tower,0,0,16,0,16,0,0,97,5,102,0,0,113,5,118,74,0,74,192
11/11/2022,GON,CT,ANE,EN,Federal Contract Tower,0,2,13,0,15,0,0,43,0,43,0,2,56,0,58,72,0,72,130
11/12/2022,GON,CT,ANE,EN,Federal Contract Tower,0,3,8,0,11,0,0,24,0,24,0,3,32,0,35,26,2,28,63
11/13/2022,GON,CT,ANE,EN,Federal Contract Tower,0,3,13,0,16,0,0,28,0,28,0,3,41,0,44,24,0,24,68
11/14/2022,GON,CT,ANE,EN,Federal Contract Tower,0,3,21,0,24,0,0,81,0,81,0,3,102,0,105,52,0,52,157
11/15/2022,GON,CT,ANE,EN,Federal Contract Tower,0,6,13,4,23,0,0,78,2,80,0,6,91,6,103,40,0,40,143
11/16/2022,GON,CT,ANE,EN,Federal Contract Tower,0,0,13,2,15,0,0,10,2,12,0,0,23,4,27,6,0,6,33
11/17/2022,GON,CT,ANE,EN,Federal Contract Tower,0,3,10,0,13,0,1,62,0,63,0,4,72,0,76,30,0,30,106
11/18/2022,GON,CT,ANE,EN,Federal Contract Tower,0,9,16,0,25,0,0,85,0,85,0,9,101,0,110,92,0,92,202
11/19/2022,GON,CT,ANE,EN,Federal Contract Tower,0,2,8,2,12,0,0,100,16,116,0,2,108,18,128,132,12,144,272
11/20/2022,GON,CT,ANE,EN,Federal Contract Tower,0,4,6,0,10,0,0,25,0,25,0,4,31,0,35,24,0,24,59
11/21/2022,GON,CT,ANE,EN,Federal Contract Tower,0,1,13,0,14,0,0,81,2,83,0,1,94,2,97,66,14,80,177
11/22/2022,GON,CT,ANE,EN,Federal Contract Tower,0,8,17,5,30,0,0,98,11,109,0,8,115,16,139,58,32,90,229
11/23/2022,GON,CT,ANE,EN,Federal Contract Tower,0,5,19,0,24,0,0,101,1,102,0,5,120,1,126,46,12,58,184
11/24/2022,GON,CT,ANE,EN,Federal Contract Tower,0,0,3,0,3,0,1,59,0,60,0,1,62,0,63,30,0,30,93
11/25/2022,GON,CT,ANE,EN,Federal Contract Tower,0,0,7,0,7,0,0,35,0,35,0,0,42,0,42,68,0,68,110
11/26/2022,GON,CT,ANE,EN,Federal Contract Tower,0,2,15,0,17,0,1,117,3,121,0,3,132,3,138,100,0,100,238
11/27/2022,GON,CT,ANE,EN,Federal Contract Tower,0,7,10,0,17,0,2,33,0,35,0,9,43,0,52,28,0,28,80
11/28/2022,GON,CT,ANE,EN,Federal Contract Tower,0,2,20,0,22,0,0,60,0,60,0,2,80,0,82,16,0,16,98
11/29/2022,GON,CT,ANE,EN,Federal Contract Tower,0,4,15,0,19,0,0,75,5,80,0,4,90,5,99,128,0,128,227
11/30/2022,GON,CT,ANE,EN,Federal Contract Tower,0,2,5,0,7,0,0,12,1,13,0,2,17,1,20,2,8,10,30
12/01/2022,GON,CT,ANE,EN,Federal Contract Tower,0,5,9,0,14,0,0,58,5,63,0,5,67,5,77,60,2,62,139
12/02/2022,GON,CT,ANE,EN,Federal Contract Tower,0,5,17,0,22,0,0,126,2,128,0,5,143,2,150,86,0,86,236
12/03/2022,GON,CT,ANE,EN,Federal Contract Tower,0,1,6,0,7,0,0,0,0,0,0,1,6,0,7,2,0,2,9
12/04/2022,GON,CT,ANE,EN,Federal Contract Tower,0,3,8,0,11,0,2,115,0,117,0,5,123,0,128,96,0,96,224
12/05/2022,GON,CT,ANE,EN,Federal Contract Tower,0,0,22,2,24,0,0,126,3,129,0,0,148,5,153,78,2,80,233
12/06/2022,GON,CT,ANE,EN,Federal Contract Tower,0,2,18,0,20,0,0,40,9,49,0,2,58,9,69,52,16,68,137
12/07/2022,GON,CT,ANE,EN,Federal Contract Tower,0,1,19,0,20,0,0,0,0,0,0,1,19,0,20,0,0,0,20
12/08/2022,GON,CT,ANE,EN,Federal Contract Tower,0,0,14,0,14,0,0,89,3,92,0,0,103,3,106,28,8,36,142
12/09/2022,GON,CT,ANE,EN,Federal Contract Tower,0,1,16,0,17,0,0,105,0,105,0,1,121,0,122,76,0,76,198
12/10/2022,GON,CT,ANE,EN,Federal Contract Tower,0,3,13,0,16,0,0,41,8,49,0,3,54,8,65,128,6,134,199
12/11/2022,GON,CT,ANE,EN,Federal Contract Tower,0,6,5,0,11,0,0,31,5,36,0,6,36,5,47,70,12,82,129
12/12/2022,GON,CT,ANE,EN,Federal Contract Tower,0,1,9,0,10,0,0,40,0,40,0,1,49,0,50,42,0,42,92
12/13/2022,GON,CT,ANE,EN,Federal Contract Tower,0,0,18,3,21,0,0,70,7,77,0,0,88,10,98,48,2,50,148
12/14/2022,GON,CT,ANE,EN,Federal Contract Tower,0,3,11,1,15,0,0,59,4,63,0,3,70,5,78,22,0,22,100
12/15/2022,GON,CT,ANE,EN,Federal Contract Tower,0,3,9,0,12,0,2,42,5,49,0,5,51,5,61,58,32,90,151
12/16/2022,GON,CT,ANE,EN,Federal Contract Tower,1,7,6,0,14,0,0,0,0,0,1,7,6,0,14,0,0,0,14
12/17/2022,GON,CT,ANE,EN,Federal Contract Tower,0,0,7,0,7,0,0,58,0,58,0,0,65,0,65,102,0,102,167
12/18/2022,GON,CT,ANE,EN,Federal Contract Tower,1,1,15,0,17,0,2,131,0,133,1,3,146,0,150,86,0,86,236
12/19/2022,GON,CT,ANE,EN,Federal Contract Tower,0,3,6,0,9,0,3,95,4,102,0,6,101,4,111,92,0,92,203
12/20/2022,GON,CT,ANE,EN,Federal Contract Tower,0,2,17,0,19,0,1,80,6,87,0,3,97,6,106,48,22,70,176
12/21/2022,GON,CT,ANE,EN,Federal Contract Tower,0,4,22,0,26,0,1,126,5,132,0,5,148,5,158,88,6,94,252
12/22/2022,GON,CT,ANE,EN,Federal Contract Tower,0,3,5,0,8,0,0,7,0,7,0,3,12,0,15,0,0,0,15
12/23/2022,GON,CT,ANE,EN,Federal Contract Tower,0,0,1,0,1,0,0,0,0,0,0,0,1,0,1,0,0,0,1
12/24/2022,GON,CT,ANE,EN,Federal Contract Tower,0,0,0,0,0,0,0,2,0,2,0,0,2,0,2,0,0,0,2
12/25/2022,GON,CT,ANE,EN,Federal Contract Tower,0,0,1,0,1,0,0,1,0,1,0,0,2,0,2,0,0,0,2
12/26/2022,GON,CT,ANE,EN,Federal Contract Tower,0,3,4,0,7,0,0,78,0,78,0,3,82,0,85,58,0,58,143
12/27/2022,GON,CT,ANE,EN,Federal Contract Tower,0,2,9,0,11,0,0,88,0,88,0,2,97,0,99,56,0,56,155
12/28/2022,GON,CT,ANE,EN,Federal Contract Tower,0,0,8,0,8,0,0,58,3,61,0,0,66,3,69,30,0,30,99
12/29/2022,GON,CT,ANE,EN,Federal Contract Tower,0,5,18,0,23,0,1,123,0,124,0,6,141,0,147,58,8,66,213
12/30/2022,GON,CT,ANE,EN,Federal Contract Tower,0,3,11,0,14,0,0,99,0,99,0,3,110,0,113,48,0,48,161
12/31/2022,GON,CT,ANE,EN,Federal Contract Tower,0,0,2,0,2,0,0,0,0,0,0,0,2,0,2,0,0,0,2
01/01/2023,GON,CT,ANE,EN,Federal Contract Tower,0,0,6,0,6,0,0,35,0,35,0,0,41,0,41,12,0,12,53
01/02/2023,GON,CT,ANE,EN,Federal Contract Tower,0,2,13,0,15,0,0,95,0,95,0,2,108,0,110,118,0,118,228
01/03/2023,GON,CT,ANE,EN,Federal Contract Tower,0,5,9,1,15,0,0,3,0,3,0,5,12,1,18,6,0,6,24
01/04/2023,GON,CT,ANE,EN,Federal Contract Tower,0,2,5,1,8,0,0,12,0,12,0,2,17,1,20,0,2,2,22
01/05/2023,GON,CT,ANE,EN,Federal Contract Tower,0,3,11,2,16,0,0,8,0,8,0,3,19,2,24,12,0,12,36
01/06/2023,GON,CT,ANE,EN,Federal Contract Tower,0,2,7,0,9,0,0,1,0,1,0,2,8,0,10,0,0,0,10
01/07/2023,GON,CT,ANE,EN,Federal Contract Tower,0,3,19,0,22,0,0,112,0,112,0,3,131,0,134,116,0,116,250
01/08/2023,GON,CT,ANE,EN,Federal Contract Tower,0,0,14,0,14,0,1,130,0,131,0,1,144,0,145,62,0,62,207
01/09/2023,GON,CT,ANE,EN,Federal Contract Tower,0,4,6,0,10,0,0,33,2,35,0,4,39,2,45,56,6,62,107
01/10/2023,GON,CT,ANE,EN,Federal Contract Tower,0,2,7,1,10,0,0,63,11,74,0,2,70,12,84,58,16,74,158
01/11/2023,GON,CT,ANE,EN,Federal Contract Tower,0,2,9,0,11,0,0,77,10,87,0,2,86,10,98,36,6,42,140
01/12/2023,GON,CT,ANE,EN,Federal Contract Tower,0,1,10,0,11,0,0,14,0,14,0,1,24,0,25,26,0,26,51
01/13/2023,GON,CT,ANE,EN,Federal Contract Tower,0,6,15,0,21,0,1,5,0,6,0,7,20,0,27,12,0,12,39
01/14/2023,GON,CT,ANE,EN,Federal Contract Tower,0,2,1,0,3,0,1,5,1,7,0,3,6,1,10,2,0,2,12
01/15/2023,GON,CT,ANE,EN,Federal Contract Tower,0,1,6,0,7,0,0,24,0,24,0,1,30,0,31,34,0,34,65
01/16/2023,GON,CT,ANE,EN,Federal Contract Tower,0,1,8,0,9,0,0,72,0,72,0,1,80,0,81,30,0,30,111
01/17/2023,GON,CT,ANE,EN,Federal Contract Tower,0,4,9,8,21,0,0,53,0,53,0,4,62,8,74,78,0,78,152
01/18/2023,GON,CT,ANE,EN,Federal Contract Tower,0,3,13,0,16,0,0,73,0,73,0,3,86,0,89,56,2,58,147
01/19/2023,GON,CT,ANE,EN,Federal Contract Tower,0,4,4,0,8,0,0,25,0,25,0,4,29,0,33,20,0,20,53
01/20/2023,GON,CT,ANE,EN,Federal Contract Tower,0,4,16,0,20,0,0,19,1,20,0,4,35,1,40,2,0,2,42
01/21/2023,GON,CT,ANE,EN,Federal Contract Tower,0,0,15,0,15,0,0,52,0,52,0,0,67,0,67,76,0,76,143
01/22/2023,GON,CT,ANE,EN,Federal Contract Tower,0,2,4,0,6,0,0,81,0,81,0,2,85,0,87,146,0,146,233
01/23/2023,GON,CT,ANE,EN,Federal Contract Tower,0,0,5,0,5,0,0,0,0,0,0,0,5,0,5,0,0,0,5
01/24/2023,GON,CT,ANE,EN,Federal Contract Tower,0,1,22,3,26,0,0,58,10,68,0,1,80,13,94,44,8,52,146
01/25/2023,GON,CT,ANE,EN,Federal Contract Tower,0,0,7,0,7,0,0,34,4,38,0,0,41,4,45,34,6,40,85
01/26/2023,GON,CT,ANE,EN,Federal Contract Tower,0,0,10,0,10,0,0,9,10,19,0,0,19,10,29,12,18,30,59
01/27/2023,GON,CT,ANE,EN,Federal Contract Tower,0,7,12,0,19,0,1,124,3,128,0,8,136,3,147,62,0,62,209
01/28/2023,GON,CT,ANE,EN,Federal Contract Tower,0,3,8,0,11,0,1,73,2,76,0,4,81,2,87,64,0,64,151
01/29/2023,GON,CT,ANE,EN,Federal Contract Tower,0,0,6,0,6,0,0,128,3,131,0,0,134,3,137,72,10,82,219
01/30/2023,GON,CT,ANE,EN,Federal Contract Tower,0,0,16,2,18,0,0,98,4,102,0,0,114,6,120,52,0,52,172
01/31/2023,GON,CT,ANE,EN,Federal Contract Tower,0,4,10,0,14,0,0,36,3,39,0,4,46,3,53,84,2,86,139
02/01/2023,GON,CT,ANE,EN,Federal Contract Tower,0,6,12,3,21,0,1,124,2,127,0,7,136,5,148,70,6,76,224
02/02/2023,GON,CT,ANE,EN,Federal Contract Tower,0,1,6,0,7,0,0,114,2,116,0,1,120,2,123,74,2,76,199
02/03/2023,GON,CT,ANE,EN,Federal Contract Tower,0,0,3,0,3,0,2,6,2,10,0,2,9,2,13,0,0,0,13
02/04/2023,GON,CT,ANE,EN,Federal Contract Tower,0,0,7,0,7,0,0,68,0,68,0,0,75,0,75,64,0,64,139
02/05/2023,GON,CT,ANE,EN,Federal Contract Tower,0,3,7,0,10,0,0,67,2,69,0,3,74,2,79,48,2,50,129
02/06/2023,GON,CT,ANE,EN,Federal Contract Tower,0,2,10,0,12,0,0,87,0,87,0,2,97,0,99,34,0,34,133
02/07/2023,GON,CT,ANE,EN,Federal Contract Tower,0,0,9,0,9,0,0,91,0,91,0,0,100,0,100,78,0,78,178
02/08/2023,GON,CT,ANE,EN,Federal Contract Tower,0,2,27,0,29,0,0,88,4,92,0,2,115,4,121,74,8,82,203
02/09/2023,GON,CT,ANE,EN,Federal Contract Tower,0,0,8,0,8,0,0,81,0,81,0,0,89,0,89,62,0,62,151
02/10/2023,GON,CT,ANE,EN,Federal Contract Tower,0,3,9,3,15,0,3,61,1,65,0,6,70,4,80,26,0,26,106
02/11/2023,GON,CT,ANE,EN,Federal Contract Tower,0,1,20,0,21,0,0,120,0,120,0,1,140,0,141,82,0,82,223
02/12/2023,GON,CT,ANE,EN,Federal Contract Tower,0,0,15,0,15,0,1,100,0,101,0,1,115,0,116,118,2,120,236
02/13/2023,GON,CT,ANE,EN,Federal Contract Tower,0,0,9,0,9,0,0,55,0,55,0,0,64,0,64,52,0,52,116
02/14/2023,GON,CT,ANE,EN,Federal Contract Tower,0,2,22,2,26,0,0,75,1,76,0,2,97,3,102,100,0,100,202
02/15/2023,GON,CT,ANE,EN,Federal Contract Tower,0,2,11,4,17,0,0,57,4,61,0,2,68,8,78,56,16,72,150
02/16/2023,GON,CT,ANE,EN,Federal Contract Tower,0,3,7,0,10,0,0,76,0,76,0,3,83,0,86,48,0,48,134
02/17/2023,GON,CT,ANE,EN,Federal Contract Tower,0,1,13,0,14,0,0,5,0,5,0,1,18,0,19,0,0,0,19
02/18/2023,GON,CT,ANE,EN,Federal Contract Tower,0,3,9,0,12,0,0,110,0,110,0,3,119,0,122,84,0,84,206
02/19/2023,GON,CT,ANE,EN,Federal Contract Tower,0,3,4,0,7,0,0,81,0,81,0,3,85,0,88,46,0,46,134
02/20/2023,GON,CT,ANE,EN,Federal Contract Tower,0,0,22,0,22,0,0,32,0,32,0,0,54,0,54,26,0,26,80
02/21/2023,GON,CT,ANE,EN,Federal Contract Tower,0,3,10,2,15,0,0,12,0,12,0,3,22,2,27,42,0,42,69
02/22/2023,GON,CT,ANE,EN,Federal Contract Tower,0,8,13,0,21,0,0,64,2,66,0,8,77,2,87,24,0,24,111
02/23/2023,GON,CT,ANE,EN,Federal Contract Tower,0,3,6,0,9,0,0,0,0,0,0,3,6,0,9,0,0,0,9
02/24/2023,GON,CT,ANE,EN,Federal Contract Tower,0,2,6,1,9,0,0,24,4,28,0,2,30,5,37,8,0,8,45
02/25/2023,GON,CT,ANE,EN,Federal Contract Tower,0,0,5,0,5,0,0,40,2,42,0,0,45,2,47,42,0,42,89
02/26/2023,GON,CT,ANE,EN,Federal Contract Tower,0,9,6,3,18,0,0,25,3,28,0,9,31,6,46,56,18,74,120
02/27/2023,GON,CT,ANE,EN,Federal Contract Tower,0,0,13,3,16,0,0,96,3,99,0,0,109,6,115,22,0,22,137
02/28/2023,GON,CT,ANE,EN,Federal Contract Tower,0,1,2,1,4,0,0,0,0,0,0,1,2,1,4,0,0,0,4
03/01/2023,GON,CT,ANE,EN,Federal Contract Tower,0,8,10,2,20,0,0,87,10,97,0,8,97,12,117,56,2,58,175
03/02/2023,GON,CT,ANE,EN,Federal Contract Tower,0,1,8,2,11,0,0,18,0,18,0,1,26,2,29,8,6,14,43
03/03/2023,GON,CT,ANE,EN,Federal Contract Tower,0,4,9,2,15,0,0,78,0,78,0,4,87,2,93,96,8,104,197
03/04/2023,GON,CT,ANE,EN,Federal Contract Tower,0,3,0,0,3,0,0,1,0,1,0,3,1,0,4,0,0,0,4
03/05/2023,GON,CT,ANE,EN,Federal Contract Tower,0,4,11,2,17,0,0,95,0,95,0,4,106,2,112,68,0,68,180
03/06/2023,GON,CT,ANE,EN,Federal Contract Tower,0,0,9,0,9,0,0,66,0,66,0,0,75,0,75,38,0,38,113
03/07/2023,GON,CT,ANE,EN,Federal Contract Tower,0,1,13,0,14,0,0,35,3,38,0,1,48,3,52,26,4,30,82
03/08/2023,GON,CT,ANE,EN,Federal Contract Tower,0,6,29,0,35,0,0,52,4,56,0,6,81,4,91,34,8,42,133
03/09/2023,GON,CT,ANE,EN,Federal Contract Tower,0,3,13,0,16,0,0,76,0,76,0,3,89,0,92,84,0,84,176
03/10/2023,GON,CT,ANE,EN,Federal Contract Tower,0,4,16,0,20,0,0,66,3,69,0,4,82,3,89,58,0,58,147
03/11/2023,GON,CT,ANE,EN,Federal Contract Tower,0,5,0,0,5,0,0,10,0,10,0,5,10,0,15,0,0,0,15
03/12/2023,GON,CT,ANE,EN,Federal Contract Tower,0,7,25,0,32,0,0,106,0,106,0,7,131,0,138,54,0,54,192
03/13/2023,GON,CT,ANE,EN,Federal Contract Tower,0,0,12,0,12,0,0,14,0,14,0,0,26,0,26,32,0,32,58
03/14/2023,GON,CT,ANE,EN,Federal Contract Tower,0,2,0,0,2,0,0,0,0,0,0,2,0,0,2,0,0,0,2
03/15/2023,GON,CT,ANE,EN,Federal Contract Tower,0,2,7,0,9,0,0,6,3,9,0,2,13,3,18,4,2,6,24
03/16/2023,GON,CT,ANE,EN,Federal Contract Tower,0,1,16,0,17,0,0,86,5,91,0,1,102,5,108,62,4,66,174
03/17/2023,GON,CT,ANE,EN,Federal Contract Tower,0,3,14,0,17,0,0,95,3,98,0,3,109,3,115,52,0,52,167
03/18/2023,GON,CT,ANE,EN,Federal Contract Tower,0,2,2,0,4,0,0,106,7,113,0,2,108,7,117,198,2,200,317
03/19/2023,GON,CT,ANE,EN,Federal Contract Tower,0,0,8,2,10,0,0,55,8,63,0,0,63,10,73,30,2,32,105
03/20/2023,GON,CT,ANE,EN,Federal Contract Tower,0,2,19,0,21,0,0,109,0,109,0,2,128,0,130,54,0,54,184
03/21/2023,GON,CT,ANE,EN,Federal Contract Tower,0,1,24,0,25,0,0,118,0,118,0,1,142,0,143,92,0,92,235
03/22/2023,GON,CT,ANE,EN,Federal Contract Tower,0,1,24,0,25,0,0,74,4,78,0,1,98,4,103,56,4,60,163
03/23/2023,GON,CT,ANE,EN,Federal Contract Tower,0,0,14,2,16,0,0,11,7,18,0,0,25,9,34,12,4,16,50
03/24/2023,GON,CT,ANE,EN,Federal Contract Tower,0,5,21,2,28,0,0,90,0,90,0,5,111,2,118,106,2,108,226
03/25/2023,GON,CT,ANE,EN,Federal Contract Tower,0,0,2,1,3,0,0,15,0,15,0,0,17,1,18,14,0,14,32
03/26/2023,GON,CT,ANE,EN,Federal Contract Tower,0,3,9,0,12,0,0,54,0,54,0,3,63,0,66,34,0,34,100
03/27/2023,GON,CT,ANE,EN,Federal Contract Tower,0,3,17,0,20,0,0,101,0,101,0,3,118,0,121,64,0,64,185
03/28/2023,GON,CT,ANE,EN,Federal Contract Tower,0,1,5,0,6,0,0,18,5,23,0,1,23,5,29,42,0,42,71
03/29/2023,GON,CT,ANE,EN,Federal Contract Tower,0,3,23,0,26,0,0,116,2,118,0,3,139,2,144,70,0,70,214
03/30/2023,GON,CT,ANE,EN,Federal Contract Tower,0,5,12,1,18,0,0,63,0,63,0,5,75,1,81,52,0,52,133
03/31/2023,GON,CT,ANE,EN,Federal Contract Tower,0,2,13,2,17,0,0,69,3,72,0,2,82,5,89,42,0,42,131
04/01/2023,GON,CT,ANE,EN,Federal Contract Tower,0,2,3,0,5,0,0,0,0,0,0,2,3,0,5,0,0,0,5
04/02/2023,GON,CT,ANE,EN,Federal Contract Tower,0,5,11,0,16,0,0,59,0,59,0,5,70,0,75,34,0,34,109
04/03/2023,GON,CT,ANE,EN,Federal Contract Tower,0,1,13,0,14,0,0,77,4,81,0,1,90,4,95,56,0,56,151
04/04/2023,GON,CT,ANE,EN,Federal Contract Tower,0,3,18,0,21,0,1,67,0,68,0,4,85,0,89,42,0,42,131
04/05/2023,GON,CT,ANE,EN,Federal Contract Tower,0,4,13,5,22,0,0,29,3,32,0,4,42,8,54,16,6,22,76
04/06/2023,GON,CT,ANE,EN,Federal Contract Tower,0,6,12,0,18,0,2,26,2,30,0,8,38,2,48,30,8,38,86
04/07/2023,GON,CT,ANE,EN,Federal Contract Tower,0,3,13,0,16,0,3,95,0,98,0,6,108,0,114,54,0,54,168
04/08/2023,GON,CT,ANE,EN,Federal Contract Tower,0,3,3,0,6,0,5,135,0,140,0,8,138,0,146,180,0,180,326
04/09/2023,GON,CT,ANE,EN,Federal Contract Tower,0,2,8,0,10,0,0,80,0,80,0,2,88,0,90,30,0,30,120
04/10/2023,GON,CT,ANE,EN,Federal Contract Tower,0,4,15,0,19,0,0,122,2,124,0,4,137,2,143,120,0,120,263
04/11/2023,GON,CT,ANE,EN,Federal Contract Tower,0,2,13,3,18,0,3,95,8,106,0,5,108,11,124,140,6,146,270
04/12/2023,GON,CT,ANE,EN,Federal Contract Tower,0,5,15,0,20,0,0,45,5,50,0,5,60,5,70,28,0,28,98
04/13/2023,GON,CT,ANE,EN,Federal Contract Tower,0,5,8,4,17,0,0,103,16,119,0,5,111,20,136,92,0,92,228
04/14/2023,GON,CT,ANE,EN,Federal Contract Tower,0,2,8,0,10,0,0,105,4,109,0,2,113,4,119,94,0,94,213
04/15/2023,GON,CT,ANE,EN,Federal Contract Tower,0,6,17,2,25,0,0,0,0,0,0,6,17,2,25,4,0,4,29
04/16/2023,GON,CT,ANE,EN,Federal Contract Tower,0,0,13,0,13,0,0,0,0,0,0,0,13,0,13,4,0,4,17
04/17/2023,GON,CT,ANE,EN,Federal Contract Tower,0,2,8,0,10,0,0,0,0,0,0,2,8,0,10,0,0,0,10
04/18/2023,GON,CT,ANE,EN,Federal Contract Tower,0,3,12,1,16,0,0,66,0,66,0,3,78,1,82,36,4,40,122
04/19/2023,GON,CT,ANE,EN,Federal Contract Tower,0,5,14,1,20,0,0,108,5,113,0,5,122,6,133,90,0,90,223
04/20/2023,GON,CT,ANE,EN,Federal Contract Tower,0,5,26,0,31,0,0,168,4,172,0,5,194,4,203,112,0,112,315
04/21/2023,GON,CT,ANE,EN,Federal Contract Tower,0,3,11,1,15,0,0,90,5,95,0,3,101,6,110,56,0,56,166
04/22/2023,GON,CT,ANE,EN,Federal Contract Tower,0,5,11,0,16,0,0,16,3,19,0,5,27,3,35,10,0,10,45
04/23/2023,GON,CT,ANE,EN,Federal Contract Tower,0,3,8,0,11,0,0,3,0,3,0,3,11,0,14,2,0,2,16
04/24/2023,GON,CT,ANE,EN,Federal Contract Tower,0,3,14,1,18,0,0,64,4,68,0,3,78,5,86,70,0,70,156
04/25/2023,GON,CT,ANE,EN,Federal Contract Tower,0,5,18,0,23,0,2,76,10,88,0,7,94,10,111,80,2,82,193
04/26/2023,GON,CT,ANE,EN,Federal Contract Tower,0,1,16,0,17,0,0,80,0,80,0,1,96,0,97,52,0,52,149
04/27/2023,GON,CT,ANE,EN,Federal Contract Tower,0,3,29,1,33,0,0,54,5,59,0,3,83,6,92,90,2,92,184
04/28/2023,GON,CT,ANE,EN,Federal Contract Tower,0,7,20,0,27,0,1,55,3,59,0,8,75,3,86,76,0,76,162
04/29/2023,GON,CT,ANE,EN,Federal Contract Tower,0,2,4,0,6,0,0,4,0,4,0,2,8,0,10,0,0,0,10
04/30/2023,GON,CT,ANE,EN,Federal Contract Tower,0,2,9,0,11,0,0,0,0,0,0,2,9,0,11,0,0,0,11
05/01/2023,GON,CT,ANE,EN,Federal Contract Tower,0,3,11,0,14,0,0,35,0,35,0,3,46,0,49,0,0,0,49
05/02/2023,GON,CT,ANE,EN,Federal Contract Tower,0,3,15,1,19,0,0,53,0,53,0,3,68,1,72,66,16,82,154
05/03/2023,GON,CT,ANE,EN,Federal Contract Tower,0,5,13,0,18,0,5,84,0,89,0,10,97,0,107,70,0,70,177
05/04/2023,GON,CT,ANE,EN,Federal Contract Tower,0,3,14,0,17,0,0,34,0,34,0,3,48,0,51,54,2,56,107
05/05/2023,GON,CT,ANE,EN,Federal Contract Tower,0,6,15,0,21,0,0,65,0,65,0,6,80,0,86,90,0,90,176
05/06/2023,GON,CT,ANE,EN,Federal Contract Tower,0,4,12,0,16,0,6,160,1,167,0,10,172,1,183,40,0,40,223
05/07/2023,GON,CT,ANE,EN,Federal Contract Tower,0,7,19,1,27,0,15,132,2,149,0,22,151,3,176,120,0,120,296
05/08/2023,GON,CT,ANE,EN,Federal Contract Tower,0,3,8,4,15,0,2,72,1,75,0,5,80,5,90,64,0,64,154
05/09/2023,GON,CT,ANE,EN,Federal Contract Tower,0,5,11,6,22,0,0,91,0,91,0,5,102,6,113,104,4,108,221
05/10/2023,GON,CT,ANE,EN,Federal Contract Tower,0,8,21,6,35,0,0,65,11,76,0,8,86,17,111,48,0,48,159
05/11/2023,GON,CT,ANE,EN,Federal Contract Tower,0,1,23,3,27,0,0,94,1,95,0,1,117,4,122,58,2,60,182
05/12/2023,GON,CT,ANE,EN,Federal Contract Tower,0,4,16,2,22,0,0,115,4,119,0,4,131,6,141,66,4,70,211
05/13/2023,GON,CT,ANE,EN,Federal Contract Tower,0,1,8,1,10,0,0,98,0,98,0,1,106,1,108,66,0,66,174
05/14/2023,GON,CT,ANE,EN,Federal Contract Tower,0,0,12,0,12,0,3,100,0,103,0,3,112,0,115,54,0,54,169
05/15/2023,GON,CT,ANE,EN,Federal Contract Tower,0,4,10,0,14,0,0,103,2,105,0,4,113,2,119,42,2,44,163
05/16/2023,GON,CT,ANE,EN,Federal Contract Tower,0,11,17,7,35,0,1,49,2,52,0,12,66,9,87,54,0,54,141
05/17/2023,GON,CT,ANE,EN,Federal Contract Tower,0,7,11,5,23,0,3,38,10,51,0,10,49,15,74,28,0,28,102
05/18/2023,GON,CT,ANE,EN,Federal Contract Tower,0,2,22,1,25,0,0,119,3,122,0,2,141,4,147,98,0,98,245
05/19/2023,GON,CT,ANE,EN,Federal Contract Tower,0,3,18,3,24,0,0,85,2,87,0,3,103,5,111,42,0,42,153
05/20/2023,GON,CT,ANE,EN,Federal Contract Tower,0,6,18,0,24,0,0,0,0,0,0,6,18,0,24,0,0,0,24
05/21/2023,GON,CT,ANE,EN,Federal Contract Tower,0,2,12,2,16,0,1,102,4,107,0,3,114,6,123,98,8,106,229
05/22/2023,GON,CT,ANE,EN,Federal Contract Tower,0,3,15,0,18,0,3,89,2,94,0,6,104,2,112,48,0,48,160
05/23/2023,GON,CT,ANE,EN,Federal Contract Tower,0,9,16,0,25,0,6,83,1,90,0,15,99,1,115,60,0,60,175
05/24/2023,GON,CT,ANE,EN,Federal Contract Tower,0,11,19,3,33,0,1,101,7,109,0,12,120,10,142,36,16,52,194
05/25/2023,GON,CT,ANE,EN,Federal Contract Tower,0,6,15,2,23,0,4,123,5,132,0,10,138,7,155,64,0,64,219
05/26/2023,GON,CT,ANE,EN,Federal Contract Tower,0,6,10,1,17,0,13,123,2,138,0,19,133,3,155,104,0,104,259
05/27/2023,GON,CT,ANE,EN,Federal Contract Tower,0,8,6,0,14,0,3,106,0,109,0,11,112,0,123,98,0,98,221
05/28/2023,GON,CT,ANE,EN,Federal Contract Tower,0,2,3,0,5,0,3,92,1,96,0,5,95,1,101,88,0,88,189
05/29/2023,GON,CT,ANE,EN,Federal Contract Tower,0,10,7,0,17,0,2,63,0,65,0,12,70,0,82,34,0,34,116
05/30/2023,GON,CT,ANE,EN,Federal Contract Tower,0,3,14,5,22,0,2,71,3,76,0,5,85,8,98,80,2,82,180
05/31/2023,GON,CT,ANE,EN,Federal Contract Tower,0,4,10,2,16,0,2,71,6,79,0,6,81,8,95,60,8,68,163
06/01/2023,GON,CT,ANE,EN,Federal Contract Tower,0,6,5,2,13,0,1,91,1,93,0,7,96,3,106,52,10,62,168
06/02/2023,GON,CT,ANE,EN,Federal Contract Tower,0,1,14,0,15,0,0,84,5,89,0,1,98,5,104,76,0,76,180
06/03/2023,GON,CT,ANE,EN,Federal Contract Tower,0,2,20,4,26,0,1,16,1,18,0,3,36,5,44,0,0,0,44
06/04/2023,GON,CT,ANE,EN,Federal Contract Tower,0,5,12,2,19,0,1,51,8,60,0,6,63,10,79,54,30,84,163
06/05/2023,GON,CT,ANE,EN,Federal Contract Tower,0,4,16,1,21,0,0,49,8,57,0,4,65,9,78,40,2,42,120
06/06/2023,GON,CT,ANE,EN,Federal Contract Tower,0,5,19,0,24,0,4,32,12,48,0,9,51,12,72,72,24,96,168
06/07/2023,GON,CT,ANE,EN,Federal Contract Tower,0,6,20,2,28,0,0,34,4,38,0,6,54,6,66,56,0,56,122
06/08/2023,GON,CT,ANE,EN,Federal Contract Tower,0,5,19,3,27,0,0,64,7,71,0,5,83,10,98,60,2,62,160
06/09/2023,GON,CT,ANE,EN,Federal Contract Tower,0,7,19,2,28,0,2,70,8,80,0,9,89,10,108,62,18,80,188
06/10/2023,GON,CT,ANE,EN,Federal Contract Tower,0,1,13,0,14,0,0,113,10,123,0,1,126,10,137,92,0,92,229
06/11/2023,GON,CT,ANE,EN,Federal Contract Tower,0,8,18,0,26,0,6,122,5,133,0,14,140,5,159,114,14,128,287
06/12/2023,GON,CT,ANE,EN,Federal Contract Tower,0,6,18,2,26,0,1,36,13,50,0,7,54,15,76,32,0,32,108
06/13/2023,GON,CT,ANE,EN,Federal Contract Tower,0,2,15,11,28,0,0,51,2,53,0,2,66,13,81,52,0,52,133
06/14/2023,GON,CT,ANE,EN,Federal Contract Tower,0,12,9,0,21,0,3,47,4,54,0,15,56,4,75,32,2,34,109
06/15/2023,GON,CT,ANE,EN,Federal Contract Tower,0,14,23,0,37,0,2,105,3,110,0,16,128,3,147,140,0,140,287
06/16/2023,GON,CT,ANE,EN,Federal Contract Tower,0,14,22,3,39,0,2,78,0,80,0,16,100,3,119,46,0,46,165
06/17/2023,GON,CT,ANE,EN,Federal Contract Tower,0,8,13,1,22,0,0,24,0,24,0,8,37,1,46,32,0,32,78
06/18/2023,GON,CT,ANE,EN,Federal Contract Tower,0,4,12,0,16,0,2,94,0,96,0,6,106,0,112,94,0,94,206
06/19/2023,GON,CT,ANE,EN,Federal Contract Tower,0,6,23,0,29,0,7,118,0,125,0,13,141,0,154,76,0,76,230
06/20/2023,GON,CT,ANE,EN,Federal Contract Tower,0,2,15,0,17,0,2,86,0,88,0,4,101,0,105,82,0,82,187
06/21/2023,GON,CT,ANE,EN,Federal Contract Tower,0,3,18,0,21,0,4,80,11,95,0,7,98,11,116,62,10,72,188
06/22/2023,GON,CT,ANE,EN,Federal Contract Tower,0,6,23,0,29,0,0,29,0,29,0,6,52,0,58,58,0,58,116
06/23/2023,GON,CT,ANE,EN,Federal Contract Tower,0,12,40,3,55,0,2,14,1,17,0,14,54,4,72,10,2,12,84
06/24/2023,GON,CT,ANE,EN,Federal Contract Tower,0,6,15,0,21,0,2,3,0,5,0,8,18,0,26,0,0,0,26
06/25/2023,GON,CT,ANE,EN,Federal Contract Tower,0,7,32,2,41,0,1,16,0,17,0,8,48,2,58,12,2,14,72
06/26/2023,GON,CT,ANE,EN,Federal Contract Tower,0,5,23,0,28,0,0,1,0,1,0,5,24,0,29,0,0,0,29
06/27/2023,GON,CT,ANE,EN,Federal Contract Tower,0,10,32,1,43,0,1,19,0,20,0,11,51,1,63,20,0,20,83
06/28/2023,GON,CT,ANE,EN,Federal Contract Tower,0,4,18,2,24,0,3,16,0,19,0,7,34,2,43,36,0,36,79
06/29/2023,GON,CT,ANE,EN,Federal Contract Tower,0,6,59,3,68,0,4,142,9,155,0,10,201,12,223,124,12,136,359
06/30/2023,GON,CT,ANE,EN,Federal Contract Tower,0,15,42,0,57,0,4,100,0,104,0,19,142,0,161,104,0,104,265
07/01/2023,GON,CT,ANE,EN,Federal Contract Tower,0,10,32,0,42,0,3,53,0,56,0,13,85,0,98,90,0,90,188
07/02/2023,GON,CT,ANE,EN,Federal Contract Tower,0,10,16,0,26,0,0,12,0,12,0,10,28,0,38,36,0,36,74
07/03/2023,GON,CT,ANE,EN,Federal Contract Tower,0,5,7,0,12,0,1,54,0,55,0,6,61,0,67,42,0,42,109
07/04/2023,GON,CT,ANE,EN,Federal Contract Tower,0,2,5,0,7,0,0,11,0,11,0,2,16,0,18,42,0,42,60
07/05/2023,GON,CT,ANE,EN,Federal Contract Tower,0,8,29,5,42,0,6,77,3,86,0,14,106,8,128,24,0,24,152
07/06/2023,GON,CT,ANE,EN,Federal Contract Tower,0,7,24,0,31,0,0,99,3,102,0,7,123,3,133,94,0,94,227
07/07/2023,GON,CT,ANE,EN,Federal Contract Tower,0,9,33,0,42,0,0,25,5,30,0,9,58,5,72,6,0,6,78
07/08/2023,GON,CT,ANE,EN,Federal Contract Tower,0,17,18,0,35,0,3,62,0,65,0,20,80,0,100,66,0,66,166
07/09/2023,GON,CT,ANE,EN,Federal Contract Tower,0,6,21,2,29,0,0,15,0,15,0,6,36,2,44,12,0,12,56
07/10/2023,GON,CT,ANE,EN,Federal Contract Tower,0,9,22,2,33,0,0,10,0,10,0,9,32,2,43,0,0,0,43
07/11/2023,GON,CT,ANE,EN,Federal Contract Tower,0,5,25,3,33,0,6,105,5,116,0,11,130,8,149,80,16,96,245
07/12/2023,GON,CT,ANE,EN,Federal Contract Tower,0,3,28,0,31,0,2,139,4,145,0,5,167,4,176,130,0,130,306
07/13/2023,GON,CT,ANE,EN,Federal Contract Tower,0,5,16,3,24,0,1,103,3,107,0,6,119,6,131,102,2,104,235
07/14/2023,GON,CT,ANE,EN,Federal Contract Tower,0,9,23,0,32,0,4,37,0,41,0,13,60,0,73,18,0,18,91
07/15/2023,GON,CT,ANE,EN,Federal Contract Tower,0,12,14,0,26,0,39,2,0,41,0,51,16,0,67,52,0,52,119
07/16/2023,GON,CT,ANE,EN,Federal Contract Tower,0,11,13,0,24,0,0,1,0,1,0,11,14,0,25,0,0,0,25
07/17/2023,GON,CT,ANE,EN,Federal Contract Tower,0,9,19,0,28,0,2,66,2,70,0,11,85,2,98,20,2,22,120
07/18/2023,GON,CT,ANE,EN,Federal Contract Tower,0,4,47,0,51,0,0,8,0,8,0,4,55,0,59,8,0,8,67
07/19/2023,GON,CT,ANE,EN,Federal Contract Tower,0,6,30,2,38,0,1,86,5,92,0,7,116,7,130,74,0,74,204
07/20/2023,GON,CT,ANE,EN,Federal Contract Tower,0,12,9,2,23,0,13,135,4,152,0,25,144,6,175,124,0,124,299
07/21/2023,GON,CT,ANE,EN,Federal Contract Tower,0,15,22,2,39,0,1,57,0,58,0,16,79,2,97,110,10,120,217
07/22/2023,GON,CT,ANE,EN,Federal Contract Tower,0,8,15,0,23,0,1,110,11,122,0,9,125,11,145,104,4,108,253
07/23/2023,GON,CT,ANE,EN,Federal Contract Tower,0,8,13,1,22,0,3,134,4,141,0,11,147,5,163,78,2,80,243
07/24/2023,GON,CT,ANE,EN,Federal Contract Tower,0,5,26,3,34,0,6,114,0,120,0,11,140,3,154,80,0,80,234
07/25/2023,GON,CT,ANE,EN,Federal Contract Tower,0,2,16,1,19,0,2,52,9,63,0,4,68,10,82,80,6,86,168
07/26/2023,GON,CT,ANE,EN,Federal Contract Tower,0,6,26,2,34,0,0,119,1,120,0,6,145,3,154,89,4,93,247
07/27/2023,GON,CT,ANE,EN,Federal Contract Tower,0,9,12,2,23,0,2,76,0,78,0,11,88,2,101,56,0,56,157
07/28/2023,GON,CT,ANE,EN,Federal Contract Tower,0,6,17,0,23,0,1,88,4,93,0,7,105,4,116,108,2,110,226
07/29/2023,GON,CT,ANE,EN,Federal Contract Tower,0,2,8,0,10,0,6,57,2,65,0,8,65,2,75,26,0,26,101
07/30/2023,GON,CT,ANE,EN,Federal Contract Tower,0,5,29,0,34,0,4,125,14,143,0,9,154,14,177,74,0,74,251
07/31/2023,GON,CT,ANE,EN,Federal Contract Tower,0,8,11,0,19,0,1,105,10,116,0,9,116,10,135,110,0,110,245
08/01/2023,GON,CT,ANE,EN,Federal Contract Tower,0,7,12,0,19,0,3,104,2,109,0,10,116,2,128,46,0,46,174
08/02/2023,GON,CT,ANE,EN,Federal Contract Tower,0,13,11,1,25,0,1,122,8,131,0,14,133,9,156,100,2,102,258
08/03/2023,GON,CT,ANE,EN,Federal Contract Tower,0,16,23,0,39,0,2,118,2,122,0,18,141,2,161,120,0,120,281
08/04/2023,GON,CT,ANE,EN,Federal Contract Tower,0,8,23,0,31,0,4,74,0,78,0,12,97,0,109,48,0,48,157
08/05/2023,GON,CT,ANE,EN,Federal Contract Tower,0,5,13,2,20,0,1,118,3,122,0,6,131,5,142,92,0,92,234
08/06/2023,GON,CT,ANE,EN,Federal Contract Tower,1,7,11,0,19,0,2,129,0,131,1,9,140,0,150,84,0,84,234
08/07/2023,GON,CT,ANE,EN,Federal Contract Tower,1,0,25,0,26,0,4,28,0,32,1,4,53,0,58,50,0,50,108
08/08/2023,GON,CT,ANE,EN,Federal Contract Tower,0,15,14,0,29,0,2,60,0,62,0,17,74,0,91,88,0,88,179
08/09/2023,GON,CT,ANE,EN,Federal Contract Tower,0,4,22,5,31,0,6,101,4,111,0,10,123,9,142,64,0,64,206
08/10/2023,GON,CT,ANE,EN,Federal Contract Tower,0,18,24,1,43,0,6,113,1,120,0,24,137,2,163,110,0,110,273
08/11/2023,GON,CT,ANE,EN,Federal Contract Tower,0,10,14,2,26,0,2,150,0,152,0,12,164,2,178,52,0,52,230
08/12/2023,GON,CT,ANE,EN,Federal Contract Tower,0,4,12,2,18,0,1,85,0,86,0,5,97,2,104,80,0,80,184
08/13/2023,GON,CT,ANE,EN,Federal Contract Tower,0,13,21,0,34,0,1,84,7,92,0,14,105,7,126,58,0,58,184
08/14/2023,GON,CT,ANE,EN,Federal Contract Tower,0,3,24,2,29,0,1,147,1,149,0,4,171,3,178,64,0,64,242
08/15/2023,GON,CT,ANE,EN,Federal Contract Tower,0,6,24,2,32,0,5,14,2,21,0,11,38,4,53,16,0,16,69
08/16/2023,GON,CT,ANE,EN,Federal Contract Tower,0,12,29,1,42,0,3,8,2,13,0,15,37,3,55,0,0,0,55
08/17/2023,GON,CT,ANE,EN,Federal Contract Tower,0,18,54,1,73,0,0,7,1,8,0,18,61,2,81,2,0,2,83
08/18/2023,GON,CT,ANE,EN,Federal Contract Tower,0,10,14,0,24,0,1,75,0,76,0,11,89,0,100,44,0,44,144
08/19/2023,GON,CT,ANE,EN,Federal Contract Tower,0,3,7,0,10,0,3,144,0,147,0,6,151,0,157,150,0,150,307
08/20/2023,GON,CT,ANE,EN,Federal Contract Tower,0,8,10,0,18,0,9,140,0,149,0,17,150,0,167,68,0,68,235
08/21/2023,GON,CT,ANE,EN,Federal Contract Tower,0,5,21,0,26,0,3,84,2,89,0,8,105,2,115,42,0,42,157
08/22/2023,GON,CT,ANE,EN,Federal Contract Tower,0,4,12,1,17,0,0,67,2,69,0,4,79,3,86,22,0,22,108
08/23/2023,GON,CT,ANE,EN,Federal Contract Tower,0,10,21,0,31,0,2,137,2,141,0,12,158,2,172,22,0,22,194
08/24/2023,GON,CT,ANE,EN,Federal Contract Tower,0,13,14,1,28,0,5,72,1,78,0,18,86,2,106,42,0,42,148
08/25/2023,GON,CT,ANE,EN,Federal Contract Tower,0,16,16,0,32,0,0,12,0,12,0,16,28,0,44,4,0,4,48
08/26/2023,GON,CT,ANE,EN,Federal Contract Tower,0,12,5,0,17,0,0,69,0,69,0,12,74,0,86,80,0,80,166
08/27/2023,GON,CT,ANE,EN,Federal Contract Tower,0,4,19,0,23,0,5,89,0,94,0,9,108,0,117,110,0,110,227
08/28/2023,GON,CT,ANE,EN,Federal Contract Tower,0,11,23,0,34,0,1,37,0,38,0,12,60,0,72,40,0,40,112
08/29/2023,GON,CT,ANE,EN,Federal Contract Tower,0,13,23,7,43,0,0,0,0,0,0,13,23,7,43,0,0,0,43
08/30/2023,GON,CT,ANE,EN,Federal Contract Tower,0,13,27,0,40,0,3,47,0,50,0,16,74,0,90,60,0,60,150
08/31/2023,GON,CT,ANE,EN,Federal Contract Tower,0,8,14,1,23,0,4,79,7,90,0,12,93,8,113,70,2,72,185
01/01/2020,GON,CT,ANE,EN,Federal Contract Tower,0,0,1,0,1,0,2,24,0,26,0,2,25,0,27,16,0,16,43
01/02/2020,GON,CT,ANE,EN,Federal Contract Tower,0,7,14,1,22,0,3,65,0,68,0,10,79,1,90,102,2,104,194
01/04/2020,GON,CT,ANE,EN,Federal Contract Tower,0,2,9,0,11,0,0,0,0,0,0,2,9,0,11,0,0,0,11
01/05/2020,GON,CT,ANE,EN,Federal Contract Tower,0,0,7,1,8,0,0,10,1,11,0,0,17,2,19,0,0,0,19
01/06/2020,GON,CT,ANE,EN,Federal Contract Tower,0,1,9,0,10,0,0,34,0,34,0,1,43,0,44,40,0,40,84
01/07/2020,GON,CT,ANE,EN,Federal Contract Tower,0,1,8,0,9,0,4,82,4,90,0,5,90,4,99,80,0,80,179
01/08/2020,GON,CT,ANE,EN,Federal Contract Tower,0,0,10,1,11,0,0,16,6,22,0,0,26,7,33,12,0,12,45
01/09/2020,GON,CT,ANE,EN,Federal Contract Tower,0,1,16,2,19,0,2,80,5,87,0,3,96,7,106,68,4,72,178
01/10/2020,GON,CT,ANE,EN,Federal Contract Tower,0,3,26,0,29,0,0,35,0,35,0,3,61,0,64,52,0,52,116
01/11/2020,GON,CT,ANE,EN,Federal Contract Tower,0,0,6,0,6,0,0,20,2,22,0,0,26,2,28,18,0,18,46
01/12/2020,GON,CT,ANE,EN,Federal Contract Tower,0,2,1,0,3,0,2,16,0,18,0,4,17,0,21,8,0,8,29
01/13/2020,GON,CT,ANE,EN,Federal Contract Tower,0,0,20,0,20,0,0,23,0,23,0,0,43,0,43,0,0,0,43
01/14/2020,GON,CT,ANE,EN,Federal Contract Tower,0,1,15,0,16,0,0,30,0,30,0,1,45,0,46,56,0,56,102
01/15/2020,GON,CT,ANE,EN,Federal Contract Tower,0,2,13,0,15,0,2,102,0,104,0,4,115,0,119,66,6,72,191
01/16/2020,GON,CT,ANE,EN,Federal Contract Tower,0,2,4,4,10,0,0,2,8,10,0,2,6,12,20,0,0,0,20
01/17/2020,GON,CT,ANE,EN,Federal Contract Tower,0,1,6,0,7,0,1,23,0,24,0,2,29,0,31,8,2,10,41
01/18/2020,GON,CT,ANE,EN,Federal Contract Tower,0,2,1,0,3,0,0,41,2,43,0,2,42,2,46,38,0,38,84
01/19/2020,GON,CT,ANE,EN,Federal Contract Tower,0,1,4,0,5,0,1,63,2,66,0,2,67,2,71,92,0,92,163
01/20/2020,GON,CT,ANE,EN,Federal Contract Tower,0,4,6,0,10,0,2,64,0,66,0,6,70,0,76,20,0,20,96
01/21/2020,GON,CT,ANE,EN,Federal Contract Tower,0,1,18,0,19,0,4,93,4,101,0,5,111,4,120,68,0,68,188
01/22/2020,GON,CT,ANE,EN,Federal Contract Tower,0,5,10,2,17,0,0,101,2,103,0,5,111,4,120,90,0,90,210
01/23/2020,GON,CT,ANE,EN,Federal Contract Tower,0,0,18,1,19,0,3,77,4,84,0,3,95,5,103,66,2,68,171
01/24/2020,GON,CT,ANE,EN,Federal Contract Tower,0,5,9,6,20,0,0,90,2,92,0,5,99,8,112,72,0,72,184
01/25/2020,GON,CT,ANE,EN,Federal Contract Tower,0,0,9,0,9,0,0,0,0,0,0,0,9,0,9,4,0,4,13
01/26/2020,GON,CT,ANE,EN,Federal Contract Tower,0,0,13,0,13,0,0,86,0,86,0,0,99,0,99,62,0,62,161
01/27/2020,GON,CT,ANE,EN,Federal Contract Tower,0,1,9,1,11,0,0,34,1,35,0,1,43,2,46,22,0,22,68
01/28/2020,GON,CT,ANE,EN,Federal Contract Tower,0,2,13,0,15,0,3,52,4,59,0,5,65,4,74,80,0,80,154
01/29/2020,GON,CT,ANE,EN,Federal Contract Tower,0,0,25,1,26,0,2,71,8,81,0,2,96,9,107,84,6,90,197
01/30/2020,GON,CT,ANE,EN,Federal Contract Tower,0,2,5,0,7,0,2,83,1,86,0,4,88,1,93,42,0,42,135
01/31/2020,GON,CT,ANE,EN,Federal Contract Tower,0,10,13,1,24,0,2,68,4,74,0,12,81,5,98,56,8,64,162
02/01/2020,GON,CT,ANE,EN,Federal Contract Tower,0,2,4,0,6,0,0,0,0,0,0,2,4,0,6,0,0,0,6
02/02/2020,GON,CT,ANE,EN,Federal Contract Tower,0,2,8,1,11,0,2,71,1,74,0,4,79,2,85,96,2,98,183
02/03/2020,GON,CT,ANE,EN,Federal Contract Tower,0,1,18,3,22,0,3,72,0,75,0,4,90,3,97,82,0,82,179
02/04/2020,GON,CT,ANE,EN,Federal Contract Tower,0,0,12,0,12,0,2,33,0,35,0,2,45,0,47,62,0,62,109
02/05/2020,GON,CT,ANE,EN,Federal Contract Tower,0,2,12,1,15,0,1,44,2,47,0,3,56,3,62,70,2,72,134
02/06/2020,GON,CT,ANE,EN,Federal Contract Tower,0,5,5,0,10,0,0,0,0,0,0,5,5,0,10,0,0,0,10
02/07/2020,GON,CT,ANE,EN,Federal Contract Tower,0,1,5,0,6,0,0,0,0,0,0,1,5,0,6,0,0,0,6
02/08/2020,GON,CT,ANE,EN,Federal Contract Tower,0,0,9,0,9,0,2,58,3,63,0,2,67,3,72,66,0,66,138
02/09/2020,GON,CT,ANE,EN,Federal Contract Tower,0,2,8,0,10,0,0,77,2,79,0,2,85,2,89,48,0,48,137
02/10/2020,GON,CT,ANE,EN,Federal Contract Tower,0,2,20,3,25,0,0,11,1,12,0,2,31,4,37,4,10,14,51
02/11/2020,GON,CT,ANE,EN,Federal Contract Tower,0,0,14,0,14,0,0,0,0,0,0,0,14,0,14,0,0,0,14
02/12/2020,GON,CT,ANE,EN,Federal Contract Tower,0,0,36,0,36,0,1,75,0,76,0,1,111,0,112,56,0,56,168
02/13/2020,GON,CT,ANE,EN,Federal Contract Tower,0,0,12,2,14,0,0,0,0,0,0,0,12,2,14,0,0,0,14
02/14/2020,GON,CT,ANE,EN,Federal Contract Tower,0,5,18,0,23,0,0,49,0,49,0,5,67,0,72,30,0,30,102
02/15/2020,GON,CT,ANE,EN,Federal Contract Tower,0,1,6,1,8,0,2,108,2,112,0,3,114,3,120,142,0,142,262
02/16/2020,GON,CT,ANE,EN,Federal Contract Tower,0,0,11,0,11,0,0,76,4,80,0,0,87,4,91,106,0,106,197
02/17/2020,GON,CT,ANE,EN,Federal Contract Tower,0,1,17,0,18,0,0,143,0,143,0,1,160,0,161,108,0,108,269
02/18/2020,GON,CT,ANE,EN,Federal Contract Tower,0,0,26,0,26,0,0,6,0,6,0,0,32,0,32,0,0,0,32
02/19/2020,GON,CT,ANE,EN,Federal Contract Tower,0,0,23,0,23,0,0,78,0,78,0,0,101,0,101,74,0,74,175
02/20/2020,GON,CT,ANE,EN,Federal Contract Tower,0,2,9,2,13,0,0,71,0,71,0,2,80,2,84,56,0,56,140
02/21/2020,GON,CT,ANE,EN,Federal Contract Tower,0,3,17,2,22,0,0,69,6,75,0,3,86,8,97,50,4,54,151
02/22/2020,GON,CT,ANE,EN,Federal Contract Tower,0,8,2,0,10,0,0,87,6,93,0,8,89,6,103,156,0,156,259
02/23/2020,GON,CT,ANE,EN,Federal Contract Tower,0,2,18,1,21,0,0,128,5,133,0,2,146,6,154,134,0,134,288
02/24/2020,GON,CT,ANE,EN,Federal Contract Tower,0,0,12,2,14,0,0,123,2,125,0,0,135,4,139,84,0,84,223
02/25/2020,GON,CT,ANE,EN,Federal Contract Tower,0,0,13,4,17,0,1,36,4,41,0,1,49,8,58,38,0,38,96
02/26/2020,GON,CT,ANE,EN,Federal Contract Tower,0,0,24,1,25,0,0,48,0,48,0,0,72,1,73,26,0,26,99
02/27/2020,GON,CT,ANE,EN,Federal Contract Tower,0,0,11,2,13,0,0,2,0,2,0,0,13,2,15,0,0,0,15
02/28/2020,GON,CT,ANE,EN,Federal Contract Tower,0,0,24,0,24,0,0,35,5,40,0,0,59,5,64,12,0,12,76
02/29/2020,GON,CT,ANE,EN,Federal Contract Tower,0,1,10,0,11,0,0,89,3,92,0,1,99,3,103,134,0,134,237
03/01/2020,GON,CT,ANE,EN,Federal Contract Tower,0,0,16,2,18,0,0,95,10,105,0,0,111,12,123,72,2,74,197
03/02/2020,GON,CT,ANE,EN,Federal Contract Tower,0,0,16,0,16,0,2,86,5,93,0,2,102,5,109,52,0,52,161
03/03/2020,GON,CT,ANE,EN,Federal Contract Tower,0,1,26,3,30,0,0,49,5,54,0,1,75,8,84,36,2,38,122
03/04/2020,GON,CT,ANE,EN,Federal Contract Tower,0,1,22,1,24,0,0,41,5,46,0,1,63,6,70,10,0,10,80
03/05/2020,GON,CT,ANE,EN,Federal Contract Tower,0,1,22,4,27,0,0,95,15,110,0,1,117,19,137,52,30,82,219
03/06/2020,GON,CT,ANE,EN,Federal Contract Tower,0,5,16,0,21,0,0,24,7,31,0,5,40,7,52,12,0,12,64
03/07/2020,GON,CT,ANE,EN,Federal Contract Tower,0,0,5,0,5,0,0,53,0,53,0,0,58,0,58,8,0,8,66
03/08/2020,GON,CT,ANE,EN,Federal Contract Tower,0,1,7,0,8,0,1,111,2,114,0,2,118,2,122,102,0,102,224
03/09/2020,GON,CT,ANE,EN,Federal Contract Tower,0,3,12,0,15,0,0,91,0,91,0,3,103,0,106,104,0,104,210
03/10/2020,GON,CT,ANE,EN,Federal Contract Tower,0,1,14,7,22,0,0,34,4,38,0,1,48,11,60,60,12,72,132
03/11/2020,GON,CT,ANE,EN,Federal Contract Tower,0,1,18,4,23,0,0,90,8,98,0,1,108,12,121,76,10,86,207
03/12/2020,GON,CT,ANE,EN,Federal Contract Tower,0,5,14,2,21,0,2,59,0,61,0,7,73,2,82,12,0,12,94
03/13/2020,GON,CT,ANE,EN,Federal Contract Tower,0,6,5,0,11,0,0,7,0,7,0,6,12,0,18,2,0,2,20
03/14/2020,GON,CT,ANE,EN,Federal Contract Tower,0,4,5,2,11,0,0,69,2,71,0,4,74,4,82,30,0,30,112
03/15/2020,GON,CT,ANE,EN,Federal Contract Tower,0,5,12,0,17,0,1,101,0,102,0,6,113,0,119,148,0,148,267
03/16/2020,GON,CT,ANE,EN,Federal Contract Tower,0,2,12,0,14,0,1,91,6,98,0,3,103,6,112,84,10,94,206
03/17/2020,GON,CT,ANE,EN,Federal Contract Tower,0,0,8,4,12,0,0,1,0,1,0,0,9,4,13,0,0,0,13
03/18/2020,GON,CT,ANE,EN,Federal Contract Tower,0,3,26,3,32,0,0,120,4,124,0,3,146,7,156,114,2,116,272
03/19/2020,GON,CT,ANE,EN,Federal Contract Tower,0,2,2,0,4,0,0,0,0,0,0,2,2,0,4,0,0,0,4
03/20/2020,GON,CT,ANE,EN,Federal Contract Tower,0,1,6,0,7,0,0,0,0,0,0,1,6,0,7,0,0,0,7
03/21/2020,GON,CT,ANE,EN,Federal Contract Tower,0,1,11,0,12,0,0,81,0,81,0,1,92,0,93,98,0,98,191
03/22/2020,GON,CT,ANE,EN,Federal Contract Tower,0,3,17,0,20,0,0,89,4,93,0,3,106,4,113,68,0,68,181
03/23/2020,GON,CT,ANE,EN,Federal Contract Tower,0,0,0,0,0,0,0,10,2,12,0,0,10,2,12,12,0,12,24
03/24/2020,GON,CT,ANE,EN,Federal Contract Tower,0,0,7,3,10,0,0,25,13,38,0,0,32,16,48,26,8,34,82
03/25/2020,GON,CT,ANE,EN,Federal Contract Tower,0,0,3,1,4,0,0,10,1,11,0,0,13,2,15,24,0,24,39
03/26/2020,GON,CT,ANE,EN,Federal Contract Tower,0,0,2,1,3,0,0,55,7,62,0,0,57,8,65,70,8,78,143
03/27/2020,GON,CT,ANE,EN,Federal Contract Tower,0,0,3,0,3,0,0,49,0,49,0,0,52,0,52,30,0,30,82
03/28/2020,GON,CT,ANE,EN,Federal Contract Tower,0,0,10,0,10,0,0,63,0,63,0,0,73,0,73,60,0,60,133
03/29/2020,GON,CT,ANE,EN,Federal Contract Tower,0,0,4,0,4,0,0,0,0,0,0,0,4,0,4,0,0,0,4
03/30/2020,GON,CT,ANE,EN,Federal Contract Tower,0,0,7,4,11,0,0,24,4,28,0,0,31,8,39,34,16,50,89
03/31/2020,GON,CT,ANE,EN,Federal Contract Tower,0,0,12,0,12,0,0,44,2,46,0,0,56,2,58,28,0,28,86
04/01/2020,GON,CT,ANE,EN,Federal Contract Tower,0,0,4,3,7,0,0,35,5,40,0,0,39,8,47,4,26,30,77
04/02/2020,GON,CT,ANE,EN,Federal Contract Tower,0,0,0,0,0,0,0,2,2,4,0,0,2,2,4,0,0,0,4
04/03/2020,GON,CT,ANE,EN,Federal Contract Tower,0,0,2,0,2,0,0,0,0,0,0,0,2,0,2,0,0,0,2
04/04/2020,GON,CT,ANE,EN,Federal Contract Tower,0,0,4,0,4,0,0,38,0,38,0,0,42,0,42,40,0,40,82
04/05/2020,GON,CT,ANE,EN,Federal Contract Tower,0,0,19,0,19,0,0,28,0,28,0,0,47,0,47,68,0,68,115
04/06/2020,GON,CT,ANE,EN,Federal Contract Tower,0,0,9,0,9,0,1,59,7,67,0,1,68,7,76,70,0,70,146
04/07/2020,GON,CT,ANE,EN,Federal Contract Tower,0,0,3,0,3,0,0,83,2,85,0,0,86,2,88,64,0,64,152
04/08/2020,GON,CT,ANE,EN,Federal Contract Tower,0,0,10,0,10,0,0,18,0,18,0,0,28,0,28,52,0,52,80
04/09/2020,GON,CT,ANE,EN,Federal Contract Tower,0,0,3,0,3,0,0,0,0,0,0,0,3,0,3,0,0,0,3
04/10/2020,GON,CT,ANE,EN,Federal Contract Tower,0,0,1,1,2,0,0,2,2,4,0,0,3,3,6,0,0,0,6
04/11/2020,GON,CT,ANE,EN,Federal Contract Tower,0,0,5,0,5,0,0,29,0,29,0,0,34,0,34,4,0,4,38
04/12/2020,GON,CT,ANE,EN,Federal Contract Tower,0,1,7,0,8,0,1,45,0,46,0,2,52,0,54,60,2,62,116
04/13/2020,GON,CT,ANE,EN,Federal Contract Tower,0,0,0,0,0,0,0,0,0,0,0,0,0,0,0,0,0,0,0
04/14/2020,GON,CT,ANE,EN,Federal Contract Tower,0,2,3,0,5,0,0,37,4,41,0,2,40,4,46,54,2,56,102
04/15/2020,GON,CT,ANE,EN,Federal Contract Tower,0,0,5,1,6,0,0,27,2,29,0,0,32,3,35,26,18,44,79
04/16/2020,GON,CT,ANE,EN,Federal Contract Tower,0,1,7,0,8,0,0,25,7,32,0,1,32,7,40,4,12,16,56
04/17/2020,GON,CT,ANE,EN,Federal Contract Tower,0,3,3,0,6,0,0,27,0,27,0,3,30,0,33,14,0,14,47
04/18/2020,GON,CT,ANE,EN,Federal Contract Tower,0,0,0,0,0,0,0,0,0,0,0,0,0,0,0,0,0,0,0
04/19/2020,GON,CT,ANE,EN,Federal Contract Tower,0,0,15,0,15,0,0,56,1,57,0,0,71,1,72,8,0,8,80
04/20/2020,GON,CT,ANE,EN,Federal Contract Tower,0,0,2,0,2,0,0,58,0,58,0,0,60,0,60,28,0,28,88
04/21/2020,GON,CT,ANE,EN,Federal Contract Tower,0,0,0,0,0,0,0,3,0,3,0,0,3,0,3,0,0,0,3
04/22/2020,GON,CT,ANE,EN,Federal Contract Tower,0,0,0,0,0,0,0,12,4,16,0,0,12,4,16,4,12,16,32
04/23/2020,GON,CT,ANE,EN,Federal Contract Tower,0,0,6,0,6,0,0,68,5,73,0,0,74,5,79,40,22,62,141
04/24/2020,GON,CT,ANE,EN,Federal Contract Tower,0,1,7,0,8,0,0,3,0,3,0,1,10,0,11,2,0,2,13
04/25/2020,GON,CT,ANE,EN,Federal Contract Tower,0,1,6,0,7,0,0,121,0,121,0,1,127,0,128,106,0,106,234
04/26/2020,GON,CT,ANE,EN,Federal Contract Tower,0,1,2,0,3,0,0,4,0,4,0,1,6,0,7,34,0,34,41
04/27/2020,GON,CT,ANE,EN,Federal Contract Tower,0,0,4,0,4,0,0,1,0,1,0,0,5,0,5,0,0,0,5
04/28/2020,GON,CT,ANE,EN,Federal Contract Tower,0,0,0,0,0,0,0,3,0,3,0,0,3,0,3,0,0,0,3
04/29/2020,GON,CT,ANE,EN,Federal Contract Tower,0,0,0,0,0,0,0,1,4,5,0,0,1,4,5,0,0,0,5
04/30/2020,GON,CT,ANE,EN,Federal Contract Tower,0,0,0,0,0,0,0,0,0,0,0,0,0,0,0,0,0,0,0
05/01/2020,GON,CT,ANE,EN,Federal Contract Tower,0,0,0,0,0,0,0,0,0,0,0,0,0,0,0,0,0,0,0
05/02/2020,GON,CT,ANE,EN,Federal Contract Tower,0,0,15,0,15,0,0,49,0,49,0,0,64,0,64,66,2,68,132
05/03/2020,GON,CT,ANE,EN,Federal Contract Tower,0,1,13,0,14,0,0,101,12,113,0,1,114,12,127,46,8,54,181
05/04/2020,GON,CT,ANE,EN,Federal Contract Tower,0,2,9,0,11,0,0,63,0,63,0,2,72,0,74,74,0,74,148
05/05/2020,GON,CT,ANE,EN,Federal Contract Tower,0,5,11,2,18,0,0,72,27,99,0,5,83,29,117,42,4,46,163
05/06/2020,GON,CT,ANE,EN,Federal Contract Tower,0,1,15,0,16,0,0,22,2,24,0,1,37,2,40,44,12,56,96
05/07/2020,GON,CT,ANE,EN,Federal Contract Tower,0,2,9,4,15,0,0,51,6,57,0,2,60,10,72,40,28,68,140
05/08/2020,GON,CT,ANE,EN,Federal Contract Tower,0,0,10,0,10,0,3,40,0,43,0,3,50,0,53,58,0,58,111
05/09/2020,GON,CT,ANE,EN,Federal Contract Tower,0,2,2,0,4,0,0,0,0,0,0,2,2,0,4,0,0,0,4
05/10/2020,GON,CT,ANE,EN,Federal Contract Tower,0,0,2,0,2,0,2,25,0,27,0,2,27,0,29,12,0,12,41
05/11/2020,GON,CT,ANE,EN,Federal Contract Tower,0,2,5,0,7,0,0,34,0,34,0,2,39,0,41,16,0,16,57
05/12/2020,GON,CT,ANE,EN,Federal Contract Tower,0,3,3,0,6,0,0,68,4,72,0,3,71,4,78,58,12,70,148
05/13/2020,GON,CT,ANE,EN,Federal Contract Tower,0,0,0,0,0,0,0,1,8,9,0,0,1,8,9,0,0,0,9
05/14/2020,GON,CT,ANE,EN,Federal Contract Tower,0,1,10,7,18,0,6,83,9,98,0,7,93,16,116,66,12,78,194
05/15/2020,GON,CT,ANE,EN,Federal Contract Tower,0,2,11,0,13,0,0,33,0,33,0,2,44,0,46,4,4,8,54
05/16/2020,GON,CT,ANE,EN,Federal Contract Tower,0,1,15,0,16,0,1,69,4,74,0,2,84,4,90,78,26,104,194
05/17/2020,GON,CT,ANE,EN,Federal Contract Tower,0,3,10,0,13,0,0,63,0,63,0,3,73,0,76,96,0,96,172
05/18/2020,GON,CT,ANE,EN,Federal Contract Tower,0,4,7,0,11,0,6,36,4,46,0,10,43,4,57,50,0,50,107
05/19/2020,GON,CT,ANE,EN,Federal Contract Tower,0,2,3,0,5,0,1,9,6,16,0,3,12,6,21,0,10,10,31
05/20/2020,GON,CT,ANE,EN,Federal Contract Tower,0,6,5,2,13,0,3,73,9,85,0,9,78,11,98,102,2,104,202
05/21/2020,GON,CT,ANE,EN,Federal Contract Tower,0,6,9,2,17,0,1,98,8,107,0,7,107,10,124,64,10,74,198
05/22/2020,GON,CT,ANE,EN,Federal Contract Tower,0,4,9,0,13,0,1,46,0,47,0,5,55,0,60,56,2,58,118
05/23/2020,GON,CT,ANE,EN,Federal Contract Tower,0,2,22,0,24,0,0,3,0,3,0,2,25,0,27,0,0,0,27
05/24/2020,GON,CT,ANE,EN,Federal Contract Tower,0,3,12,0,15,0,0,63,0,63,0,3,75,0,78,92,0,92,170
05/25/2020,GON,CT,ANE,EN,Federal Contract Tower,0,3,30,0,33,0,2,9,0,11,0,5,39,0,44,38,0,38,82
05/26/2020,GON,CT,ANE,EN,Federal Contract Tower,0,2,16,5,23,0,0,35,19,54,0,2,51,24,77,42,2,44,121
05/27/2020,GON,CT,ANE,EN,Federal Contract Tower,0,1,21,2,24,0,0,29,10,39,0,1,50,12,63,44,0,44,107
05/28/2020,GON,CT,ANE,EN,Federal Contract Tower,0,4,16,0,20,0,1,7,0,8,0,5,23,0,28,0,0,0,28
05/29/2020,GON,CT,ANE,EN,Federal Contract Tower,0,0,10,0,10,0,0,0,0,0,0,0,10,0,10,4,0,4,14
05/30/2020,GON,CT,ANE,EN,Federal Contract Tower,0,0,12,0,12,0,1,51,2,54,0,1,63,2,66,38,0,38,104
05/31/2020,GON,CT,ANE,EN,Federal Contract Tower,0,1,11,1,13,0,0,79,1,80,0,1,90,2,93,68,0,68,161
06/01/2020,GON,CT,ANE,EN,Federal Contract Tower,0,4,13,0,17,0,0,73,2,75,0,4,86,2,92,30,6,36,128
06/02/2020,GON,CT,ANE,EN,Federal Contract Tower,0,3,9,0,12,0,0,72,4,76,0,3,81,4,88,84,10,94,182
06/03/2020,GON,CT,ANE,EN,Federal Contract Tower,0,1,11,0,12,0,0,50,4,54,0,1,61,4,66,48,2,50,116
06/04/2020,GON,CT,ANE,EN,Federal Contract Tower,0,7,14,0,21,0,2,78,10,90,0,9,92,10,111,40,16,56,167
06/05/2020,GON,CT,ANE,EN,Federal Contract Tower,0,2,11,3,16,0,4,54,2,60,0,6,65,5,76,64,0,64,140
06/06/2020,GON,CT,ANE,EN,Federal Contract Tower,0,1,32,0,33,0,0,20,2,22,0,1,52,2,55,30,6,36,91
06/07/2020,GON,CT,ANE,EN,Federal Contract Tower,0,2,18,1,21,0,2,69,1,72,0,4,87,2,93,36,0,36,129
06/08/2020,GON,CT,ANE,EN,Federal Contract Tower,0,2,13,0,15,0,0,107,4,111,0,2,120,4,126,64,14,78,204
06/09/2020,GON,CT,ANE,EN,Federal Contract Tower,0,1,10,1,12,0,1,93,0,94,0,2,103,1,106,92,8,100,206
06/10/2020,GON,CT,ANE,EN,Federal Contract Tower,0,2,23,0,25,0,3,51,8,62,0,5,74,8,87,66,18,84,171
06/11/2020,GON,CT,ANE,EN,Federal Contract Tower,0,2,24,2,28,0,0,8,0,8,0,2,32,2,36,18,0,18,54
06/12/2020,GON,CT,ANE,EN,Federal Contract Tower,0,5,27,3,35,0,4,83,3,90,0,9,110,6,125,78,8,86,211
06/13/2020,GON,CT,ANE,EN,Federal Contract Tower,0,7,23,0,30,0,0,91,1,92,0,7,114,1,122,62,0,62,184
06/14/2020,GON,CT,ANE,EN,Federal Contract Tower,0,2,17,0,19,0,2,114,3,119,0,4,131,3,138,116,0,116,254
06/15/2020,GON,CT,ANE,EN,Federal Contract Tower,0,12,17,0,29,0,5,77,15,97,0,17,94,15,126,50,0,50,176
06/16/2020,GON,CT,ANE,EN,Federal Contract Tower,0,3,27,2,32,0,2,96,3,101,0,5,123,5,133,82,8,90,223
06/17/2020,GON,CT,ANE,EN,Federal Contract Tower,0,2,17,0,19,0,2,76,8,86,0,4,93,8,105,72,8,80,185
06/18/2020,GON,CT,ANE,EN,Federal Contract Tower,0,5,33,2,40,0,1,12,8,21,0,6,45,10,61,4,0,4,65
06/19/2020,GON,CT,ANE,EN,Federal Contract Tower,0,5,15,0,20,0,1,81,6,88,0,6,96,6,108,112,0,112,220
06/20/2020,GON,CT,ANE,EN,Federal Contract Tower,0,3,17,0,20,0,0,86,0,86,0,3,103,0,106,120,0,120,226
06/21/2020,GON,CT,ANE,EN,Federal Contract Tower,0,3,12,0,15,0,0,75,2,77,0,3,87,2,92,142,4,146,238
06/22/2020,GON,CT,ANE,EN,Federal Contract Tower,0,5,22,0,27,0,3,76,0,79,0,8,98,0,106,50,0,50,156
06/23/2020,GON,CT,ANE,EN,Federal Contract Tower,0,14,12,2,28,0,0,51,0,51,0,14,63,2,79,38,0,38,117
06/24/2020,GON,CT,ANE,EN,Federal Contract Tower,0,11,18,0,29,0,3,51,0,54,0,14,69,0,83,94,0,94,177
06/25/2020,GON,CT,ANE,EN,Federal Contract Tower,0,8,18,0,26,0,1,98,1,100,0,9,116,1,126,50,4,54,180
06/26/2020,GON,CT,ANE,EN,Federal Contract Tower,0,3,18,0,21,0,5,118,8,131,0,8,136,8,152,78,2,80,232
06/27/2020,GON,CT,ANE,EN,Federal Contract Tower,0,1,10,0,11,0,1,48,0,49,0,2,58,0,60,40,0,40,100
06/28/2020,GON,CT,ANE,EN,Federal Contract Tower,0,5,22,0,27,0,2,60,0,62,0,7,82,0,89,90,0,90,179
06/29/2020,GON,CT,ANE,EN,Federal Contract Tower,0,1,25,2,28,0,1,34,1,36,0,2,59,3,64,98,6,104,168
06/30/2020,GON,CT,ANE,EN,Federal Contract Tower,0,4,18,7,29,0,2,28,0,30,0,6,46,7,59,48,0,48,107
07/01/2020,GON,CT,ANE,EN,Federal Contract Tower,0,4,26,2,32,0,4,27,3,34,0,8,53,5,66,24,8,32,98
07/02/2020,GON,CT,ANE,EN,Federal Contract Tower,0,4,35,0,39,0,4,114,0,118,0,8,149,0,157,54,0,54,211
07/03/2020,GON,CT,ANE,EN,Federal Contract Tower,0,2,21,0,23,0,3,33,4,40,0,5,54,4,63,26,0,26,89
07/04/2020,GON,CT,ANE,EN,Federal Contract Tower,0,2,14,0,16,0,2,36,5,43,0,4,50,5,59,4,0,4,63
07/05/2020,GON,CT,ANE,EN,Federal Contract Tower,0,8,22,0,30,0,2,62,1,65,0,10,84,1,95,64,0,64,159
07/06/2020,GON,CT,ANE,EN,Federal Contract Tower,0,4,20,1,25,0,1,76,2,79,0,5,96,3,104,68,0,68,172
07/07/2020,GON,CT,ANE,EN,Federal Contract Tower,0,3,29,2,34,0,0,4,0,4,0,3,33,2,38,0,0,0,38
07/08/2020,GON,CT,ANE,EN,Federal Contract Tower,0,2,29,3,34,0,0,49,5,54,0,2,78,8,88,74,14,88,176
07/09/2020,GON,CT,ANE,EN,Federal Contract Tower,0,4,36,6,46,0,3,87,10,100,0,7,123,16,146,56,0,56,202
07/10/2020,GON,CT,ANE,EN,Federal Contract Tower,0,5,15,1,21,0,1,3,0,4,0,6,18,1,25,0,0,0,25
07/11/2020,GON,CT,ANE,EN,Federal Contract Tower,0,1,39,2,42,0,0,10,0,10,0,1,49,2,52,0,0,0,52
07/12/2020,GON,CT,ANE,EN,Federal Contract Tower,0,2,12,0,14,0,9,105,1,115,0,11,117,1,129,118,4,122,251
07/13/2020,GON,CT,ANE,EN,Federal Contract Tower,0,5,16,0,21,0,2,89,4,95,0,7,105,4,116,110,0,110,226
07/14/2020,GON,CT,ANE,EN,Federal Contract Tower,0,2,18,3,23,0,1,83,4,88,0,3,101,7,111,62,2,64,175
07/15/2020,GON,CT,ANE,EN,Federal Contract Tower,0,5,32,4,41,0,0,83,5,88,0,5,115,9,129,92,0,92,221
07/16/2020,GON,CT,ANE,EN,Federal Contract Tower,0,9,26,1,36,0,3,109,7,119,0,12,135,8,155,98,0,98,253
07/17/2020,GON,CT,ANE,EN,Federal Contract Tower,0,2,27,0,29,0,0,18,1,19,0,2,45,1,48,26,14,40,88
07/18/2020,GON,CT,ANE,EN,Federal Contract Tower,0,2,12,0,14,0,1,98,0,99,0,3,110,0,113,92,0,92,205
07/19/2020,GON,CT,ANE,EN,Federal Contract Tower,0,6,26,0,32,0,2,80,0,82,0,8,106,0,114,82,0,82,196
07/20/2020,GON,CT,ANE,EN,Federal Contract Tower,0,4,38,0,42,0,1,49,0,50,0,5,87,0,92,36,0,36,128
07/21/2020,GON,CT,ANE,EN,Federal Contract Tower,0,6,12,6,24,0,0,128,2,130,0,6,140,8,154,70,8,78,232
07/22/2020,GON,CT,ANE,EN,Federal Contract Tower,0,7,22,1,30,0,0,47,0,47,0,7,69,1,77,44,8,52,129
07/23/2020,GON,CT,ANE,EN,Federal Contract Tower,0,9,23,0,32,0,0,50,1,51,0,9,73,1,83,42,4,46,129
07/24/2020,GON,CT,ANE,EN,Federal Contract Tower,0,5,20,3,28,0,3,76,4,83,0,8,96,7,111,108,0,108,219
07/25/2020,GON,CT,ANE,EN,Federal Contract Tower,0,1,33,1,35,0,1,112,4,117,0,2,145,5,152,50,4,54,206
07/26/2020,GON,CT,ANE,EN,Federal Contract Tower,0,5,17,2,24,0,2,89,5,96,0,7,106,7,120,80,2,82,202
07/27/2020,GON,CT,ANE,EN,Federal Contract Tower,0,2,16,2,20,0,1,88,0,89,0,3,104,2,109,64,0,64,173
07/28/2020,GON,CT,ANE,EN,Federal Contract Tower,0,2,16,0,18,0,4,60,4,68,0,6,76,4,86,66,4,70,156
07/29/2020,GON,CT,ANE,EN,Federal Contract Tower,0,5,25,2,32,0,1,107,3,111,0,6,132,5,143,92,2,94,237
07/30/2020,GON,CT,ANE,EN,Federal Contract Tower,0,6,17,0,23,0,2,59,6,67,0,8,76,6,90,36,0,36,126
07/31/2020,GON,CT,ANE,EN,Federal Contract Tower,0,7,32,3,42,0,4,30,3,37,0,11,62,6,79,38,0,38,117
08/01/2020,GON,CT,ANE,EN,Federal Contract Tower,0,6,12,0,18,0,2,117,2,121,0,8,129,2,139,82,0,82,221
08/02/2020,GON,CT,ANE,EN,Federal Contract Tower,0,2,24,0,26,0,5,40,2,47,0,7,64,2,73,48,0,48,121
08/03/2020,GON,CT,ANE,EN,Federal Contract Tower,0,6,30,3,39,0,5,96,1,102,0,11,126,4,141,40,0,40,181
08/04/2020,GON,CT,ANE,EN,Federal Contract Tower,0,3,6,0,9,0,0,0,0,0,0,3,6,0,9,0,0,0,9
08/05/2020,GON,CT,ANE,EN,Federal Contract Tower,0,2,15,4,21,0,2,57,3,62,0,4,72,7,83,48,2,50,133
08/06/2020,GON,CT,ANE,EN,Federal Contract Tower,0,5,26,0,31,0,4,80,5,89,0,9,106,5,120,104,0,104,224
08/07/2020,GON,CT,ANE,EN,Federal Contract Tower,0,9,24,1,34,0,4,44,0,48,0,13,68,1,82,80,0,80,162
08/08/2020,GON,CT,ANE,EN,Federal Contract Tower,0,2,25,0,27,0,1,57,12,70,0,3,82,12,97,66,0,66,163
08/09/2020,GON,CT,ANE,EN,Federal Contract Tower,0,6,18,2,26,0,3,81,7,91,0,9,99,9,117,50,0,50,167
08/10/2020,GON,CT,ANE,EN,Federal Contract Tower,0,9,19,0,28,0,4,100,1,105,0,13,119,1,133,62,0,62,195
08/11/2020,GON,CT,ANE,EN,Federal Contract Tower,0,11,18,2,31,0,5,68,0,73,0,16,86,2,104,30,0,30,134
08/12/2020,GON,CT,ANE,EN,Federal Contract Tower,0,5,15,2,22,0,2,49,2,53,0,7,64,4,75,16,0,16,91
08/13/2020,GON,CT,ANE,EN,Federal Contract Tower,0,6,17,1,24,0,2,45,2,49,0,8,62,3,73,22,0,22,95
08/14/2020,GON,CT,ANE,EN,Federal Contract Tower,0,10,18,0,28,0,4,78,3,85,0,14,96,3,113,48,0,48,161
08/15/2020,GON,CT,ANE,EN,Federal Contract Tower,0,8,22,2,32,0,1,55,7,63,0,9,77,9,95,28,0,28,123
08/16/2020,GON,CT,ANE,EN,Federal Contract Tower,0,9,40,4,53,0,1,24,0,25,0,10,64,4,78,56,0,56,134
08/17/2020,GON,CT,ANE,EN,Federal Contract Tower,0,7,18,0,25,0,2,85,2,89,0,9,103,2,114,74,0,74,188
08/18/2020,GON,CT,ANE,EN,Federal Contract Tower,0,7,21,0,28,0,3,98,0,101,0,10,119,0,129,62,0,62,191
08/19/2020,GON,CT,ANE,EN,Federal Contract Tower,0,8,12,0,20,0,2,39,2,43,0,10,51,2,63,62,0,62,125
08/20/2020,GON,CT,ANE,EN,Federal Contract Tower,0,5,30,1,36,0,4,99,3,106,0,9,129,4,142,56,2,58,200
08/21/2020,GON,CT,ANE,EN,Federal Contract Tower,0,8,16,4,28,0,5,122,4,131,0,13,138,8,159,116,0,116,275
08/22/2020,GON,CT,ANE,EN,Federal Contract Tower,0,15,15,0,30,0,1,60,2,63,0,16,75,2,93,60,0,60,153
08/23/2020,GON,CT,ANE,EN,Federal Contract Tower,0,6,16,1,23,0,4,82,4,90,0,10,98,5,113,66,2,68,181
08/24/2020,GON,CT,ANE,EN,Federal Contract Tower,0,2,28,0,30,0,1,32,0,33,0,3,60,0,63,40,0,40,103
08/25/2020,GON,CT,ANE,EN,Federal Contract Tower,0,6,20,0,26,0,4,60,9,73,0,10,80,9,99,50,0,50,149
08/26/2020,GON,CT,ANE,EN,Federal Contract Tower,0,4,24,5,33,0,3,117,7,127,0,7,141,12,160,76,14,90,250
08/27/2020,GON,CT,ANE,EN,Federal Contract Tower,0,6,15,0,21,0,4,25,0,29,0,10,40,0,50,32,0,32,82
08/28/2020,GON,CT,ANE,EN,Federal Contract Tower,0,4,31,0,35,0,6,88,4,98,0,10,119,4,133,92,0,92,225
08/29/2020,GON,CT,ANE,EN,Federal Contract Tower,0,0,10,0,10,0,0,7,0,7,0,0,17,0,17,0,0,0,17
08/30/2020,GON,CT,ANE,EN,Federal Contract Tower,0,6,14,1,21,0,1,95,3,99,0,7,109,4,120,68,0,68,188
08/31/2020,GON,CT,ANE,EN,Federal Contract Tower,0,8,23,2,33,0,0,100,2,102,0,8,123,4,135,70,0,70,205
09/01/2020,GON,CT,ANE,EN,Federal Contract Tower,0,3,18,6,27,0,3,55,2,60,0,6,73,8,87,42,0,42,129
09/02/2020,GON,CT,ANE,EN,Federal Contract Tower,0,8,23,0,31,0,0,0,0,0,0,8,23,0,31,0,0,0,31
09/03/2020,GON,CT,ANE,EN,Federal Contract Tower,0,3,20,1,24,0,1,61,4,66,0,4,81,5,90,74,8,82,172
09/04/2020,GON,CT,ANE,EN,Federal Contract Tower,0,2,22,1,25,0,3,120,2,125,0,5,142,3,150,106,2,108,258
09/05/2020,GON,CT,ANE,EN,Federal Contract Tower,0,1,20,0,21,0,3,115,0,118,0,4,135,0,139,102,0,102,241
09/06/2020,GON,CT,ANE,EN,Federal Contract Tower,0,9,11,0,20,0,2,90,1,93,0,11,101,1,113,74,0,74,187
09/07/2020,GON,CT,ANE,EN,Federal Contract Tower,0,3,11,0,14,0,10,79,0,89,0,13,90,0,103,48,2,50,153
09/08/2020,GON,CT,ANE,EN,Federal Contract Tower,0,12,30,0,42,0,0,52,6,58,0,12,82,6,100,30,0,30,130
09/09/2020,GON,CT,ANE,EN,Federal Contract Tower,0,5,28,1,34,0,1,50,3,54,0,6,78,4,88,24,0,24,112
09/10/2020,GON,CT,ANE,EN,Federal Contract Tower,0,4,18,0,22,0,0,6,0,6,0,4,24,0,28,16,0,16,44
09/11/2020,GON,CT,ANE,EN,Federal Contract Tower,0,4,30,0,34,0,3,44,5,52,0,7,74,5,86,50,12,62,148
09/12/2020,GON,CT,ANE,EN,Federal Contract Tower,0,8,14,4,26,0,0,84,9,93,0,8,98,13,119,54,8,62,181
09/13/2020,GON,CT,ANE,EN,Federal Contract Tower,0,4,16,0,20,0,0,64,3,67,0,4,80,3,87,62,0,62,149
09/14/2020,GON,CT,ANE,EN,Federal Contract Tower,0,2,13,0,15,0,2,73,2,77,0,4,86,2,92,46,0,46,138
09/15/2020,GON,CT,ANE,EN,Federal Contract Tower,0,7,15,0,22,0,3,103,3,109,0,10,118,3,131,76,2,78,209
09/16/2020,GON,CT,ANE,EN,Federal Contract Tower,0,10,18,4,32,0,2,63,5,70,0,12,81,9,102,94,2,96,198
09/17/2020,GON,CT,ANE,EN,Federal Contract Tower,0,4,27,1,32,0,2,50,2,54,0,6,77,3,86,56,0,56,142
09/18/2020,GON,CT,ANE,EN,Federal Contract Tower,0,10,15,2,27,0,0,27,2,29,0,10,42,4,56,34,0,34,90
09/19/2020,GON,CT,ANE,EN,Federal Contract Tower,0,6,11,0,17,0,0,80,3,83,0,6,91,3,100,70,2,72,172
09/20/2020,GON,CT,ANE,EN,Federal Contract Tower,0,2,8,1,11,0,1,63,9,73,0,3,71,10,84,50,0,50,134
09/21/2020,GON,CT,ANE,EN,Federal Contract Tower,0,7,17,2,26,0,1,68,0,69,0,8,85,2,95,72,4,76,171
09/22/2020,GON,CT,ANE,EN,Federal Contract Tower,0,3,8,0,11,0,0,34,1,35,0,3,42,1,46,64,18,82,128
09/23/2020,GON,CT,ANE,EN,Federal Contract Tower,0,11,5,1,17,0,0,65,2,67,0,11,70,3,84,92,0,92,176
09/24/2020,GON,CT,ANE,EN,Federal Contract Tower,0,3,8,3,14,0,1,92,4,97,0,4,100,7,111,98,8,106,217
09/25/2020,GON,CT,ANE,EN,Federal Contract Tower,0,13,24,0,37,0,1,81,2,84,0,14,105,2,121,60,0,60,181
09/26/2020,GON,CT,ANE,EN,Federal Contract Tower,0,5,31,0,36,0,8,56,0,64,0,13,87,0,100,82,0,82,182
09/27/2020,GON,CT,ANE,EN,Federal Contract Tower,0,6,29,0,35,0,0,9,2,11,0,6,38,2,46,6,0,6,52
09/28/2020,GON,CT,ANE,EN,Federal Contract Tower,0,2,28,0,30,0,0,10,0,10,0,2,38,0,40,2,0,2,42
09/29/2020,GON,CT,ANE,EN,Federal Contract Tower,0,3,31,0,34,0,0,30,2,32,0,3,61,2,66,60,22,82,148
09/30/2020,GON,CT,ANE,EN,Federal Contract Tower,0,5,10,0,15,0,1,17,0,18,0,6,27,0,33,2,0,2,35
10/01/2020,GON,CT,ANE,EN,Federal Contract Tower,0,1,21,0,22,0,3,98,2,103,0,4,119,2,125,82,0,82,207
10/02/2020,GON,CT,ANE,EN,Federal Contract Tower,0,2,32,0,34,0,3,69,3,75,0,5,101,3,109,68,10,78,187
10/03/2020,GON,CT,ANE,EN,Federal Contract Tower,0,2,8,0,10,0,0,91,0,91,0,2,99,0,101,46,0,46,147
10/04/2020,GON,CT,ANE,EN,Federal Contract Tower,0,9,12,0,21,0,2,107,0,109,0,11,119,0,130,136,0,136,266
10/05/2020,GON,CT,ANE,EN,Federal Contract Tower,0,1,17,0,18,0,0,24,0,24,0,1,41,0,42,30,0,30,72
10/06/2020,GON,CT,ANE,EN,Federal Contract Tower,0,2,22,0,24,0,0,44,2,46,0,2,66,2,70,36,0,36,106
10/07/2020,GON,CT,ANE,EN,Federal Contract Tower,0,4,21,1,26,0,0,29,3,32,0,4,50,4,58,50,6,56,114
10/08/2020,GON,CT,ANE,EN,Federal Contract Tower,0,7,25,3,35,0,2,72,2,76,0,9,97,5,111,94,2,96,207
10/09/2020,GON,CT,ANE,EN,Federal Contract Tower,0,7,30,0,37,0,5,94,1,100,0,12,124,1,137,78,0,78,215
10/10/2020,GON,CT,ANE,EN,Federal Contract Tower,0,3,10,0,13,0,1,30,0,31,0,4,40,0,44,4,0,4,48
10/11/2020,GON,CT,ANE,EN,Federal Contract Tower,0,10,15,0,25,0,2,81,0,83,0,12,96,0,108,84,0,84,192
10/12/2020,GON,CT,ANE,EN,Federal Contract Tower,0,2,17,0,19,0,0,12,0,12,0,2,29,0,31,16,0,16,47
10/13/2020,GON,CT,ANE,EN,Federal Contract Tower,0,4,23,0,27,0,0,0,0,0,0,4,23,0,27,0,0,0,27
10/14/2020,GON,CT,ANE,EN,Federal Contract Tower,0,8,8,8,24,0,0,97,4,101,0,8,105,12,125,100,16,116,241
10/15/2020,GON,CT,ANE,EN,Federal Contract Tower,0,1,5,6,12,0,0,74,7,81,0,1,79,13,93,108,4,112,205
10/16/2020,GON,CT,ANE,EN,Federal Contract Tower,0,4,20,2,26,0,0,11,0,11,0,4,31,2,37,18,0,18,55
10/17/2020,GON,CT,ANE,EN,Federal Contract Tower,0,8,16,2,26,0,1,52,1,54,0,9,68,3,80,60,8,68,148
10/18/2020,GON,CT,ANE,EN,Federal Contract Tower,0,3,21,0,24,0,1,113,3,117,0,4,134,3,141,70,6,76,217
10/19/2020,GON,CT,ANE,EN,Federal Contract Tower,0,3,29,0,32,0,1,88,0,89,0,4,117,0,121,114,0,114,235
10/20/2020,GON,CT,ANE,EN,Federal Contract Tower,0,4,25,2,31,0,0,0,0,0,0,4,25,2,31,0,0,0,31
10/21/2020,GON,CT,ANE,EN,Federal Contract Tower,0,1,33,5,39,0,0,0,0,0,0,1,33,5,39,0,0,0,39
10/22/2020,GON,CT,ANE,EN,Federal Contract Tower,0,5,23,2,30,0,1,30,1,32,0,6,53,3,62,14,4,18,80
10/23/2020,GON,CT,ANE,EN,Federal Contract Tower,0,4,41,1,46,0,0,35,0,35,0,4,76,1,81,64,2,66,147
10/24/2020,GON,CT,ANE,EN,Federal Contract Tower,0,2,63,2,67,0,0,16,0,16,0,2,79,2,83,24,0,24,107
10/25/2020,GON,CT,ANE,EN,Federal Contract Tower,0,3,32,0,35,0,0,99,6,105,0,3,131,6,140,164,0,164,304
10/26/2020,GON,CT,ANE,EN,Federal Contract Tower,0,2,22,1,25,0,1,9,0,10,0,3,31,1,35,38,0,38,73
10/27/2020,GON,CT,ANE,EN,Federal Contract Tower,0,3,34,7,44,0,0,39,1,40,0,3,73,8,84,70,4,74,158
10/28/2020,GON,CT,ANE,EN,Federal Contract Tower,0,8,10,0,18,0,0,20,0,20,0,8,30,0,38,0,0,0,38
10/29/2020,GON,CT,ANE,EN,Federal Contract Tower,0,4,26,0,30,0,0,4,0,4,0,4,30,0,34,0,0,0,34
10/30/2020,GON,CT,ANE,EN,Federal Contract Tower,0,3,12,0,15,0,0,4,0,4,0,3,16,0,19,0,0,0,19
10/31/2020,GON,CT,ANE,EN,Federal Contract Tower,0,5,26,0,31,0,3,110,0,113,0,8,136,0,144,110,0,110,254
11/01/2020,GON,CT,ANE,EN,Federal Contract Tower,0,2,20,0,22,0,1,29,0,30,0,3,49,0,52,72,0,72,124
11/02/2020,GON,CT,ANE,EN,Federal Contract Tower,0,1,9,2,12,0,2,5,0,7,0,3,14,2,19,2,0,2,21
11/03/2020,GON,CT,ANE,EN,Federal Contract Tower,0,0,11,2,13,0,0,28,4,32,0,0,39,6,45,10,2,12,57
11/04/2020,GON,CT,ANE,EN,Federal Contract Tower,0,1,24,2,27,0,0,70,2,72,0,1,94,4,99,58,0,58,157
11/05/2020,GON,CT,ANE,EN,Federal Contract Tower,0,1,27,8,36,0,0,48,14,62,0,1,75,22,98,32,6,38,136
11/06/2020,GON,CT,ANE,EN,Federal Contract Tower,0,0,22,0,22,0,0,76,4,80,0,0,98,4,102,94,0,94,196
11/07/2020,GON,CT,ANE,EN,Federal Contract Tower,0,3,10,3,16,0,0,130,4,134,0,3,140,7,150,72,2,74,224
11/08/2020,GON,CT,ANE,EN,Federal Contract Tower,0,3,14,2,19,0,0,101,2,103,0,3,115,4,122,80,0,80,202
11/09/2020,GON,CT,ANE,EN,Federal Contract Tower,0,2,16,2,20,0,1,98,2,101,0,3,114,4,121,68,0,68,189
11/10/2020,GON,CT,ANE,EN,Federal Contract Tower,0,1,22,0,23,0,0,51,2,53,0,1,73,2,76,34,2,36,112
11/11/2020,GON,CT,ANE,EN,Federal Contract Tower,0,8,11,0,19,0,0,21,2,23,0,8,32,2,42,36,0,36,78
11/12/2020,GON,CT,ANE,EN,Federal Contract Tower,0,4,12,0,16,0,0,11,0,11,0,4,23,0,27,20,0,20,47
11/13/2020,GON,CT,ANE,EN,Federal Contract Tower,0,4,20,0,24,0,0,3,0,3,0,4,23,0,27,12,0,12,39
11/14/2020,GON,CT,ANE,EN,Federal Contract Tower,0,4,24,1,29,0,1,116,4,121,0,5,140,5,150,76,0,76,226
11/15/2020,GON,CT,ANE,EN,Federal Contract Tower,0,6,9,0,15,0,0,45,0,45,0,6,54,0,60,84,0,84,144
11/16/2020,GON,CT,ANE,EN,Federal Contract Tower,0,5,12,2,19,0,0,47,5,52,0,5,59,7,71,24,2,26,97
11/17/2020,GON,CT,ANE,EN,Federal Contract Tower,0,3,9,0,12,0,0,24,6,30,0,3,33,6,42,22,2,24,66
11/18/2020,GON,CT,ANE,EN,Federal Contract Tower,0,3,21,0,24,0,0,83,6,89,0,3,104,6,113,28,0,28,141
11/19/2020,GON,CT,ANE,EN,Federal Contract Tower,0,5,12,0,17,0,0,62,2,64,0,5,74,2,81,46,4,50,131
11/20/2020,GON,CT,ANE,EN,Federal Contract Tower,0,4,20,2,26,0,0,70,5,75,0,4,90,7,101,48,4,52,153
11/21/2020,GON,CT,ANE,EN,Federal Contract Tower,0,4,25,1,30,0,2,113,6,121,0,6,138,7,151,80,12,92,243
11/22/2020,GON,CT,ANE,EN,Federal Contract Tower,0,6,26,2,34,0,0,33,0,33,0,6,59,2,67,50,0,50,117
11/23/2020,GON,CT,ANE,EN,Federal Contract Tower,0,5,10,0,15,0,0,14,0,14,0,5,24,0,29,0,0,0,29
11/24/2020,GON,CT,ANE,EN,Federal Contract Tower,0,0,17,1,18,0,2,89,0,91,0,2,106,1,109,48,0,48,157
11/25/2020,GON,CT,ANE,EN,Federal Contract Tower,0,1,11,1,13,0,0,45,5,50,0,1,56,6,63,34,8,42,105
11/26/2020,GON,CT,ANE,EN,Federal Contract Tower,0,4,0,0,4,0,0,0,0,0,0,4,0,0,4,0,0,0,4
11/27/2020,GON,CT,ANE,EN,Federal Contract Tower,0,7,9,0,16,0,2,52,0,54,0,9,61,0,70,50,0,50,120
11/28/2020,GON,CT,ANE,EN,Federal Contract Tower,0,2,13,1,16,0,0,110,0,110,0,2,123,1,126,72,0,72,198
11/29/2020,GON,CT,ANE,EN,Federal Contract Tower,0,5,13,0,18,0,0,119,0,119,0,5,132,0,137,44,0,44,181
11/30/2020,GON,CT,ANE,EN,Federal Contract Tower,0,0,10,0,10,0,0,10,0,10,0,0,20,0,20,6,0,6,26
12/01/2020,GON,CT,ANE,EN,Federal Contract Tower,0,1,9,0,10,0,0,20,0,20,0,1,29,0,30,66,0,66,96
12/02/2020,GON,CT,ANE,EN,Federal Contract Tower,0,3,5,2,10,0,0,37,2,39,0,3,42,4,49,18,0,18,67
12/03/2020,GON,CT,ANE,EN,Federal Contract Tower,0,1,9,2,12,0,1,112,8,121,0,2,121,10,133,88,4,92,225
12/04/2020,GON,CT,ANE,EN,Federal Contract Tower,0,2,15,0,17,0,0,55,0,55,0,2,70,0,72,72,2,74,146
12/05/2020,GON,CT,ANE,EN,Federal Contract Tower,0,0,0,0,0,0,0,0,0,0,0,0,0,0,0,0,0,0,0
12/06/2020,GON,CT,ANE,EN,Federal Contract Tower,0,2,5,0,7,0,0,59,0,59,0,2,64,0,66,96,0,96,162
12/07/2020,GON,CT,ANE,EN,Federal Contract Tower,0,4,6,0,10,0,0,88,0,88,0,4,94,0,98,18,0,18,116
12/08/2020,GON,CT,ANE,EN,Federal Contract Tower,0,3,9,0,12,0,1,39,2,42,0,4,48,2,54,36,4,40,94
12/09/2020,GON,CT,ANE,EN,Federal Contract Tower,0,0,11,5,16,0,0,33,4,37,0,0,44,9,53,38,4,42,95
12/10/2020,GON,CT,ANE,EN,Federal Contract Tower,0,2,7,2,11,0,1,81,6,88,0,3,88,8,99,104,6,110,209
12/11/2020,GON,CT,ANE,EN,Federal Contract Tower,0,0,16,2,18,0,2,98,4,104,0,2,114,6,122,66,0,66,188
12/12/2020,GON,CT,ANE,EN,Federal Contract Tower,0,0,13,0,13,0,0,0,0,0,0,0,13,0,13,0,0,0,13
12/13/2020,GON,CT,ANE,EN,Federal Contract Tower,0,2,10,0,12,0,0,103,2,105,0,2,113,2,117,144,0,144,261
12/14/2020,GON,CT,ANE,EN,Federal Contract Tower,0,2,9,0,11,0,0,14,0,14,0,2,23,0,25,46,0,46,71
12/15/2020,GON,CT,ANE,EN,Federal Contract Tower,0,1,8,1,10,0,0,60,0,60,0,1,68,1,70,60,0,60,130
12/16/2020,GON,CT,ANE,EN,Federal Contract Tower,0,3,6,2,11,0,0,37,3,40,0,3,43,5,51,44,4,48,99
12/17/2020,GON,CT,ANE,EN,Federal Contract Tower,0,0,0,0,0,0,0,0,0,0,0,0,0,0,0,0,0,0,0
12/18/2020,GON,CT,ANE,EN,Federal Contract Tower,0,0,8,0,8,0,0,9,5,14,0,0,17,5,22,4,0,4,26
12/19/2020,GON,CT,ANE,EN,Federal Contract Tower,0,1,20,0,21,0,2,94,0,96,0,3,114,0,117,44,0,44,161
12/20/2020,GON,CT,ANE,EN,Federal Contract Tower,0,3,7,0,10,0,0,34,3,37,0,3,41,3,47,60,0,60,107
12/21/2020,GON,CT,ANE,EN,Federal Contract Tower,0,5,12,0,17,0,0,19,0,19,0,5,31,0,36,68,0,68,104
12/22/2020,GON,CT,ANE,EN,Federal Contract Tower,0,4,8,1,13,0,2,65,4,71,0,6,73,5,84,46,2,48,132
12/23/2020,GON,CT,ANE,EN,Federal Contract Tower,0,2,13,0,15,0,3,101,2,106,0,5,114,2,121,68,18,86,207
12/24/2020,GON,CT,ANE,EN,Federal Contract Tower,0,4,5,0,9,0,0,13,0,13,0,4,18,0,22,28,0,28,50
12/25/2020,GON,CT,ANE,EN,Federal Contract Tower,0,1,1,0,2,0,0,1,0,1,0,1,2,0,3,0,0,0,3
12/26/2020,GON,CT,ANE,EN,Federal Contract Tower,0,2,4,0,6,0,0,39,0,39,0,2,43,0,45,44,0,44,89
12/27/2020,GON,CT,ANE,EN,Federal Contract Tower,0,1,20,0,21,0,0,127,6,133,0,1,147,6,154,102,4,106,260
12/28/2020,GON,CT,ANE,EN,Federal Contract Tower,0,3,8,0,11,0,0,59,4,63,0,3,67,4,74,78,0,78,152
12/29/2020,GON,CT,ANE,EN,Federal Contract Tower,0,6,8,0,14,0,0,45,0,45,0,6,53,0,59,30,0,30,89
12/31/2020,GON,CT,ANE,EN,Federal Contract Tower,0,1,3,0,4,0,0,19,0,19,0,1,22,0,23,26,0,26,49
01/01/2021,GON,CT,ANE,EN,Federal Contract Tower,0,2,8,0,10,0,2,45,0,47,0,4,53,0,57,20,0,20,77
01/02/2021,GON,CT,ANE,EN,Federal Contract Tower,0,2,8,0,10,0,0,20,0,20,0,2,28,0,30,2,0,2,32
01/03/2021,GON,CT,ANE,EN,Federal Contract Tower,0,2,3,0,5,0,0,42,0,42,0,2,45,0,47,64,0,64,111
01/04/2021,GON,CT,ANE,EN,Federal Contract Tower,0,1,14,0,15,0,1,36,2,39,0,2,50,2,54,24,0,24,78
01/05/2021,GON,CT,ANE,EN,Federal Contract Tower,0,1,21,8,30,0,1,42,6,49,0,2,63,14,79,58,0,58,137
01/06/2021,GON,CT,ANE,EN,Federal Contract Tower,0,3,5,0,8,0,0,87,9,96,0,3,92,9,104,71,10,81,185
01/07/2021,GON,CT,ANE,EN,Federal Contract Tower,0,6,19,8,33,0,1,59,6,66,0,7,78,14,99,28,4,32,131
01/08/2021,GON,CT,ANE,EN,Federal Contract Tower,0,2,12,2,16,0,0,85,2,87,0,2,97,4,103,70,0,70,173
01/09/2021,GON,CT,ANE,EN,Federal Contract Tower,0,1,12,0,13,0,0,73,1,74,0,1,85,1,87,56,0,56,143
01/10/2021,GON,CT,ANE,EN,Federal Contract Tower,0,5,15,0,20,0,2,134,4,140,0,7,149,4,160,58,0,58,218
01/11/2021,GON,CT,ANE,EN,Federal Contract Tower,0,0,13,3,16,0,0,86,2,88,0,0,99,5,104,36,8,44,148
01/12/2021,GON,CT,ANE,EN,Federal Contract Tower,0,4,10,0,14,0,2,80,2,84,0,6,90,2,98,88,2,90,188
01/13/2021,GON,CT,ANE,EN,Federal Contract Tower,0,4,6,3,13,0,0,80,10,90,0,4,86,13,103,56,14,70,173
01/14/2021,GON,CT,ANE,EN,Federal Contract Tower,0,4,15,4,23,0,2,50,6,58,0,6,65,10,81,84,2,86,167
01/15/2021,GON,CT,ANE,EN,Federal Contract Tower,0,4,24,9,37,0,0,26,0,26,0,4,50,9,63,32,0,32,95
01/16/2021,GON,CT,ANE,EN,Federal Contract Tower,0,1,8,0,9,0,0,8,0,8,0,1,16,0,17,32,0,32,49
01/17/2021,GON,CT,ANE,EN,Federal Contract Tower,0,1,9,0,10,0,0,30,0,30,0,1,39,0,40,14,0,14,54
01/18/2021,GON,CT,ANE,EN,Federal Contract Tower,0,5,15,0,20,0,0,84,0,84,0,5,99,0,104,52,0,52,156
01/19/2021,GON,CT,ANE,EN,Federal Contract Tower,0,5,14,2,21,0,2,53,7,62,0,7,67,9,83,124,10,134,217
01/20/2021,GON,CT,ANE,EN,Federal Contract Tower,0,2,1,0,3,0,0,36,4,40,0,2,37,4,43,20,10,30,73
01/21/2021,GON,CT,ANE,EN,Federal Contract Tower,0,8,13,7,28,0,0,60,5,65,0,8,73,12,93,50,0,50,143
01/22/2021,GON,CT,ANE,EN,Federal Contract Tower,0,6,20,0,26,0,0,73,4,77,0,6,93,4,103,82,0,82,185
01/23/2021,GON,CT,ANE,EN,Federal Contract Tower,0,0,5,0,5,0,1,17,0,18,0,1,22,0,23,0,0,0,23
01/24/2021,GON,CT,ANE,EN,Federal Contract Tower,0,1,11,0,12,0,0,50,0,50,0,1,61,0,62,44,0,44,106
01/25/2021,GON,CT,ANE,EN,Federal Contract Tower,0,1,12,4,17,0,0,91,2,93,0,1,103,6,110,56,0,56,166
01/26/2021,GON,CT,ANE,EN,Federal Contract Tower,0,0,11,0,11,0,0,31,0,31,0,0,42,0,42,44,0,44,86
01/27/2021,GON,CT,ANE,EN,Federal Contract Tower,0,7,10,0,17,0,0,26,0,26,0,7,36,0,43,46,0,46,89
01/28/2021,GON,CT,ANE,EN,Federal Contract Tower,0,3,7,0,10,0,1,22,0,23,0,4,29,0,33,4,2,6,39
01/29/2021,GON,CT,ANE,EN,Federal Contract Tower,0,1,9,2,12,0,0,6,0,6,0,1,15,2,18,0,0,0,18
01/30/2021,GON,CT,ANE,EN,Federal Contract Tower,0,8,23,0,31,0,0,61,0,61,0,8,84,0,92,90,2,92,184
01/31/2021,GON,CT,ANE,EN,Federal Contract Tower,0,2,16,0,18,0,2,67,6,75,0,4,83,6,93,64,12,76,169
02/01/2021,GON,CT,ANE,EN,Federal Contract Tower,0,0,0,0,0,0,0,0,0,0,0,0,0,0,0,0,0,0,0
02/02/2021,GON,CT,ANE,EN,Federal Contract Tower,0,0,2,0,2,0,0,0,0,0,0,0,2,0,2,0,0,0,2
02/03/2021,GON,CT,ANE,EN,Federal Contract Tower,0,0,3,2,5,0,0,47,5,52,0,0,50,7,57,58,20,78,135
02/04/2021,GON,CT,ANE,EN,Federal Contract Tower,0,1,19,0,20,0,7,80,21,108,0,8,99,21,128,60,18,78,206
02/05/2021,GON,CT,ANE,EN,Federal Contract Tower,0,4,10,0,14,0,0,14,0,14,0,4,24,0,28,18,2,20,48
02/06/2021,GON,CT,ANE,EN,Federal Contract Tower,0,2,6,0,8,0,0,62,0,62,0,2,68,0,70,64,2,66,136
02/07/2021,GON,CT,ANE,EN,Federal Contract Tower,0,0,1,0,1,0,0,0,0,0,0,0,1,0,1,0,0,0,1
02/08/2021,GON,CT,ANE,EN,Federal Contract Tower,0,0,11,0,11,0,2,56,0,58,0,2,67,0,69,46,6,52,121
02/09/2021,GON,CT,ANE,EN,Federal Contract Tower,0,0,4,1,5,0,0,0,0,0,0,0,4,1,5,0,0,0,5
02/10/2021,GON,CT,ANE,EN,Federal Contract Tower,0,2,10,1,13,0,0,74,0,74,0,2,84,1,87,88,0,88,175
02/11/2021,GON,CT,ANE,EN,Federal Contract Tower,0,3,11,1,15,0,2,66,2,70,0,5,77,3,85,34,8,42,127
02/12/2021,GON,CT,ANE,EN,Federal Contract Tower,0,2,12,0,14,0,0,92,0,92,0,2,104,0,106,26,0,26,132
02/13/2021,GON,CT,ANE,EN,Federal Contract Tower,0,1,11,0,12,0,0,94,0,94,0,1,105,0,106,140,0,140,246
02/14/2021,GON,CT,ANE,EN,Federal Contract Tower,0,1,3,0,4,0,0,3,0,3,0,1,6,0,7,2,0,2,9
02/15/2021,GON,CT,ANE,EN,Federal Contract Tower,0,0,7,0,7,0,0,10,0,10,0,0,17,0,17,56,0,56,73
02/16/2021,GON,CT,ANE,EN,Federal Contract Tower,0,0,6,0,6,0,3,7,0,10,0,3,13,0,16,8,2,10,26
02/17/2021,GON,CT,ANE,EN,Federal Contract Tower,0,6,17,2,25,0,0,114,6,120,0,6,131,8,145,122,4,126,271
02/18/2021,GON,CT,ANE,EN,Federal Contract Tower,0,0,3,0,3,0,0,4,0,4,0,0,7,0,7,22,0,22,29
02/19/2021,GON,CT,ANE,EN,Federal Contract Tower,0,0,4,0,4,0,0,0,0,0,0,0,4,0,4,0,0,0,4
02/20/2021,GON,CT,ANE,EN,Federal Contract Tower,0,3,10,0,13,0,3,36,2,41,0,6,46,2,54,20,2,22,76
02/21/2021,GON,CT,ANE,EN,Federal Contract Tower,0,1,13,0,14,0,0,98,2,100,0,1,111,2,114,60,0,60,174
02/22/2021,GON,CT,ANE,EN,Federal Contract Tower,0,0,7,0,7,0,0,19,0,19,0,0,26,0,26,46,0,46,72
02/23/2021,GON,CT,ANE,EN,Federal Contract Tower,0,1,8,0,9,0,1,40,6,47,0,2,48,6,56,28,2,30,86
02/24/2021,GON,CT,ANE,EN,Federal Contract Tower,0,0,26,0,26,0,0,81,2,83,0,0,107,2,109,84,2,86,195
02/25/2021,GON,CT,ANE,EN,Federal Contract Tower,0,3,4,5,12,0,0,30,6,36,0,3,34,11,48,22,18,40,88
02/26/2021,GON,CT,ANE,EN,Federal Contract Tower,0,1,28,0,29,0,2,113,0,115,0,3,141,0,144,104,0,104,248
02/27/2021,GON,CT,ANE,EN,Federal Contract Tower,0,0,2,0,2,0,0,0,0,0,0,0,2,0,2,0,0,0,2
02/28/2021,GON,CT,ANE,EN,Federal Contract Tower,0,0,16,1,17,0,1,63,2,66,0,1,79,3,83,98,4,102,185
03/01/2021,GON,CT,ANE,EN,Federal Contract Tower,0,7,13,0,20,0,0,5,2,7,0,7,18,2,27,4,0,4,31
03/02/2021,GON,CT,ANE,EN,Federal Contract Tower,0,0,0,0,0,0,0,20,0,20,0,0,20,0,20,0,0,0,20
03/03/2021,GON,CT,ANE,EN,Federal Contract Tower,0,3,11,1,15,0,0,99,7,106,0,3,110,8,121,86,16,102,223
03/04/2021,GON,CT,ANE,EN,Federal Contract Tower,0,1,9,4,14,0,1,44,3,48,0,2,53,7,62,62,0,62,124
03/05/2021,GON,CT,ANE,EN,Federal Contract Tower,0,0,9,0,9,0,0,28,1,29,0,0,37,1,38,8,0,8,46
03/06/2021,GON,CT,ANE,EN,Federal Contract Tower,0,4,12,0,16,0,0,63,2,65,0,4,75,2,81,86,0,86,167
03/07/2021,GON,CT,ANE,EN,Federal Contract Tower,0,1,10,0,11,0,0,94,0,94,0,1,104,0,105,76,0,76,181
03/08/2021,GON,CT,ANE,EN,Federal Contract Tower,0,2,11,0,13,0,1,56,0,57,0,3,67,0,70,60,2,62,132
03/09/2021,GON,CT,ANE,EN,Federal Contract Tower,0,2,7,3,12,0,1,68,0,69,0,3,75,3,81,60,12,72,153
03/10/2021,GON,CT,ANE,EN,Federal Contract Tower,0,0,20,1,21,0,3,114,5,122,0,3,134,6,143,98,2,100,243
03/11/2021,GON,CT,ANE,EN,Federal Contract Tower,0,6,14,3,23,0,0,74,5,79,0,6,88,8,102,88,10,98,200
03/12/2021,GON,CT,ANE,EN,Federal Contract Tower,0,5,16,1,22,0,2,47,3,52,0,7,63,4,74,46,0,46,120
03/13/2021,GON,CT,ANE,EN,Federal Contract Tower,0,0,8,0,8,0,0,69,0,69,0,0,77,0,77,70,0,70,147
03/14/2021,GON,CT,ANE,EN,Federal Contract Tower,0,1,13,0,14,0,2,50,0,52,0,3,63,0,66,76,0,76,142
03/15/2021,GON,CT,ANE,EN,Federal Contract Tower,0,5,6,4,15,0,1,31,0,32,0,6,37,4,47,10,2,12,59
03/16/2021,GON,CT,ANE,EN,Federal Contract Tower,0,1,7,2,10,0,4,65,1,70,0,5,72,3,80,68,8,76,156
03/17/2021,GON,CT,ANE,EN,Federal Contract Tower,0,4,16,6,26,0,2,51,9,62,0,6,67,15,88,106,22,128,216
03/18/2021,GON,CT,ANE,EN,Federal Contract Tower,0,0,8,2,10,0,0,2,0,2,0,0,10,2,12,0,0,0,12
03/19/2021,GON,CT,ANE,EN,Federal Contract Tower,0,7,4,0,11,0,0,16,0,16,0,7,20,0,27,64,0,64,91
03/20/2021,GON,CT,ANE,EN,Federal Contract Tower,0,3,10,2,15,0,0,111,4,115,0,3,121,6,130,94,6,100,230
03/21/2021,GON,CT,ANE,EN,Federal Contract Tower,0,0,22,1,23,0,0,127,2,129,0,0,149,3,152,66,2,68,220
03/22/2021,GON,CT,ANE,EN,Federal Contract Tower,0,1,22,0,23,0,0,71,1,72,0,1,93,1,95,90,0,90,185
03/23/2021,GON,CT,ANE,EN,Federal Contract Tower,0,2,15,0,17,0,0,54,4,58,0,2,69,4,75,60,0,60,135
03/24/2021,GON,CT,ANE,EN,Federal Contract Tower,0,5,12,3,20,0,4,37,0,41,0,9,49,3,61,28,8,36,97
03/25/2021,GON,CT,ANE,EN,Federal Contract Tower,0,2,25,3,30,0,0,4,0,4,0,2,29,3,34,0,0,0,34
03/26/2021,GON,CT,ANE,EN,Federal Contract Tower,0,3,9,0,12,0,0,3,0,3,0,3,12,0,15,0,0,0,15
03/27/2021,GON,CT,ANE,EN,Federal Contract Tower,0,0,24,0,24,0,0,106,6,112,0,0,130,6,136,84,0,84,220
03/28/2021,GON,CT,ANE,EN,Federal Contract Tower,0,2,7,0,9,0,0,0,0,0,0,2,7,0,9,0,0,0,9
03/29/2021,GON,CT,ANE,EN,Federal Contract Tower,0,3,4,2,9,0,0,8,0,8,0,3,12,2,17,2,0,2,19
03/30/2021,GON,CT,ANE,EN,Federal Contract Tower,0,3,26,3,32,0,1,92,11,104,0,4,118,14,136,86,20,106,242
03/31/2021,GON,CT,ANE,EN,Federal Contract Tower,0,0,8,6,14,0,0,38,2,40,0,0,46,8,54,32,0,32,86
04/01/2021,GON,CT,ANE,EN,Federal Contract Tower,0,1,13,1,15,0,1,9,2,12,0,2,22,3,27,8,2,10,37
04/02/2021,GON,CT,ANE,EN,Federal Contract Tower,0,6,15,1,22,0,3,65,0,68,0,9,80,1,90,48,0,48,138
04/03/2021,GON,CT,ANE,EN,Federal Contract Tower,0,3,12,2,17,0,0,92,1,93,0,3,104,3,110,106,0,106,216
04/04/2021,GON,CT,ANE,EN,Federal Contract Tower,0,1,14,0,15,0,0,55,0,55,0,1,69,0,70,44,0,44,114
04/05/2021,GON,CT,ANE,EN,Federal Contract Tower,0,0,7,2,9,0,0,49,2,51,0,0,56,4,60,2,0,2,62
04/06/2021,GON,CT,ANE,EN,Federal Contract Tower,0,6,18,0,24,0,2,50,1,53,0,8,68,1,77,20,2,22,99
04/07/2021,GON,CT,ANE,EN,Federal Contract Tower,0,2,9,1,12,0,1,110,3,114,0,3,119,4,126,84,14,98,224
04/08/2021,GON,CT,ANE,EN,Federal Contract Tower,0,4,23,1,28,0,2,95,5,102,0,6,118,6,130,60,6,66,196
04/09/2021,GON,CT,ANE,EN,Federal Contract Tower,0,2,18,0,20,0,3,33,2,38,0,5,51,2,58,38,0,38,96
04/10/2021,GON,CT,ANE,EN,Federal Contract Tower,0,6,39,3,48,0,0,23,0,23,0,6,62,3,71,86,0,86,157
04/11/2021,GON,CT,ANE,EN,Federal Contract Tower,0,3,13,0,16,0,0,0,0,0,0,3,13,0,16,0,0,0,16
04/12/2021,GON,CT,ANE,EN,Federal Contract Tower,0,3,14,0,17,0,0,15,0,15,0,3,29,0,32,30,0,30,62
04/13/2021,GON,CT,ANE,EN,Federal Contract Tower,0,3,20,2,25,0,0,44,11,55,0,3,64,13,80,48,4,52,132
04/14/2021,GON,CT,ANE,EN,Federal Contract Tower,0,3,20,4,27,0,3,68,0,71,0,6,88,4,98,52,4,56,154
04/15/2021,GON,CT,ANE,EN,Federal Contract Tower,0,5,15,0,20,0,0,1,0,1,0,5,16,0,21,0,0,0,21
04/16/2021,GON,CT,ANE,EN,Federal Contract Tower,0,5,10,0,15,0,0,12,0,12,0,5,22,0,27,8,0,8,35
04/17/2021,GON,CT,ANE,EN,Federal Contract Tower,0,7,10,0,17,0,1,74,0,75,0,8,84,0,92,128,0,128,220
04/18/2021,GON,CT,ANE,EN,Federal Contract Tower,0,7,14,0,21,0,1,120,4,125,0,8,134,4,146,142,0,142,288
04/19/2021,GON,CT,ANE,EN,Federal Contract Tower,0,0,15,0,15,0,2,105,0,107,0,2,120,0,122,54,0,54,176
04/20/2021,GON,CT,ANE,EN,Federal Contract Tower,0,0,12,2,14,0,4,75,6,85,0,4,87,8,99,90,4,94,193
04/21/2021,GON,CT,ANE,EN,Federal Contract Tower,0,3,10,4,17,0,0,36,0,36,0,3,46,4,53,62,0,62,115
04/22/2021,GON,CT,ANE,EN,Federal Contract Tower,0,4,0,0,4,0,1,9,2,12,0,5,9,2,16,8,4,12,28
04/23/2021,GON,CT,ANE,EN,Federal Contract Tower,0,7,21,0,28,0,5,53,2,60,0,12,74,2,88,22,0,22,110
04/24/2021,GON,CT,ANE,EN,Federal Contract Tower,0,1,3,0,4,0,1,121,6,128,0,2,124,6,132,116,6,122,254
04/25/2021,GON,CT,ANE,EN,Federal Contract Tower,0,4,35,0,39,0,0,10,0,10,0,4,45,0,49,28,0,28,77
04/26/2021,GON,CT,ANE,EN,Federal Contract Tower,0,2,4,0,6,0,2,37,0,39,0,4,41,0,45,36,2,38,83
04/27/2021,GON,CT,ANE,EN,Federal Contract Tower,0,0,11,2,13,0,1,95,4,100,0,1,106,6,113,60,0,60,173
04/28/2021,GON,CT,ANE,EN,Federal Contract Tower,0,2,27,8,37,0,1,105,5,111,0,3,132,13,148,84,6,90,238
04/29/2021,GON,CT,ANE,EN,Federal Contract Tower,0,4,20,7,31,0,2,12,2,16,0,6,32,9,47,18,0,18,65
04/30/2021,GON,CT,ANE,EN,Federal Contract Tower,0,2,8,3,13,0,4,21,5,30,0,6,29,8,43,4,4,8,51
05/01/2021,GON,CT,ANE,EN,Federal Contract Tower,0,7,7,0,14,0,4,83,0,87,0,11,90,0,101,56,0,56,157
05/02/2021,GON,CT,ANE,EN,Federal Contract Tower,0,4,19,2,25,0,0,75,1,76,0,4,94,3,101,70,0,70,171
05/03/2021,GON,CT,ANE,EN,Federal Contract Tower,0,4,16,2,22,0,1,62,0,63,0,5,78,2,85,50,0,50,135
05/04/2021,GON,CT,ANE,EN,Federal Contract Tower,0,5,26,0,31,0,2,9,0,11,0,7,35,0,42,34,0,34,76
05/05/2021,GON,CT,ANE,EN,Federal Contract Tower,0,0,14,0,14,0,0,0,0,0,0,0,14,0,14,0,0,0,14
05/06/2021,GON,CT,ANE,EN,Federal Contract Tower,0,7,17,2,26,0,6,111,7,124,0,13,128,9,150,88,4,92,242
05/07/2021,GON,CT,ANE,EN,Federal Contract Tower,0,7,21,0,28,0,2,105,5,112,0,9,126,5,140,104,0,104,244
05/08/2021,GON,CT,ANE,EN,Federal Contract Tower,0,2,7,1,10,0,4,69,5,78,0,6,76,6,88,94,8,102,190
05/09/2021,GON,CT,ANE,EN,Federal Contract Tower,0,7,11,0,18,0,6,77,2,85,0,13,88,2,103,94,0,94,197
05/10/2021,GON,CT,ANE,EN,Federal Contract Tower,0,5,20,0,25,0,0,51,0,51,0,5,71,0,76,64,0,64,140
05/11/2021,GON,CT,ANE,EN,Federal Contract Tower,0,2,12,4,18,0,0,56,0,56,0,2,68,4,74,54,0,54,128
05/12/2021,GON,CT,ANE,EN,Federal Contract Tower,0,0,17,2,19,0,0,100,4,104,0,0,117,6,123,134,4,138,261
05/13/2021,GON,CT,ANE,EN,Federal Contract Tower,0,7,17,2,26,0,2,136,10,148,0,9,153,12,174,122,2,124,298
05/14/2021,GON,CT,ANE,EN,Federal Contract Tower,0,21,13,0,34,0,5,93,4,102,0,26,106,4,136,56,0,56,192
05/15/2021,GON,CT,ANE,EN,Federal Contract Tower,0,24,30,2,56,0,0,127,10,137,0,24,157,12,193,108,0,108,301
05/16/2021,GON,CT,ANE,EN,Federal Contract Tower,0,3,12,0,15,0,0,95,5,100,0,3,107,5,115,76,4,80,195
05/17/2021,GON,CT,ANE,EN,Federal Contract Tower,0,4,14,0,18,0,1,76,4,81,0,5,90,4,99,56,0,56,155
05/18/2021,GON,CT,ANE,EN,Federal Contract Tower,0,5,18,3,26,0,0,77,0,77,0,5,95,3,103,108,0,108,211
05/19/2021,GON,CT,ANE,EN,Federal Contract Tower,0,1,6,3,10,0,0,36,9,45,0,1,42,12,55,30,0,30,85
05/20/2021,GON,CT,ANE,EN,Federal Contract Tower,0,17,17,7,41,0,3,118,3,124,0,20,135,10,165,62,2,64,229
05/21/2021,GON,CT,ANE,EN,Federal Contract Tower,0,2,29,2,33,0,6,89,4,99,0,8,118,6,132,80,2,82,214
05/22/2021,GON,CT,ANE,EN,Federal Contract Tower,0,3,20,3,26,0,0,94,3,97,0,3,114,6,123,72,2,74,197
05/23/2021,GON,CT,ANE,EN,Federal Contract Tower,0,6,12,3,21,0,0,86,5,91,0,6,98,8,112,38,2,40,152
05/24/2021,GON,CT,ANE,EN,Federal Contract Tower,0,0,11,2,13,0,0,69,2,71,0,0,80,4,84,66,4,70,154
05/25/2021,GON,CT,ANE,EN,Federal Contract Tower,0,2,22,1,25,0,1,76,0,77,0,3,98,1,102,54,4,58,160
05/26/2021,GON,CT,ANE,EN,Federal Contract Tower,0,6,28,3,37,0,3,42,0,45,0,9,70,3,82,80,0,80,162
05/27/2021,GON,CT,ANE,EN,Federal Contract Tower,0,8,25,0,33,0,6,103,6,115,0,14,128,6,148,50,0,50,198
05/28/2021,GON,CT,ANE,EN,Federal Contract Tower,0,1,17,0,18,0,5,78,0,83,0,6,95,0,101,62,0,62,163
05/29/2021,GON,CT,ANE,EN,Federal Contract Tower,0,5,11,0,16,0,0,1,0,1,0,5,12,0,17,0,0,0,17
05/30/2021,GON,CT,ANE,EN,Federal Contract Tower,0,1,16,0,17,0,0,0,0,0,0,1,16,0,17,0,0,0,17
05/31/2021,GON,CT,ANE,EN,Federal Contract Tower,0,6,53,0,59,0,2,28,5,35,0,8,81,5,94,28,40,68,162
06/01/2021,GON,CT,ANE,EN,Federal Contract Tower,0,11,22,0,33,0,2,80,12,94,0,13,102,12,127,48,18,66,193
06/02/2021,GON,CT,ANE,EN,Federal Contract Tower,0,8,28,2,38,0,3,108,3,114,0,11,136,5,152,102,0,102,254
06/03/2021,GON,CT,ANE,EN,Federal Contract Tower,0,1,38,2,41,0,1,1,0,2,0,2,39,2,43,0,0,0,43
06/04/2021,GON,CT,ANE,EN,Federal Contract Tower,0,6,15,0,21,0,0,6,0,6,0,6,21,0,27,0,0,0,27
06/05/2021,GON,CT,ANE,EN,Federal Contract Tower,0,3,17,0,20,0,1,114,5,120,0,4,131,5,140,104,16,120,260
06/06/2021,GON,CT,ANE,EN,Federal Contract Tower,0,4,19,0,23,0,3,96,0,99,0,7,115,0,122,84,0,84,206
06/07/2021,GON,CT,ANE,EN,Federal Contract Tower,0,2,9,0,11,0,3,95,2,100,0,5,104,2,111,46,0,46,157
06/08/2021,GON,CT,ANE,EN,Federal Contract Tower,0,4,21,0,25,0,2,68,5,75,0,6,89,5,100,82,0,82,182
06/09/2021,GON,CT,ANE,EN,Federal Contract Tower,0,6,17,0,23,0,3,46,7,56,0,9,63,7,79,54,16,70,149
06/10/2021,GON,CT,ANE,EN,Federal Contract Tower,0,6,21,4,31,0,2,117,8,127,0,8,138,12,158,46,2,48,206
06/11/2021,GON,CT,ANE,EN,Federal Contract Tower,0,8,19,0,27,0,11,110,2,123,0,19,129,2,150,70,0,70,220
06/12/2021,GON,CT,ANE,EN,Federal Contract Tower,0,9,29,0,38,0,3,77,3,83,0,12,106,3,121,122,2,124,245
06/13/2021,GON,CT,ANE,EN,Federal Contract Tower,0,5,12,0,17,0,2,100,5,107,0,7,112,5,124,127,0,127,251
06/14/2021,GON,CT,ANE,EN,Federal Contract Tower,0,5,18,0,23,0,0,10,0,10,0,5,28,0,33,22,0,22,55
06/15/2021,GON,CT,ANE,EN,Federal Contract Tower,0,13,29,3,45,0,2,46,5,53,0,15,75,8,98,38,2,40,138
06/16/2021,GON,CT,ANE,EN,Federal Contract Tower,0,9,25,1,35,0,6,88,6,100,0,15,113,7,135,120,0,120,255
06/17/2021,GON,CT,ANE,EN,Federal Contract Tower,0,7,19,0,26,0,4,81,4,89,0,11,100,4,115,90,0,90,205
06/18/2021,GON,CT,ANE,EN,Federal Contract Tower,0,0,17,0,17,0,8,114,5,127,0,8,131,5,144,70,10,80,224
06/19/2021,GON,CT,ANE,EN,Federal Contract Tower,0,3,12,2,17,0,4,82,1,87,0,7,94,3,104,130,2,132,236
06/20/2021,GON,CT,ANE,EN,Federal Contract Tower,0,4,17,0,21,0,1,97,0,98,0,5,114,0,119,54,0,54,173
06/21/2021,GON,CT,ANE,EN,Federal Contract Tower,0,10,23,2,35,0,0,0,0,0,0,10,23,2,35,0,0,0,35
06/22/2021,GON,CT,ANE,EN,Federal Contract Tower,0,8,10,0,18,0,2,30,2,34,0,10,40,2,52,38,0,38,90
06/23/2021,GON,CT,ANE,EN,Federal Contract Tower,0,15,38,2,55,0,7,101,3,111,0,22,139,5,166,98,10,108,274
06/24/2021,GON,CT,ANE,EN,Federal Contract Tower,0,10,21,0,31,0,9,95,13,117,0,19,116,13,148,64,6,70,218
06/25/2021,GON,CT,ANE,EN,Federal Contract Tower,0,11,61,6,78,0,1,17,0,18,0,12,78,6,96,14,0,14,110
06/26/2021,GON,CT,ANE,EN,Federal Contract Tower,0,16,44,0,60,0,1,8,0,9,0,17,52,0,69,0,0,0,69
06/27/2021,GON,CT,ANE,EN,Federal Contract Tower,0,9,42,0,51,0,2,39,0,41,0,11,81,0,92,42,0,42,134
06/28/2021,GON,CT,ANE,EN,Federal Contract Tower,0,5,18,0,23,0,4,76,6,86,0,9,94,6,109,54,0,54,163
06/29/2021,GON,CT,ANE,EN,Federal Contract Tower,0,16,18,1,35,0,6,91,4,101,0,22,109,5,136,64,0,64,200
06/30/2021,GON,CT,ANE,EN,Federal Contract Tower,0,12,18,5,35,0,8,103,9,120,0,20,121,14,155,96,10,106,261
07/01/2021,GON,CT,ANE,EN,Federal Contract Tower,0,10,13,2,25,0,4,30,0,34,0,14,43,2,59,50,0,50,109
07/02/2021,GON,CT,ANE,EN,Federal Contract Tower,0,8,24,4,36,0,2,6,0,8,0,10,30,4,44,0,0,0,44
07/03/2021,GON,CT,ANE,EN,Federal Contract Tower,0,6,47,0,53,0,0,1,0,1,0,6,48,0,54,2,0,2,56
07/04/2021,GON,CT,ANE,EN,Federal Contract Tower,0,3,25,0,28,0,0,42,1,43,0,3,67,1,71,66,0,66,137
07/05/2021,GON,CT,ANE,EN,Federal Contract Tower,0,6,42,0,48,0,6,52,0,58,0,12,94,0,106,68,0,68,174
07/06/2021,GON,CT,ANE,EN,Federal Contract Tower,0,11,8,3,22,0,10,73,0,83,0,21,81,3,105,42,6,48,153
07/07/2021,GON,CT,ANE,EN,Federal Contract Tower,0,12,14,0,26,0,2,92,3,97,0,14,106,3,123,96,16,112,235
07/08/2021,GON,CT,ANE,EN,Federal Contract Tower,0,18,54,4,76,0,0,2,2,4,0,18,56,6,80,8,0,8,88
07/09/2021,GON,CT,ANE,EN,Federal Contract Tower,0,4,8,2,14,0,0,16,4,20,0,4,24,6,34,12,0,12,46
07/11/2021,GON,CT,ANE,EN,Federal Contract Tower,0,9,40,0,49,0,7,68,0,75,0,16,108,0,124,0,0,0,124
07/12/2021,GON,CT,ANE,EN,Federal Contract Tower,0,16,22,2,40,0,0,3,0,3,0,16,25,2,43,8,0,8,51
07/13/2021,GON,CT,ANE,EN,Federal Contract Tower,0,7,35,4,46,0,1,7,0,8,0,8,42,4,54,16,0,16,70
07/14/2021,GON,CT,ANE,EN,Federal Contract Tower,0,4,19,17,40,0,0,21,0,21,0,4,40,17,61,58,0,58,119
07/15/2021,GON,CT,ANE,EN,Federal Contract Tower,0,14,27,4,45,0,4,114,16,134,0,18,141,20,179,62,16,78,257
07/16/2021,GON,CT,ANE,EN,Federal Contract Tower,0,14,23,1,38,0,4,82,8,94,0,18,105,9,132,40,10,50,182
07/17/2021,GON,CT,ANE,EN,Federal Contract Tower,0,14,17,0,31,0,6,32,1,39,0,20,49,1,70,16,0,16,86
07/18/2021,GON,CT,ANE,EN,Federal Contract Tower,0,4,21,6,31,0,5,44,0,49,0,9,65,6,80,58,0,58,138
07/19/2021,GON,CT,ANE,EN,Federal Contract Tower,0,8,30,0,38,0,4,52,1,57,0,12,82,1,95,40,0,40,135
07/20/2021,GON,CT,ANE,EN,Federal Contract Tower,0,8,30,0,38,0,4,52,1,57,0,12,82,1,95,40,0,40,135
07/21/2021,GON,CT,ANE,EN,Federal Contract Tower,0,4,17,1,22,0,3,59,4,66,0,7,76,5,88,62,2,64,152
07/22/2021,GON,CT,ANE,EN,Federal Contract Tower,0,8,11,3,22,0,6,131,6,143,0,14,142,9,165,122,0,122,287
07/23/2021,GON,CT,ANE,EN,Federal Contract Tower,0,5,30,0,35,0,10,120,11,141,0,15,150,11,176,70,0,70,246
07/24/2021,GON,CT,ANE,EN,Federal Contract Tower,0,4,20,0,24,0,6,105,3,114,0,10,125,3,138,94,0,94,232
07/25/2021,GON,CT,ANE,EN,Federal Contract Tower,0,9,29,0,38,0,4,18,0,22,0,13,47,0,60,22,0,22,82
07/26/2021,GON,CT,ANE,EN,Federal Contract Tower,0,14,23,0,37,0,4,110,19,133,0,18,133,19,170,64,8,72,242
07/27/2021,GON,CT,ANE,EN,Federal Contract Tower,0,3,20,2,25,0,0,90,12,102,0,3,110,14,127,30,4,34,161
07/28/2021,GON,CT,ANE,EN,Federal Contract Tower,0,6,28,2,36,0,4,69,3,76,0,10,97,5,112,68,2,70,182
07/29/2021,GON,CT,ANE,EN,Federal Contract Tower,0,5,25,0,30,0,2,29,4,35,0,7,54,4,65,10,4,14,79
07/30/2021,GON,CT,ANE,EN,Federal Contract Tower,0,9,20,4,33,0,4,91,3,98,0,13,111,7,131,46,0,46,177
07/31/2021,GON,CT,ANE,EN,Federal Contract Tower,0,10,20,2,32,0,2,122,0,124,0,12,142,2,156,56,0,56,212
08/01/2021,GON,CT,ANE,EN,Federal Contract Tower,0,6,16,0,22,0,4,70,0,74,0,10,86,0,96,44,0,44,140
08/02/2021,GON,CT,ANE,EN,Federal Contract Tower,0,4,56,0,60,0,2,93,0,95,0,6,149,0,155,42,0,42,197
08/03/2021,GON,CT,ANE,EN,Federal Contract Tower,0,5,18,3,26,0,3,102,2,107,0,8,120,5,133,40,0,40,173
08/04/2021,GON,CT,ANE,EN,Federal Contract Tower,0,7,20,5,32,0,4,75,9,88,0,11,95,14,120,28,8,36,156
08/05/2021,GON,CT,ANE,EN,Federal Contract Tower,0,13,42,2,57,0,3,11,0,14,0,16,53,2,71,4,0,4,75
08/06/2021,GON,CT,ANE,EN,Federal Contract Tower,0,12,22,0,34,0,5,105,2,112,0,17,127,2,146,36,0,36,182
08/07/2021,GON,CT,ANE,EN,Federal Contract Tower,0,5,19,2,26,0,7,108,1,116,0,12,127,3,142,70,0,70,212
08/08/2021,GON,CT,ANE,EN,Federal Contract Tower,0,7,19,0,26,0,6,68,0,74,0,13,87,0,100,56,0,56,156
08/09/2021,GON,CT,ANE,EN,Federal Contract Tower,0,9,39,0,48,0,4,10,0,14,0,13,49,0,62,8,0,8,70
08/10/2021,GON,CT,ANE,EN,Federal Contract Tower,0,8,37,4,49,0,2,22,9,33,0,10,59,13,82,2,4,6,88
08/11/2021,GON,CT,ANE,EN,Federal Contract Tower,0,20,39,0,59,0,6,81,5,92,0,26,120,5,151,56,2,58,209
08/12/2021,GON,CT,ANE,EN,Federal Contract Tower,0,3,15,2,20,0,8,83,4,95,0,11,98,6,115,26,10,36,151
08/13/2021,GON,CT,ANE,EN,Federal Contract Tower,0,9,14,0,23,0,12,105,11,128,0,21,119,11,151,20,0,20,171
08/14/2021,GON,CT,ANE,EN,Federal Contract Tower,0,6,15,1,22,0,1,93,0,94,0,7,108,1,116,68,0,68,184
08/15/2021,GON,CT,ANE,EN,Federal Contract Tower,0,12,18,0,30,0,3,127,2,132,0,15,145,2,162,80,0,80,242
08/16/2021,GON,CT,ANE,EN,Federal Contract Tower,0,4,12,0,16,0,0,104,9,113,0,4,116,9,129,66,0,66,195
08/17/2021,GON,CT,ANE,EN,Federal Contract Tower,0,4,10,2,16,0,2,89,6,97,0,6,99,8,113,52,10,62,175
08/18/2021,GON,CT,ANE,EN,Federal Contract Tower,0,6,27,0,33,0,2,44,6,52,0,8,71,6,85,48,2,50,135
08/19/2021,GON,CT,ANE,EN,Federal Contract Tower,0,12,22,0,34,0,1,24,0,25,0,13,46,0,59,0,0,0,59
08/20/2021,GON,CT,ANE,EN,Federal Contract Tower,0,11,36,0,47,0,9,53,2,64,0,20,89,2,111,46,0,46,157
08/21/2021,GON,CT,ANE,EN,Federal Contract Tower,0,10,26,0,36,0,3,46,0,49,0,13,72,0,85,34,0,34,119
08/22/2021,GON,CT,ANE,EN,Federal Contract Tower,0,0,0,0,0,0,0,0,0,0,0,0,0,0,0,0,0,0,0
08/23/2021,GON,CT,ANE,EN,Federal Contract Tower,0,6,25,1,32,0,0,4,1,5,0,6,29,2,37,0,0,0,37
08/24/2021,GON,CT,ANE,EN,Federal Contract Tower,0,8,24,0,32,0,5,78,3,86,0,13,102,3,118,54,8,62,180
08/25/2021,GON,CT,ANE,EN,Federal Contract Tower,0,13,22,4,39,0,10,116,0,126,0,23,138,4,165,78,8,86,251
08/26/2021,GON,CT,ANE,EN,Federal Contract Tower,0,8,20,2,30,0,6,61,0,67,0,14,81,2,97,38,0,38,135
08/27/2021,GON,CT,ANE,EN,Federal Contract Tower,0,9,13,1,23,0,7,96,2,105,0,16,109,3,128,68,0,68,196
08/28/2021,GON,CT,ANE,EN,Federal Contract Tower,0,3,8,0,11,0,4,55,0,59,0,7,63,0,70,58,0,58,128
08/29/2021,GON,CT,ANE,EN,Federal Contract Tower,0,12,41,0,53,0,3,48,0,51,0,15,89,0,104,28,0,28,132
08/30/2021,GON,CT,ANE,EN,Federal Contract Tower,0,3,24,0,27,0,1,40,2,43,0,4,64,2,70,28,4,32,102
08/31/2021,GON,CT,ANE,EN,Federal Contract Tower,0,4,13,0,17,0,2,136,2,140,0,6,149,2,157,54,0,54,211
09/01/2021,GON,CT,ANE,EN,Federal Contract Tower,0,3,13,2,18,0,2,18,0,20,0,5,31,2,38,18,0,18,56
09/02/2021,GON,CT,ANE,EN,Federal Contract Tower,0,5,13,2,20,0,0,35,0,35,0,5,48,2,55,22,0,22,77
09/03/2021,GON,CT,ANE,EN,Federal Contract Tower,0,9,19,0,28,0,7,114,0,121,0,16,133,0,149,62,0,62,211
09/04/2021,GON,CT,ANE,EN,Federal Contract Tower,0,5,15,0,20,0,1,128,0,129,0,6,143,0,149,58,0,58,207
09/05/2021,GON,CT,ANE,EN,Federal Contract Tower,0,7,11,0,18,0,3,77,2,82,0,10,88,2,100,40,0,40,140
09/06/2021,GON,CT,ANE,EN,Federal Contract Tower,0,3,24,0,27,0,5,59,0,64,0,8,83,0,91,18,0,18,109
09/07/2021,GON,CT,ANE,EN,Federal Contract Tower,0,8,18,0,26,0,3,100,3,106,0,11,118,3,132,54,0,54,186
09/08/2021,GON,CT,ANE,EN,Federal Contract Tower,0,6,8,4,18,0,7,42,3,52,0,13,50,7,70,28,26,54,124
09/09/2021,GON,CT,ANE,EN,Federal Contract Tower,0,9,16,0,25,0,0,4,0,4,0,9,20,0,29,0,0,0,29
09/10/2021,GON,CT,ANE,EN,Federal Contract Tower,0,9,10,2,21,0,2,106,6,114,0,11,116,8,135,40,0,40,175
09/11/2021,GON,CT,ANE,EN,Federal Contract Tower,0,7,15,2,24,0,4,96,10,110,0,11,111,12,134,28,2,30,164
09/12/2021,GON,CT,ANE,EN,Federal Contract Tower,0,7,17,1,25,0,4,69,2,75,0,11,86,3,100,32,0,32,132
09/13/2021,GON,CT,ANE,EN,Federal Contract Tower,0,9,18,0,27,0,1,90,0,91,0,10,108,0,118,28,0,28,146
09/14/2021,GON,CT,ANE,EN,Federal Contract Tower,0,5,12,2,19,0,0,93,3,96,0,5,105,5,115,36,6,42,157
09/15/2021,GON,CT,ANE,EN,Federal Contract Tower,0,8,27,2,37,0,0,25,2,27,0,8,52,4,64,20,0,20,84
09/16/2021,GON,CT,ANE,EN,Federal Contract Tower,0,3,10,2,15,0,0,23,0,23,0,3,33,2,38,18,0,18,56
09/17/2021,GON,CT,ANE,EN,Federal Contract Tower,0,16,47,3,66,0,6,9,0,15,0,22,56,3,81,6,0,6,87
09/18/2021,GON,CT,ANE,EN,Federal Contract Tower,0,5,31,1,37,0,3,70,1,74,0,8,101,2,111,38,0,38,149
09/19/2021,GON,CT,ANE,EN,Federal Contract Tower,0,13,21,1,35,0,2,128,3,133,0,15,149,4,168,60,0,60,228
09/20/2021,GON,CT,ANE,EN,Federal Contract Tower,0,3,19,0,22,0,2,127,7,136,0,5,146,7,158,88,4,92,250
09/21/2021,GON,CT,ANE,EN,Federal Contract Tower,0,2,26,1,29,0,0,73,3,76,0,2,99,4,105,64,2,66,171
09/22/2021,GON,CT,ANE,EN,Federal Contract Tower,0,8,41,2,51,0,0,0,0,0,0,8,41,2,51,0,0,0,51
09/23/2021,GON,CT,ANE,EN,Federal Contract Tower,0,7,21,2,30,0,1,34,0,35,0,8,55,2,65,18,0,18,83
09/24/2021,GON,CT,ANE,EN,Federal Contract Tower,0,9,28,0,37,0,0,44,0,44,0,9,72,0,81,30,0,30,111
09/25/2021,GON,CT,ANE,EN,Federal Contract Tower,0,6,16,0,22,0,13,92,2,107,0,19,108,2,129,24,0,24,153
09/26/2021,GON,CT,ANE,EN,Federal Contract Tower,0,1,14,0,15,0,2,97,0,99,0,3,111,0,114,22,0,22,136
09/27/2021,GON,CT,ANE,EN,Federal Contract Tower,0,1,17,0,18,0,1,54,2,57,0,2,71,2,75,2,0,2,77
09/28/2021,GON,CT,ANE,EN,Federal Contract Tower,0,2,14,0,16,0,4,18,2,24,0,6,32,2,40,0,0,0,40
09/29/2021,GON,CT,ANE,EN,Federal Contract Tower,0,7,25,0,32,0,3,61,6,70,0,10,86,6,102,14,0,14,116
09/30/2021,GON,CT,ANE,EN,Federal Contract Tower,0,11,12,0,23,0,0,66,8,74,0,11,78,8,97,4,0,4,101
10/01/2021,GON,CT,ANE,EN,Federal Contract Tower,0,4,20,1,25,0,8,85,6,99,0,12,105,7,124,8,0,8,132
10/02/2021,GON,CT,ANE,EN,Federal Contract Tower,0,6,21,0,27,0,1,85,1,87,0,7,106,1,114,16,0,16,130
10/03/2021,GON,CT,ANE,EN,Federal Contract Tower,0,15,19,1,35,0,2,89,1,92,0,17,108,2,127,16,0,16,143
10/04/2021,GON,CT,ANE,EN,Federal Contract Tower,0,12,27,0,39,0,0,0,0,0,0,12,27,0,39,0,0,0,39
10/05/2021,GON,CT,ANE,EN,Federal Contract Tower,0,13,22,2,37,0,1,8,2,11,0,14,30,4,48,0,32,32,80
10/06/2021,GON,CT,ANE,EN,Federal Contract Tower,0,7,20,0,27,0,3,45,2,50,0,10,65,2,77,2,0,2,79
10/07/2021,GON,CT,ANE,EN,Federal Contract Tower,0,4,29,2,35,0,5,77,6,88,0,9,106,8,123,32,0,32,155
10/08/2021,GON,CT,ANE,EN,Federal Contract Tower,0,5,27,2,34,0,6,64,2,72,0,11,91,4,106,18,2,20,126
10/09/2021,GON,CT,ANE,EN,Federal Contract Tower,0,6,17,0,23,0,1,29,0,30,0,7,46,0,53,24,0,24,77
10/10/2021,GON,CT,ANE,EN,Federal Contract Tower,0,6,16,0,22,0,2,19,0,21,0,8,35,0,43,26,0,26,69
10/11/2021,GON,CT,ANE,EN,Federal Contract Tower,0,4,36,0,40,0,4,55,0,59,0,8,91,0,99,56,0,56,155
10/13/2021,GON,CT,ANE,EN,Federal Contract Tower,0,3,50,3,56,0,0,58,4,62,0,3,108,7,118,42,6,48,166
10/14/2021,GON,CT,ANE,EN,Federal Contract Tower,0,1,27,4,32,0,0,97,7,104,0,1,124,11,136,44,16,60,196
10/15/2021,GON,CT,ANE,EN,Federal Contract Tower,0,8,27,0,35,0,0,44,0,44,0,8,71,0,79,12,0,12,91
10/16/2021,GON,CT,ANE,EN,Federal Contract Tower,0,4,9,0,13,0,1,24,0,25,0,5,33,0,38,22,0,22,60
10/17/2021,GON,CT,ANE,EN,Federal Contract Tower,0,5,23,0,28,0,0,75,4,79,0,5,98,4,107,28,12,40,147
10/18/2021,GON,CT,ANE,EN,Federal Contract Tower,0,3,16,4,23,0,2,51,0,53,0,5,67,4,76,26,0,26,102
10/19/2021,GON,CT,ANE,EN,Federal Contract Tower,0,8,14,1,23,0,4,57,2,63,0,12,71,3,86,38,0,38,124
10/20/2021,GON,CT,ANE,EN,Federal Contract Tower,0,3,17,3,23,0,3,70,7,80,0,6,87,10,103,52,0,52,155
10/21/2021,GON,CT,ANE,EN,Federal Contract Tower,0,4,23,0,27,0,0,116,0,116,0,4,139,0,143,82,0,82,225
10/22/2021,GON,CT,ANE,EN,Federal Contract Tower,0,3,13,0,16,0,2,98,2,102,0,5,111,2,118,66,0,66,184
10/23/2021,GON,CT,ANE,EN,Federal Contract Tower,0,3,16,0,19,0,5,93,6,104,0,8,109,6,123,64,6,70,193
10/24/2021,GON,CT,ANE,EN,Federal Contract Tower,0,2,15,0,17,0,0,132,6,138,0,2,147,6,155,90,0,90,245
10/25/2021,GON,CT,ANE,EN,Federal Contract Tower,0,4,24,0,28,0,0,26,0,26,0,4,50,0,54,44,0,44,98
10/26/2021,GON,CT,ANE,EN,Federal Contract Tower,0,3,4,0,7,0,0,0,0,0,0,3,4,0,7,0,0,0,7
10/27/2021,GON,CT,ANE,EN,Federal Contract Tower,0,5,14,0,19,0,0,1,0,1,0,5,15,0,20,0,0,0,20
10/28/2021,GON,CT,ANE,EN,Federal Contract Tower,0,7,42,1,50,0,1,48,2,51,0,8,90,3,101,34,2,36,137
10/29/2021,GON,CT,ANE,EN,Federal Contract Tower,0,6,21,3,30,0,0,31,2,33,0,6,52,5,63,18,6,24,87
10/30/2021,GON,CT,ANE,EN,Federal Contract Tower,0,1,19,0,20,0,0,0,0,0,0,1,19,0,20,4,0,4,24
10/31/2021,GON,CT,ANE,EN,Federal Contract Tower,0,4,15,1,20,0,0,47,2,49,0,4,62,3,69,80,16,96,165
11/01/2021,GON,CT,ANE,EN,Federal Contract Tower,0,6,20,0,26,0,0,74,2,76,0,6,94,2,102,58,0,58,160
11/02/2021,GON,CT,ANE,EN,Federal Contract Tower,0,3,20,2,25,0,0,57,4,61,0,3,77,6,86,74,0,74,160
11/03/2021,GON,CT,ANE,EN,Federal Contract Tower,0,4,14,3,21,0,0,72,5,77,0,4,86,8,98,66,22,88,186
11/04/2021,GON,CT,ANE,EN,Federal Contract Tower,0,9,27,1,37,0,0,67,7,74,0,9,94,8,111,56,0,56,167
11/05/2021,GON,CT,ANE,EN,Federal Contract Tower,0,11,16,0,27,0,6,87,2,95,0,17,103,2,122,50,0,50,172
11/06/2021,GON,CT,ANE,EN,Federal Contract Tower,0,2,20,0,22,0,0,123,2,125,0,2,143,2,147,146,0,146,293
11/07/2021,GON,CT,ANE,EN,Federal Contract Tower,0,4,16,0,20,0,4,84,2,90,0,8,100,2,110,130,0,130,240
11/08/2021,GON,CT,ANE,EN,Federal Contract Tower,0,5,11,8,24,0,1,80,5,86,0,6,91,13,110,92,0,92,202
11/09/2021,GON,CT,ANE,EN,Federal Contract Tower,0,1,27,3,31,0,3,111,6,120,0,4,138,9,151,72,14,86,237
11/10/2021,GON,CT,ANE,EN,Federal Contract Tower,0,4,16,2,22,0,2,84,14,100,0,6,100,16,122,42,22,64,186
11/11/2021,GON,CT,ANE,EN,Federal Contract Tower,0,2,14,0,16,0,5,94,0,99,0,7,108,0,115,46,0,46,161
11/12/2021,GON,CT,ANE,EN,Federal Contract Tower,0,1,8,0,9,0,0,7,0,7,0,1,15,0,16,0,0,0,16
11/13/2021,GON,CT,ANE,EN,Federal Contract Tower,0,5,12,4,21,0,1,61,0,62,0,6,73,4,83,43,0,43,126
11/14/2021,GON,CT,ANE,EN,Federal Contract Tower,0,1,25,0,26,0,0,90,1,91,0,1,115,1,117,92,2,94,211
11/15/2021,GON,CT,ANE,EN,Federal Contract Tower,0,0,8,0,8,0,2,85,10,97,0,2,93,10,105,68,2,70,175
11/16/2021,GON,CT,ANE,EN,Federal Contract Tower,0,0,20,2,22,0,0,76,5,81,0,0,96,7,103,36,4,40,143
11/17/2021,GON,CT,ANE,EN,Federal Contract Tower,0,2,24,0,26,0,1,68,2,71,0,3,92,2,97,60,0,60,157
11/18/2021,GON,CT,ANE,EN,Federal Contract Tower,0,6,22,4,32,0,1,63,5,69,0,7,85,9,101,46,10,56,157
11/19/2021,GON,CT,ANE,EN,Federal Contract Tower,0,8,26,0,34,0,3,80,4,87,0,11,106,4,121,78,0,78,199
11/20/2021,GON,CT,ANE,EN,Federal Contract Tower,0,2,23,1,26,0,5,113,8,126,0,7,136,9,152,128,6,134,286
11/21/2021,GON,CT,ANE,EN,Federal Contract Tower,0,10,23,4,37,0,2,68,7,77,0,12,91,11,114,134,12,146,260
11/22/2021,GON,CT,ANE,EN,Federal Contract Tower,0,8,14,0,22,0,0,27,0,27,0,8,41,0,49,44,0,44,93
11/23/2021,GON,CT,ANE,EN,Federal Contract Tower,0,4,18,0,22,0,0,41,7,48,0,4,59,7,70,32,12,44,114
11/24/2021,GON,CT,ANE,EN,Federal Contract Tower,0,6,13,1,20,0,3,63,1,67,0,9,76,2,87,30,2,32,119
11/25/2021,GON,CT,ANE,EN,Federal Contract Tower,0,7,3,0,10,0,0,34,0,34,0,7,37,0,44,10,0,10,54
11/26/2021,GON,CT,ANE,EN,Federal Contract Tower,0,3,2,0,5,0,0,1,0,1,0,3,3,0,6,0,0,0,6
11/27/2021,GON,CT,ANE,EN,Federal Contract Tower,0,4,20,0,24,0,0,44,0,44,0,4,64,0,68,14,0,14,82
11/28/2021,GON,CT,ANE,EN,Federal Contract Tower,0,7,9,0,16,0,4,38,0,42,0,11,47,0,58,70,0,70,128
11/29/2021,GON,CT,ANE,EN,Federal Contract Tower,0,5,15,4,24,0,2,48,0,50,0,7,63,4,74,50,0,50,124
11/30/2021,GON,CT,ANE,EN,Federal Contract Tower,0,2,13,0,15,0,1,33,0,34,0,3,46,0,49,26,0,26,75
12/01/2021,GON,CT,ANE,EN,Federal Contract Tower,0,5,8,3,16,0,3,97,11,111,0,8,105,14,127,74,2,76,203
12/02/2021,GON,CT,ANE,EN,Federal Contract Tower,0,6,22,3,31,0,3,29,1,33,0,9,51,4,64,64,0,64,128
12/03/2021,GON,CT,ANE,EN,Federal Contract Tower,0,4,13,0,17,0,5,50,5,60,0,9,63,5,77,34,6,40,117
12/04/2021,GON,CT,ANE,EN,Federal Contract Tower,0,1,14,0,15,0,2,95,2,99,0,3,109,2,114,30,0,30,144
12/05/2021,GON,CT,ANE,EN,Federal Contract Tower,0,1,15,1,17,0,1,103,2,106,0,2,118,3,123,74,4,78,201
12/06/2021,GON,CT,ANE,EN,Federal Contract Tower,0,3,8,2,13,0,1,1,0,2,0,4,9,2,15,0,0,0,15
12/07/2021,GON,CT,ANE,EN,Federal Contract Tower,0,1,14,4,19,0,0,68,6,74,0,1,82,10,93,44,4,48,141
12/08/2021,GON,CT,ANE,EN,Federal Contract Tower,0,1,4,3,8,0,3,11,1,15,0,4,15,4,23,22,0,22,45
12/09/2021,GON,CT,ANE,EN,Federal Contract Tower,0,4,20,2,26,0,1,95,2,98,0,5,115,4,124,28,0,28,152
12/10/2021,GON,CT,ANE,EN,Federal Contract Tower,0,3,12,8,23,0,1,68,1,70,0,4,80,9,93,62,0,62,155
12/11/2021,GON,CT,ANE,EN,Federal Contract Tower,0,1,2,0,3,0,0,0,0,0,0,1,2,0,3,0,0,0,3
12/12/2021,GON,CT,ANE,EN,Federal Contract Tower,0,1,7,0,8,0,0,52,0,52,0,1,59,0,60,22,2,24,84
12/13/2021,GON,CT,ANE,EN,Federal Contract Tower,0,2,9,0,11,0,0,56,0,56,0,2,65,0,67,54,0,54,121
12/14/2021,GON,CT,ANE,EN,Federal Contract Tower,0,2,16,3,21,0,0,96,2,98,0,2,112,5,119,28,10,38,157
12/15/2021,GON,CT,ANE,EN,Federal Contract Tower,0,2,17,0,19,0,0,73,3,76,0,2,90,3,95,44,0,44,139
12/16/2021,GON,CT,ANE,EN,Federal Contract Tower,0,4,14,0,18,0,2,56,7,65,0,6,70,7,83,44,22,66,149
12/17/2021,GON,CT,ANE,EN,Federal Contract Tower,0,3,22,0,25,0,0,72,2,74,0,3,94,2,99,18,0,18,117
12/18/2021,GON,CT,ANE,EN,Federal Contract Tower,0,1,7,0,8,0,0,11,1,12,0,1,18,1,20,10,0,10,30
12/19/2021,GON,CT,ANE,EN,Federal Contract Tower,0,4,5,0,9,0,0,30,0,30,0,4,35,0,39,20,0,20,59
12/20/2021,GON,CT,ANE,EN,Federal Contract Tower,0,4,16,1,21,0,0,68,0,68,0,4,84,1,89,36,2,38,127
12/21/2021,GON,CT,ANE,EN,Federal Contract Tower,0,0,24,0,24,0,3,111,4,118,0,3,135,4,142,90,20,110,252
12/22/2021,GON,CT,ANE,EN,Federal Contract Tower,0,3,10,0,13,0,2,24,4,30,0,5,34,4,43,44,0,44,87
12/23/2021,GON,CT,ANE,EN,Federal Contract Tower,0,2,4,0,6,0,3,45,0,48,0,5,49,0,54,38,8,46,100
12/24/2021,GON,CT,ANE,EN,Federal Contract Tower,0,1,4,0,5,0,0,0,0,0,0,1,4,0,5,0,0,0,5
12/25/2021,GON,CT,ANE,EN,Federal Contract Tower,0,2,2,0,4,0,0,0,0,0,0,2,2,0,4,0,0,0,4
12/26/2021,GON,CT,ANE,EN,Federal Contract Tower,0,2,14,0,16,0,0,41,0,41,0,2,55,0,57,16,0,16,73
12/27/2021,GON,CT,ANE,EN,Federal Contract Tower,0,0,15,0,15,0,2,64,1,67,0,2,79,1,82,60,0,60,142
12/28/2021,GON,CT,ANE,EN,Federal Contract Tower,0,3,10,0,13,0,0,37,0,37,0,3,47,0,50,20,0,20,70
12/29/2021,GON,CT,ANE,EN,Federal Contract Tower,0,1,3,0,4,0,0,19,0,19,0,1,22,0,23,36,0,36,59
12/30/2021,GON,CT,ANE,EN,Federal Contract Tower,0,5,10,0,15,0,0,1,0,1,0,5,11,0,16,0,0,0,16
12/31/2021,GON,CT,ANE,EN,Federal Contract Tower,0,3,16,0,19,0,0,0,0,0,0,3,16,0,19,0,0,0,19
01/01/2022,GON,CT,ANE,EN,Federal Contract Tower,0,3,0,0,3,0,0,0,0,0,0,3,0,0,3,0,0,0,3
01/02/2022,GON,CT,ANE,EN,Federal Contract Tower,0,6,10,0,16,0,1,6,0,7,0,7,16,0,23,6,0,6,29
01/03/2022,GON,CT,ANE,EN,Federal Contract Tower,0,0,17,0,17,0,0,17,0,17,0,0,34,0,34,6,0,6,40
01/04/2022,GON,CT,ANE,EN,Federal Contract Tower,0,3,21,3,27,0,1,98,7,106,0,4,119,10,133,12,8,20,153
01/05/2022,GON,CT,ANE,EN,Federal Contract Tower,0,0,7,2,9,0,0,2,0,2,0,0,9,2,11,0,0,0,11
01/06/2022,GON,CT,ANE,EN,Federal Contract Tower,0,1,15,2,18,0,2,91,9,102,0,3,106,11,120,88,2,90,210
01/07/2022,GON,CT,ANE,EN,Federal Contract Tower,0,0,6,0,6,0,2,0,0,2,0,2,6,0,8,0,0,0,8
01/08/2022,GON,CT,ANE,EN,Federal Contract Tower,0,0,10,3,13,0,1,87,1,89,0,1,97,4,102,40,0,40,142
01/09/2022,GON,CT,ANE,EN,Federal Contract Tower,0,2,7,0,9,0,0,15,0,15,0,2,22,0,24,56,0,56,80
01/10/2022,GON,CT,ANE,EN,Federal Contract Tower,0,1,10,0,11,0,0,40,2,42,0,1,50,2,53,16,0,16,69
01/11/2022,GON,CT,ANE,EN,Federal Contract Tower,0,0,9,4,13,0,1,53,2,56,0,1,62,6,69,40,6,46,115
01/12/2022,GON,CT,ANE,EN,Federal Contract Tower,0,1,15,1,17,0,0,44,9,53,0,1,59,10,70,18,2,20,90
01/13/2022,GON,CT,ANE,EN,Federal Contract Tower,0,7,9,2,18,0,4,112,8,124,0,11,121,10,142,52,10,62,204
01/14/2022,GON,CT,ANE,EN,Federal Contract Tower,0,4,15,0,19,0,1,31,0,32,0,5,46,0,51,34,0,34,85
01/15/2022,GON,CT,ANE,EN,Federal Contract Tower,0,1,8,0,9,0,0,36,2,38,0,1,44,2,47,40,0,40,87
01/16/2022,GON,CT,ANE,EN,Federal Contract Tower,0,2,7,0,9,0,4,73,2,79,0,6,80,2,88,110,0,110,198
01/17/2022,GON,CT,ANE,EN,Federal Contract Tower,0,2,2,0,4,0,0,4,0,4,0,2,6,0,8,0,0,0,8
01/18/2022,GON,CT,ANE,EN,Federal Contract Tower,0,2,6,1,9,0,0,17,2,19,0,2,23,3,28,4,2,6,34
01/19/2022,GON,CT,ANE,EN,Federal Contract Tower,0,2,18,0,20,0,1,28,0,29,0,3,46,0,49,8,0,8,57
01/20/2022,GON,CT,ANE,EN,Federal Contract Tower,0,0,3,2,5,0,0,10,0,10,0,0,13,2,15,8,0,8,23
01/21/2022,GON,CT,ANE,EN,Federal Contract Tower,0,2,10,0,12,0,0,70,6,76,0,2,80,6,88,60,0,60,148
01/22/2022,GON,CT,ANE,EN,Federal Contract Tower,0,0,19,3,22,0,0,107,0,107,0,0,126,3,129,100,2,102,231
01/23/2022,GON,CT,ANE,EN,Federal Contract Tower,0,0,8,1,9,0,0,131,2,133,0,0,139,3,142,72,0,72,214
01/24/2022,GON,CT,ANE,EN,Federal Contract Tower,0,2,11,0,13,0,0,52,2,54,0,2,63,2,67,34,0,34,101
01/25/2022,GON,CT,ANE,EN,Federal Contract Tower,0,0,6,0,6,0,0,62,2,64,0,0,68,2,70,58,2,60,130
01/26/2022,GON,CT,ANE,EN,Federal Contract Tower,0,3,16,2,21,0,2,62,7,71,0,5,78,9,92,24,2,26,118
01/27/2022,GON,CT,ANE,EN,Federal Contract Tower,0,1,13,0,14,0,3,86,2,91,0,4,99,2,105,44,0,44,149
01/28/2022,GON,CT,ANE,EN,Federal Contract Tower,0,3,11,0,14,0,0,48,0,48,0,3,59,0,62,58,0,58,120
01/29/2022,GON,CT,ANE,EN,Federal Contract Tower,0,0,0,0,0,0,0,0,0,0,0,0,0,0,0,0,0,0,0
01/30/2022,GON,CT,ANE,EN,Federal Contract Tower,0,0,1,1,2,0,0,22,0,22,0,0,23,1,24,8,14,22,46
01/31/2022,GON,CT,ANE,EN,Federal Contract Tower,0,2,18,1,21,0,0,63,9,72,0,2,81,10,93,50,24,74,167
02/01/2022,GON,CT,ANE,EN,Federal Contract Tower,0,0,15,0,15,0,2,70,8,80,0,2,85,8,95,74,16,90,185
02/02/2022,GON,CT,ANE,EN,Federal Contract Tower,0,0,15,5,20,0,0,16,0,16,0,0,31,5,36,12,0,12,48
02/03/2022,GON,CT,ANE,EN,Federal Contract Tower,0,0,3,0,3,0,0,0,0,0,0,0,3,0,3,0,0,0,3
02/04/2022,GON,CT,ANE,EN,Federal Contract Tower,0,2,4,0,6,0,0,0,0,0,0,2,4,0,6,0,0,0,6
02/05/2022,GON,CT,ANE,EN,Federal Contract Tower,0,0,3,0,3,0,0,38,0,38,0,0,41,0,41,10,0,10,51
02/06/2022,GON,CT,ANE,EN,Federal Contract Tower,0,0,10,0,10,0,0,91,2,93,0,0,101,2,103,30,0,30,133
02/07/2022,GON,CT,ANE,EN,Federal Contract Tower,0,3,4,2,9,0,0,0,0,0,0,3,4,2,9,0,0,0,9
02/08/2022,GON,CT,ANE,EN,Federal Contract Tower,0,1,16,4,21,0,1,28,8,37,0,2,44,12,58,48,38,86,144
02/09/2022,GON,CT,ANE,EN,Federal Contract Tower,0,1,11,0,12,0,0,88,12,100,0,1,99,12,112,44,44,88,200
02/10/2022,GON,CT,ANE,EN,Federal Contract Tower,0,0,23,4,27,0,2,54,6,62,0,2,77,10,89,28,40,68,157
02/11/2022,GON,CT,ANE,EN,Federal Contract Tower,0,2,17,0,19,0,2,67,10,79,0,4,84,10,98,50,22,72,170
02/12/2022,GON,CT,ANE,EN,Federal Contract Tower,0,2,14,0,16,0,3,99,0,102,0,5,113,0,118,54,0,54,172
02/13/2022,GON,CT,ANE,EN,Federal Contract Tower,0,2,1,0,3,0,0,0,0,0,0,2,1,0,3,0,0,0,3
02/14/2022,GON,CT,ANE,EN,Federal Contract Tower,0,0,10,0,10,0,0,19,2,21,0,0,29,2,31,6,0,6,37
02/15/2022,GON,CT,ANE,EN,Federal Contract Tower,0,0,11,1,12,0,1,51,8,60,0,1,62,9,72,24,58,82,154
02/16/2022,GON,CT,ANE,EN,Federal Contract Tower,0,1,10,0,11,0,0,41,14,55,0,1,51,14,66,32,38,70,136
02/17/2022,GON,CT,ANE,EN,Federal Contract Tower,0,2,10,2,14,0,1,15,5,21,0,3,25,7,35,0,0,0,35
02/18/2022,GON,CT,ANE,EN,Federal Contract Tower,0,1,15,0,16,0,0,16,0,16,0,1,31,0,32,2,0,2,34
02/19/2022,GON,CT,ANE,EN,Federal Contract Tower,0,4,1,0,5,0,1,18,0,19,0,5,19,0,24,6,0,6,30
02/20/2022,GON,CT,ANE,EN,Federal Contract Tower,0,0,14,1,15,0,0,102,4,106,0,0,116,5,121,118,2,120,241
02/21/2022,GON,CT,ANE,EN,Federal Contract Tower,0,0,24,0,24,0,1,128,3,132,0,1,152,3,156,98,0,98,254
02/22/2022,GON,CT,ANE,EN,Federal Contract Tower,0,4,13,2,19,0,0,1,0,1,0,4,14,2,20,0,0,0,20
02/23/2022,GON,CT,ANE,EN,Federal Contract Tower,0,6,14,4,24,0,0,0,0,0,0,6,14,4,24,14,14,28,52
02/24/2022,GON,CT,ANE,EN,Federal Contract Tower,0,2,21,3,26,0,0,63,15,78,0,2,84,18,104,50,42,92,196
02/25/2022,GON,CT,ANE,EN,Federal Contract Tower,0,3,4,0,7,0,0,1,0,1,0,3,5,0,8,0,0,0,8
02/26/2022,GON,CT,ANE,EN,Federal Contract Tower,0,5,25,2,32,0,1,107,2,110,0,6,132,4,142,84,0,84,226
02/27/2022,GON,CT,ANE,EN,Federal Contract Tower,0,7,14,2,23,0,0,35,4,39,0,7,49,6,62,30,2,32,94
02/28/2022,GON,CT,ANE,EN,Federal Contract Tower,0,0,14,3,17,0,0,69,2,71,0,0,83,5,88,58,0,58,146
03/01/2022,GON,CT,ANE,EN,Federal Contract Tower,0,3,24,2,29,0,2,52,1,55,0,5,76,3,84,12,6,18,102
03/02/2022,GON,CT,ANE,EN,Federal Contract Tower,0,2,18,4,24,0,2,72,15,89,0,4,90,19,113,56,34,90,203
03/03/2022,GON,CT,ANE,EN,Federal Contract Tower,0,1,17,2,20,0,1,24,12,37,0,2,41,14,57,6,4,10,67
03/04/2022,GON,CT,ANE,EN,Federal Contract Tower,0,6,17,0,23,0,0,83,3,86,0,6,100,3,109,72,18,90,199
03/05/2022,GON,CT,ANE,EN,Federal Contract Tower,0,2,18,0,20,0,3,125,1,129,0,5,143,1,149,80,0,80,229
03/06/2022,GON,CT,ANE,EN,Federal Contract Tower,0,2,4,0,6,0,0,0,0,0,0,2,4,0,6,0,0,0,6
03/07/2022,GON,CT,ANE,EN,Federal Contract Tower,0,0,26,0,26,0,0,14,0,14,0,0,40,0,40,24,0,24,64
03/08/2022,GON,CT,ANE,EN,Federal Contract Tower,0,1,13,0,14,0,1,39,2,42,0,2,52,2,56,12,2,14,70
03/09/2022,GON,CT,ANE,EN,Federal Contract Tower,0,0,4,0,4,0,0,0,0,0,0,0,4,0,4,0,0,0,4
03/10/2022,GON,CT,ANE,EN,Federal Contract Tower,0,3,31,0,34,0,1,91,2,94,0,4,122,2,128,56,0,56,184
03/11/2022,GON,CT,ANE,EN,Federal Contract Tower,0,5,26,1,32,0,0,88,3,91,0,5,114,4,123,48,2,50,173
03/12/2022,GON,CT,ANE,EN,Federal Contract Tower,0,0,2,0,2,0,0,2,0,2,0,0,4,0,4,0,0,0,4
03/13/2022,GON,CT,ANE,EN,Federal Contract Tower,0,0,4,0,4,0,0,37,0,37,0,0,41,0,41,22,0,22,63
03/14/2022,GON,CT,ANE,EN,Federal Contract Tower,0,2,16,1,19,0,0,85,0,85,0,2,101,1,104,88,0,88,192
03/15/2022,GON,CT,ANE,EN,Federal Contract Tower,0,4,20,2,26,0,2,104,4,110,0,6,124,6,136,40,0,40,176
03/16/2022,GON,CT,ANE,EN,Federal Contract Tower,0,5,17,9,31,0,2,90,14,106,0,7,107,23,137,76,12,88,225
03/17/2022,GON,CT,ANE,EN,Federal Contract Tower,0,3,17,0,20,0,0,0,0,0,0,3,17,0,20,0,0,0,20
03/18/2022,GON,CT,ANE,EN,Federal Contract Tower,0,0,20,0,20,0,0,98,14,112,0,0,118,14,132,90,0,90,222
03/19/2022,GON,CT,ANE,EN,Federal Contract Tower,0,2,8,0,10,0,0,0,0,0,0,2,8,0,10,0,0,0,10
03/20/2022,GON,CT,ANE,EN,Federal Contract Tower,0,0,21,0,21,0,0,95,2,97,0,0,116,2,118,120,0,120,238
03/21/2022,GON,CT,ANE,EN,Federal Contract Tower,0,0,10,0,10,0,0,51,4,55,0,0,61,4,65,16,0,16,81
03/22/2022,GON,CT,ANE,EN,Federal Contract Tower,0,0,6,3,9,0,0,40,3,43,0,0,46,6,52,48,6,54,106
03/23/2022,GON,CT,ANE,EN,Federal Contract Tower,0,2,15,3,20,0,0,75,10,85,0,2,90,13,105,44,16,60,165
03/24/2022,GON,CT,ANE,EN,Federal Contract Tower,0,4,7,0,11,0,0,0,0,0,0,4,7,0,11,0,0,0,11
03/25/2022,GON,CT,ANE,EN,Federal Contract Tower,0,5,21,1,27,0,0,69,2,71,0,5,90,3,98,30,2,32,130
03/26/2022,GON,CT,ANE,EN,Federal Contract Tower,0,0,16,0,16,0,2,57,4,63,0,2,73,4,79,126,6,132,211
03/27/2022,GON,CT,ANE,EN,Federal Contract Tower,0,3,10,0,13,0,1,51,0,52,0,4,61,0,65,74,8,82,147
03/28/2022,GON,CT,ANE,EN,Federal Contract Tower,0,1,6,0,7,0,0,18,2,20,0,1,24,2,27,4,6,10,37
03/29/2022,GON,CT,ANE,EN,Federal Contract Tower,0,1,10,0,11,0,0,44,4,48,0,1,54,4,59,16,4,20,79
03/30/2022,GON,CT,ANE,EN,Federal Contract Tower,0,1,10,2,13,0,1,88,2,91,0,2,98,4,104,64,0,64,168
03/31/2022,GON,CT,ANE,EN,Federal Contract Tower,0,0,12,0,12,0,0,2,0,2,0,0,14,0,14,0,0,0,14
04/01/2022,GON,CT,ANE,EN,Federal Contract Tower,0,3,19,0,22,0,1,46,0,47,0,4,65,0,69,24,0,24,93
04/02/2022,GON,CT,ANE,EN,Federal Contract Tower,0,0,18,0,18,0,0,91,1,92,0,0,109,1,110,114,0,114,224
04/03/2022,GON,CT,ANE,EN,Federal Contract Tower,0,1,12,0,13,0,1,31,0,32,0,2,43,0,45,36,0,36,81
04/04/2022,GON,CT,ANE,EN,Federal Contract Tower,0,2,13,1,16,0,2,71,1,74,0,4,84,2,90,62,0,62,152
04/05/2022,GON,CT,ANE,EN,Federal Contract Tower,0,6,7,1,14,0,2,84,5,91,0,8,91,6,105,64,0,64,169
04/06/2022,GON,CT,ANE,EN,Federal Contract Tower,0,5,11,3,19,0,0,0,0,0,0,5,11,3,19,2,0,2,21
04/07/2022,GON,CT,ANE,EN,Federal Contract Tower,0,4,17,0,21,0,0,5,0,5,0,4,22,0,26,0,0,0,26
04/08/2022,GON,CT,ANE,EN,Federal Contract Tower,0,4,15,2,21,0,0,73,0,73,0,4,88,2,94,64,4,68,162
04/09/2022,GON,CT,ANE,EN,Federal Contract Tower,0,3,10,2,15,0,0,40,0,40,0,3,50,2,55,46,0,46,101
04/10/2022,GON,CT,ANE,EN,Federal Contract Tower,0,3,9,1,13,0,0,70,1,71,0,3,79,2,84,14,0,14,98
04/11/2022,GON,CT,ANE,EN,Federal Contract Tower,0,4,24,2,30,0,0,120,0,120,0,4,144,2,150,50,0,50,200
04/12/2022,GON,CT,ANE,EN,Federal Contract Tower,0,4,26,0,30,0,1,65,4,70,0,5,91,4,100,64,6,70,170
04/13/2022,GON,CT,ANE,EN,Federal Contract Tower,0,1,17,0,18,0,0,93,2,95,0,1,110,2,113,58,0,58,171
04/14/2022,GON,CT,ANE,EN,Federal Contract Tower,0,2,6,0,8,0,0,54,8,62,0,2,60,8,70,26,0,26,96
04/15/2022,GON,CT,ANE,EN,Federal Contract Tower,0,0,13,0,13,0,2,103,0,105,0,2,116,0,118,50,0,50,168
04/16/2022,GON,CT,ANE,EN,Federal Contract Tower,0,0,16,0,16,0,1,51,0,52,0,1,67,0,68,62,0,62,130
04/17/2022,GON,CT,ANE,EN,Federal Contract Tower,0,1,7,0,8,0,2,26,0,28,0,3,33,0,36,32,0,32,68
04/18/2022,GON,CT,ANE,EN,Federal Contract Tower,0,4,14,0,18,0,1,82,0,83,0,5,96,0,101,42,0,42,143
04/19/2022,GON,CT,ANE,EN,Federal Contract Tower,0,2,7,1,10,0,0,2,2,4,0,2,9,3,14,0,0,0,14
04/20/2022,GON,CT,ANE,EN,Federal Contract Tower,0,2,13,2,17,0,1,76,6,83,0,3,89,8,100,48,4,52,152
04/21/2022,GON,CT,ANE,EN,Federal Contract Tower,0,2,8,0,10,0,1,96,1,98,0,3,104,1,108,48,0,48,156
04/22/2022,GON,CT,ANE,EN,Federal Contract Tower,0,0,15,2,17,0,0,76,4,80,0,0,91,6,97,26,2,28,125
04/23/2022,GON,CT,ANE,EN,Federal Contract Tower,0,3,23,0,26,0,1,123,3,127,0,4,146,3,153,106,2,108,261
04/24/2022,GON,CT,ANE,EN,Federal Contract Tower,0,3,14,0,17,0,1,90,2,93,0,4,104,2,110,46,0,46,156
04/25/2022,GON,CT,ANE,EN,Federal Contract Tower,0,7,16,2,25,0,5,107,2,114,0,12,123,4,139,64,2,66,205
04/26/2022,GON,CT,ANE,EN,Federal Contract Tower,0,5,24,1,30,0,0,8,0,8,0,5,32,1,38,18,0,18,56
04/27/2022,GON,CT,ANE,EN,Federal Contract Tower,0,1,12,5,18,0,0,57,2,59,0,1,69,7,77,32,20,52,129
04/28/2022,GON,CT,ANE,EN,Federal Contract Tower,0,6,7,2,15,0,0,28,6,34,0,6,35,8,49,2,4,6,55
04/29/2022,GON,CT,ANE,EN,Federal Contract Tower,0,0,33,0,33,0,3,61,2,66,0,3,94,2,99,18,0,18,117
04/30/2022,GON,CT,ANE,EN,Federal Contract Tower,0,2,9,0,11,0,0,96,4,100,0,2,105,4,111,46,0,46,157
05/01/2022,GON,CT,ANE,EN,Federal Contract Tower,0,4,13,0,17,0,0,119,4,123,0,4,132,4,140,116,0,116,256
05/02/2022,GON,CT,ANE,EN,Federal Contract Tower,0,2,21,0,23,0,0,17,0,17,0,2,38,0,40,8,0,8,48
05/03/2022,GON,CT,ANE,EN,Federal Contract Tower,0,2,50,0,52,0,0,17,0,17,0,2,67,0,69,46,0,46,115
05/04/2022,GON,CT,ANE,EN,Federal Contract Tower,0,4,12,3,19,0,0,2,0,2,0,4,14,3,21,0,0,0,21
05/05/2022,GON,CT,ANE,EN,Federal Contract Tower,0,6,22,0,28,0,0,126,5,131,0,6,148,5,159,64,2,66,225
05/06/2022,GON,CT,ANE,EN,Federal Contract Tower,0,2,17,0,19,0,2,51,0,53,0,4,68,0,72,62,0,62,134
05/07/2022,GON,CT,ANE,EN,Federal Contract Tower,0,4,20,0,24,0,0,3,0,3,0,4,23,0,27,2,0,2,29
05/08/2022,GON,CT,ANE,EN,Federal Contract Tower,0,1,14,0,15,0,1,24,0,25,0,2,38,0,40,12,0,12,52
05/09/2022,GON,CT,ANE,EN,Federal Contract Tower,0,4,10,0,14,0,0,14,2,16,0,4,24,2,30,2,0,2,32
05/10/2022,GON,CT,ANE,EN,Federal Contract Tower,0,3,13,0,16,0,2,41,4,47,0,5,54,4,63,8,0,8,71
05/11/2022,GON,CT,ANE,EN,Federal Contract Tower,0,6,8,0,14,0,1,47,0,48,0,7,55,0,62,38,0,38,100
05/12/2022,GON,CT,ANE,EN,Federal Contract Tower,0,8,14,0,22,0,0,59,1,60,0,8,73,1,82,70,0,70,152
05/13/2022,GON,CT,ANE,EN,Federal Contract Tower,0,22,34,2,58,0,0,0,0,0,0,22,34,2,58,0,0,0,58
05/14/2022,GON,CT,ANE,EN,Federal Contract Tower,0,4,21,0,25,0,0,2,0,2,0,4,23,0,27,0,0,0,27
05/15/2022,GON,CT,ANE,EN,Federal Contract Tower,0,10,12,0,22,0,0,5,0,5,0,10,17,0,27,32,0,32,59
05/16/2022,GON,CT,ANE,EN,Federal Contract Tower,0,6,12,0,18,0,0,25,0,25,0,6,37,0,43,32,0,32,75
05/17/2022,GON,CT,ANE,EN,Federal Contract Tower,0,3,9,1,13,0,2,84,2,88,0,5,93,3,101,40,6,46,147
05/18/2022,GON,CT,ANE,EN,Federal Contract Tower,0,3,11,5,19,0,0,48,7,55,0,3,59,12,74,8,0,8,82
05/19/2022,GON,CT,ANE,EN,Federal Contract Tower,0,4,19,2,25,0,0,2,0,2,0,4,21,2,27,0,0,0,27
05/20/2022,GON,CT,ANE,EN,Federal Contract Tower,0,8,22,0,30,0,2,37,0,39,0,10,59,0,69,64,0,64,133
05/21/2022,GON,CT,ANE,EN,Federal Contract Tower,0,2,36,1,39,0,0,77,0,77,0,2,113,1,116,50,0,50,166
05/22/2022,GON,CT,ANE,EN,Federal Contract Tower,0,11,14,0,25,0,1,119,4,124,0,12,133,4,149,60,8,68,217
05/23/2022,GON,CT,ANE,EN,Federal Contract Tower,0,3,14,0,17,0,2,121,0,123,0,5,135,0,140,82,0,82,222
05/24/2022,GON,CT,ANE,EN,Federal Contract Tower,0,7,22,0,29,0,2,121,2,125,0,9,143,2,154,72,10,82,236
05/25/2022,GON,CT,ANE,EN,Federal Contract Tower,0,8,12,0,20,0,5,109,4,118,0,13,121,4,138,48,8,56,194
05/26/2022,GON,CT,ANE,EN,Federal Contract Tower,0,4,11,0,15,0,0,112,2,114,0,4,123,2,129,46,0,46,175
05/27/2022,GON,CT,ANE,EN,Federal Contract Tower,0,4,19,0,23,0,1,3,0,4,0,5,22,0,27,0,0,0,27
05/28/2022,GON,CT,ANE,EN,Federal Contract Tower,0,7,17,0,24,0,0,9,0,9,0,7,26,0,33,10,0,10,43
05/29/2022,GON,CT,ANE,EN,Federal Contract Tower,0,5,13,0,18,0,0,148,0,148,0,5,161,0,166,78,0,78,244
05/30/2022,GON,CT,ANE,EN,Federal Contract Tower,0,3,7,0,10,0,7,122,0,129,0,10,129,0,139,54,0,54,193
05/31/2022,GON,CT,ANE,EN,Federal Contract Tower,0,9,17,2,28,0,1,83,0,84,0,10,100,2,112,44,0,44,156
06/01/2022,GON,CT,ANE,EN,Federal Contract Tower,0,8,13,0,21,0,2,69,2,73,0,10,82,2,94,32,0,32,126
06/02/2022,GON,CT,ANE,EN,Federal Contract Tower,0,7,14,3,24,0,0,16,0,16,0,7,30,3,40,6,0,6,46
06/03/2022,GON,CT,ANE,EN,Federal Contract Tower,0,10,21,4,35,0,5,50,1,56,0,15,71,5,91,56,22,78,169
06/04/2022,GON,CT,ANE,EN,Federal Contract Tower,0,4,14,0,18,0,0,51,1,52,0,4,65,1,70,50,0,50,120
06/05/2022,GON,CT,ANE,EN,Federal Contract Tower,0,3,9,0,12,0,1,123,0,124,0,4,132,0,136,88,0,88,224
06/06/2022,GON,CT,ANE,EN,Federal Contract Tower,0,3,17,1,21,0,0,95,3,98,0,3,112,4,119,48,0,48,167
06/07/2022,GON,CT,ANE,EN,Federal Contract Tower,0,4,16,0,20,0,2,68,6,76,0,6,84,6,96,46,0,46,142
06/08/2022,GON,CT,ANE,EN,Federal Contract Tower,0,3,14,4,21,0,0,63,5,68,0,3,77,9,89,92,18,110,199
06/09/2022,GON,CT,ANE,EN,Federal Contract Tower,0,0,19,0,19,0,0,31,0,31,0,0,50,0,50,2,0,2,52
06/10/2022,GON,CT,ANE,EN,Federal Contract Tower,0,2,31,0,33,0,9,133,11,153,0,11,164,11,186,110,0,110,296
06/11/2022,GON,CT,ANE,EN,Federal Contract Tower,0,8,12,0,20,0,1,100,2,103,0,9,112,2,123,50,14,64,187
06/12/2022,GON,CT,ANE,EN,Federal Contract Tower,0,3,30,0,33,0,2,74,2,78,0,5,104,2,111,16,0,16,127
06/13/2022,GON,CT,ANE,EN,Federal Contract Tower,0,12,13,1,26,0,2,88,2,92,0,14,101,3,118,68,0,68,186
06/14/2022,GON,CT,ANE,EN,Federal Contract Tower,0,1,21,0,22,0,2,109,0,111,0,3,130,0,133,62,0,62,195
06/15/2022,GON,CT,ANE,EN,Federal Contract Tower,0,3,8,2,13,0,0,89,6,95,0,3,97,8,108,58,0,58,166
06/16/2022,GON,CT,ANE,EN,Federal Contract Tower,0,16,29,4,49,0,6,57,5,68,0,22,86,9,117,60,0,60,177
06/17/2022,GON,CT,ANE,EN,Federal Contract Tower,0,4,31,0,35,0,1,25,5,31,0,5,56,5,66,40,0,40,106
06/18/2022,GON,CT,ANE,EN,Federal Contract Tower,0,3,10,0,13,0,1,57,2,60,0,4,67,2,73,32,0,32,105
06/19/2022,GON,CT,ANE,EN,Federal Contract Tower,0,1,22,1,24,0,3,46,2,51,0,4,68,3,75,28,12,40,115
06/20/2022,GON,CT,ANE,EN,Federal Contract Tower,0,6,17,2,25,0,1,117,4,122,0,7,134,6,147,86,2,88,235
06/21/2022,GON,CT,ANE,EN,Federal Contract Tower,0,4,38,2,44,0,2,90,10,102,0,6,128,12,146,58,4,62,208
06/22/2022,GON,CT,ANE,EN,Federal Contract Tower,0,7,21,3,31,0,2,13,0,15,0,9,34,3,46,34,0,34,80
06/23/2022,GON,CT,ANE,EN,Federal Contract Tower,0,4,21,2,27,0,2,85,1,88,0,6,106,3,115,64,6,70,185
06/24/2022,GON,CT,ANE,EN,Federal Contract Tower,0,8,29,0,37,0,2,92,2,96,0,10,121,2,133,122,0,122,255
06/25/2022,GON,CT,ANE,EN,Federal Contract Tower,0,5,27,0,32,0,2,152,0,154,0,7,179,0,186,54,0,54,240
06/26/2022,GON,CT,ANE,EN,Federal Contract Tower,0,7,17,0,24,0,1,121,2,124,0,8,138,2,148,64,0,64,212
06/27/2022,GON,CT,ANE,EN,Federal Contract Tower,0,6,24,0,30,0,1,28,0,29,0,7,52,0,59,10,0,10,69
06/28/2022,GON,CT,ANE,EN,Federal Contract Tower,0,7,16,4,27,0,3,108,4,115,0,10,124,8,142,24,0,24,166
06/29/2022,GON,CT,ANE,EN,Federal Contract Tower,0,10,17,2,29,0,2,81,0,83,0,12,98,2,112,52,0,52,164
06/30/2022,GON,CT,ANE,EN,Federal Contract Tower,0,13,27,2,42,0,7,130,2,139,0,20,157,4,181,82,0,82,263
07/01/2022,GON,CT,ANE,EN,Federal Contract Tower,0,13,23,0,36,0,2,106,0,108,0,15,129,0,144,100,0,100,244
07/02/2022,GON,CT,ANE,EN,Federal Contract Tower,0,10,10,0,20,0,2,15,0,17,0,12,25,0,37,16,0,16,53
07/03/2022,GON,CT,ANE,EN,Federal Contract Tower,0,0,20,0,20,0,3,105,0,108,0,3,125,0,128,16,0,16,144
07/04/2022,GON,CT,ANE,EN,Federal Contract Tower,0,6,8,0,14,0,3,91,1,95,0,9,99,1,109,38,0,38,147
07/05/2022,GON,CT,ANE,EN,Federal Contract Tower,0,9,21,0,30,0,1,72,1,74,0,10,93,1,104,60,0,60,164
07/06/2022,GON,CT,ANE,EN,Federal Contract Tower,0,10,25,5,40,0,3,64,4,71,0,13,89,9,111,26,0,26,137
07/07/2022,GON,CT,ANE,EN,Federal Contract Tower,0,7,9,0,16,0,9,94,3,106,0,16,103,3,122,50,8,58,180
07/08/2022,GON,CT,ANE,EN,Federal Contract Tower,0,6,19,1,26,0,2,103,3,108,0,8,122,4,134,54,0,54,188
07/09/2022,GON,CT,ANE,EN,Federal Contract Tower,0,2,14,0,16,0,0,119,0,119,0,2,133,0,135,90,0,90,225
07/10/2022,GON,CT,ANE,EN,Federal Contract Tower,0,6,9,0,15,0,5,133,0,138,0,11,142,0,153,54,0,54,207
07/11/2022,GON,CT,ANE,EN,Federal Contract Tower,0,6,12,1,19,0,4,100,1,105,0,10,112,2,124,48,0,48,172
07/12/2022,GON,CT,ANE,EN,Federal Contract Tower,0,7,10,4,21,0,2,74,5,81,0,9,84,9,102,74,16,90,192
07/13/2022,GON,CT,ANE,EN,Federal Contract Tower,0,8,13,3,24,0,5,116,6,127,0,13,129,9,151,76,0,76,227
07/14/2022,GON,CT,ANE,EN,Federal Contract Tower,0,10,25,0,35,0,8,85,2,95,0,18,110,2,130,64,0,64,194
07/15/2022,GON,CT,ANE,EN,Federal Contract Tower,0,5,24,2,31,0,5,121,0,126,0,10,145,2,157,68,4,72,229
07/16/2022,GON,CT,ANE,EN,Federal Contract Tower,0,14,17,4,35,0,2,72,0,74,0,16,89,4,109,56,0,56,165
07/17/2022,GON,CT,ANE,EN,Federal Contract Tower,0,9,23,0,32,0,5,67,0,72,0,14,90,0,104,34,0,34,138
07/18/2022,GON,CT,ANE,EN,Federal Contract Tower,0,15,22,0,37,0,0,0,0,0,0,15,22,0,37,0,0,0,37
07/19/2022,GON,CT,ANE,EN,Federal Contract Tower,0,5,22,4,31,0,3,88,0,91,0,8,110,4,122,44,0,44,166
07/20/2022,GON,CT,ANE,EN,Federal Contract Tower,0,9,12,2,23,0,5,122,2,129,0,14,134,4,152,108,12,120,272
07/21/2022,GON,CT,ANE,EN,Federal Contract Tower,0,12,22,4,38,0,0,32,2,34,0,12,54,6,72,14,0,14,86
07/22/2022,GON,CT,ANE,EN,Federal Contract Tower,0,12,22,1,35,0,7,115,16,138,0,19,137,17,173,86,6,92,265
07/23/2022,GON,CT,ANE,EN,Federal Contract Tower,0,4,19,0,23,0,3,75,0,78,0,7,94,0,101,82,4,86,187
07/24/2022,GON,CT,ANE,EN,Federal Contract Tower,0,8,16,0,24,0,6,73,0,79,0,14,89,0,103,36,0,36,139
07/25/2022,GON,CT,ANE,EN,Federal Contract Tower,0,12,21,0,33,0,0,16,0,16,0,12,37,0,49,24,0,24,73
07/26/2022,GON,CT,ANE,EN,Federal Contract Tower,0,3,17,0,20,0,3,124,0,127,0,6,141,0,147,72,0,72,219
07/27/2022,GON,CT,ANE,EN,Federal Contract Tower,0,6,10,0,16,0,2,103,0,105,0,8,113,0,121,74,0,74,195
07/28/2022,GON,CT,ANE,EN,Federal Contract Tower,0,15,25,1,41,0,1,37,9,47,0,16,62,10,88,10,30,40,128
07/29/2022,GON,CT,ANE,EN,Federal Contract Tower,0,11,21,3,35,0,4,77,0,81,0,15,98,3,116,26,0,26,142
07/30/2022,GON,CT,ANE,EN,Federal Contract Tower,0,8,9,0,17,0,3,90,0,93,0,11,99,0,110,76,0,76,186
07/31/2022,GON,CT,ANE,EN,Federal Contract Tower,0,11,9,0,20,0,12,120,0,132,0,23,129,0,152,66,0,66,218
08/01/2022,GON,CT,ANE,EN,Federal Contract Tower,0,4,48,0,52,0,1,27,0,28,0,5,75,0,80,22,0,22,102
08/02/2022,GON,CT,ANE,EN,Federal Contract Tower,0,7,23,4,34,0,1,74,0,75,0,8,97,4,109,90,0,90,199
08/03/2022,GON,CT,ANE,EN,Federal Contract Tower,0,7,17,2,26,0,3,146,5,154,0,10,163,7,180,120,8,128,308
08/04/2022,GON,CT,ANE,EN,Federal Contract Tower,0,9,24,2,35,0,7,108,5,120,0,16,132,7,155,76,2,78,233
08/05/2022,GON,CT,ANE,EN,Federal Contract Tower,0,7,9,0,16,0,5,88,2,95,0,12,97,2,111,104,2,106,217
08/06/2022,GON,CT,ANE,EN,Federal Contract Tower,0,4,11,0,15,0,2,80,0,82,0,6,91,0,97,56,0,56,153
08/07/2022,GON,CT,ANE,EN,Federal Contract Tower,0,5,12,0,17,0,2,124,0,126,0,7,136,0,143,94,0,94,237
08/08/2022,GON,CT,ANE,EN,Federal Contract Tower,0,7,10,0,17,0,1,53,0,54,0,8,63,0,71,80,0,80,151
08/09/2022,GON,CT,ANE,EN,Federal Contract Tower,0,4,11,1,16,0,3,72,2,77,0,7,83,3,93,78,0,78,171
08/10/2022,GON,CT,ANE,EN,Federal Contract Tower,0,8,26,0,34,0,3,74,5,82,0,11,100,5,116,64,22,86,202
08/11/2022,GON,CT,ANE,EN,Federal Contract Tower,0,26,36,3,65,0,3,38,0,41,0,29,74,3,106,12,0,12,118
08/12/2022,GON,CT,ANE,EN,Federal Contract Tower,0,3,18,0,21,0,5,131,2,138,0,8,149,2,159,82,0,82,241
08/13/2022,GON,CT,ANE,EN,Federal Contract Tower,0,6,13,0,19,0,7,117,0,124,0,13,130,0,143,108,0,108,251
08/14/2022,GON,CT,ANE,EN,Federal Contract Tower,0,7,12,0,19,0,6,115,0,121,0,13,127,0,140,94,0,94,234
08/15/2022,GON,CT,ANE,EN,Federal Contract Tower,0,2,14,0,16,0,1,91,0,92,0,3,105,0,108,72,0,72,180
08/16/2022,GON,CT,ANE,EN,Federal Contract Tower,0,5,23,0,28,0,4,57,9,70,0,9,80,9,98,74,22,96,194
08/17/2022,GON,CT,ANE,EN,Federal Contract Tower,0,7,11,0,18,0,1,61,4,66,0,8,72,4,84,28,6,34,118
08/18/2022,GON,CT,ANE,EN,Federal Contract Tower,0,12,15,3,30,0,4,78,1,83,0,16,93,4,113,48,2,50,163
08/19/2022,GON,CT,ANE,EN,Federal Contract Tower,0,2,15,1,18,0,7,136,5,148,0,9,151,6,166,84,2,86,252
08/20/2022,GON,CT,ANE,EN,Federal Contract Tower,0,4,11,0,15,0,7,118,0,125,0,11,129,0,140,120,0,120,260
08/21/2022,GON,CT,ANE,EN,Federal Contract Tower,0,9,28,0,37,0,10,78,0,88,0,19,106,0,125,80,0,80,205
08/22/2022,GON,CT,ANE,EN,Federal Contract Tower,0,16,21,0,37,0,0,0,0,0,0,16,21,0,37,2,0,2,39
08/23/2022,GON,CT,ANE,EN,Federal Contract Tower,0,12,26,0,38,0,1,29,0,30,0,13,55,0,68,26,0,26,94
08/24/2022,GON,CT,ANE,EN,Federal Contract Tower,0,9,24,2,35,0,7,132,2,141,0,16,156,4,176,30,4,34,210
08/25/2022,GON,CT,ANE,EN,Federal Contract Tower,0,7,19,0,26,0,6,110,4,120,0,13,129,4,146,90,4,94,240
08/26/2022,GON,CT,ANE,EN,Federal Contract Tower,0,9,14,2,25,0,8,98,3,109,0,17,112,5,134,90,4,94,228
08/27/2022,GON,CT,ANE,EN,Federal Contract Tower,0,6,15,0,21,0,1,92,0,93,0,7,107,0,114,82,0,82,196
08/28/2022,GON,CT,ANE,EN,Federal Contract Tower,0,10,31,2,43,0,2,105,0,107,0,12,136,2,150,66,0,66,216
08/29/2022,GON,CT,ANE,EN,Federal Contract Tower,0,5,32,0,37,0,1,66,4,71,0,6,98,4,108,152,14,166,274
08/30/2022,GON,CT,ANE,EN,Federal Contract Tower,0,2,38,2,42,0,0,42,4,46,0,2,80,6,88,42,0,42,130
08/31/2022,GON,CT,ANE,EN,Federal Contract Tower,0,5,20,2,27,0,5,57,9,71,0,10,77,11,98,50,0,50,148
09/01/2022,GON,CT,ANE,EN,Federal Contract Tower,0,14,22,2,38,0,2,123,9,134,0,16,145,11,172,60,0,60,232
09/02/2022,GON,CT,ANE,EN,Federal Contract Tower,0,6,27,0,33,0,4,112,1,117,0,10,139,1,150,122,0,122,272
09/03/2022,GON,CT,ANE,EN,Federal Contract Tower,0,3,18,0,21,0,5,111,0,116,0,8,129,0,137,94,0,94,231
09/04/2022,GON,CT,ANE,EN,Federal Contract Tower,0,8,7,0,15,0,1,64,0,65,0,9,71,0,80,90,0,90,170
09/05/2022,GON,CT,ANE,EN,Federal Contract Tower,0,5,22,0,27,0,3,22,0,25,0,8,44,0,52,40,0,40,92
09/06/2022,GON,CT,ANE,EN,Federal Contract Tower,0,4,24,0,28,0,0,0,0,0,0,4,24,0,28,0,0,0,28
09/07/2022,GON,CT,ANE,EN,Federal Contract Tower,0,12,33,2,47,0,0,31,12,43,0,12,64,14,90,38,8,46,136
09/08/2022,GON,CT,ANE,EN,Federal Contract Tower,0,4,20,1,25,0,2,74,7,83,0,6,94,8,108,68,0,68,176
09/09/2022,GON,CT,ANE,EN,Federal Contract Tower,0,14,32,0,46,0,9,111,4,124,0,23,143,4,170,92,10,102,272
09/10/2022,GON,CT,ANE,EN,Federal Contract Tower,0,4,20,2,26,0,1,98,18,117,0,5,118,20,143,46,0,46,189
09/11/2022,GON,CT,ANE,EN,Federal Contract Tower,0,8,20,0,28,0,5,75,4,84,0,13,95,4,112,80,0,80,192
09/12/2022,GON,CT,ANE,EN,Federal Contract Tower,0,3,19,2,24,0,0,14,0,14,0,3,33,2,38,32,0,32,70
09/13/2022,GON,CT,ANE,EN,Federal Contract Tower,0,8,22,2,32,0,0,1,0,1,0,8,23,2,33,0,0,0,33
09/14/2022,GON,CT,ANE,EN,Federal Contract Tower,0,9,22,0,31,0,4,98,11,113,0,13,120,11,144,58,28,86,230
09/15/2022,GON,CT,ANE,EN,Federal Contract Tower,0,10,19,1,30,0,4,89,5,98,0,14,108,6,128,84,8,92,220
09/16/2022,GON,CT,ANE,EN,Federal Contract Tower,0,8,19,0,27,0,6,125,1,132,0,14,144,1,159,136,0,136,295
09/17/2022,GON,CT,ANE,EN,Federal Contract Tower,0,1,6,0,7,0,6,119,2,127,0,7,125,2,134,74,0,74,208
09/18/2022,GON,CT,ANE,EN,Federal Contract Tower,0,5,19,0,24,0,2,82,0,84,0,7,101,0,108,54,0,54,162
09/19/2022,GON,CT,ANE,EN,Federal Contract Tower,0,5,10,0,15,0,1,66,0,67,0,6,76,0,82,82,0,82,164
09/20/2022,GON,CT,ANE,EN,Federal Contract Tower,0,10,14,2,26,0,1,52,2,55,0,11,66,4,81,96,0,96,177
09/21/2022,GON,CT,ANE,EN,Federal Contract Tower,0,12,20,3,35,0,2,61,1,64,0,14,81,4,99,108,0,108,207
09/22/2022,GON,CT,ANE,EN,Federal Contract Tower,0,2,10,0,12,0,2,4,0,6,0,4,14,0,18,0,0,0,18
09/23/2022,GON,CT,ANE,EN,Federal Contract Tower,0,2,5,0,7,0,2,29,6,37,0,4,34,6,44,46,0,46,90
09/24/2022,GON,CT,ANE,EN,Federal Contract Tower,0,2,17,0,19,0,0,113,0,113,0,2,130,0,132,84,0,84,216
09/25/2022,GON,CT,ANE,EN,Federal Contract Tower,0,2,15,0,17,0,0,90,0,90,0,2,105,0,107,92,0,92,199
09/26/2022,GON,CT,ANE,EN,Federal Contract Tower,0,3,23,2,28,0,0,58,1,59,0,3,81,3,87,38,6,44,131
09/27/2022,GON,CT,ANE,EN,Federal Contract Tower,0,9,19,0,28,0,4,99,5,108,0,13,118,5,136,88,0,88,224
09/28/2022,GON,CT,ANE,EN,Federal Contract Tower,0,4,15,0,19,0,0,74,6,80,0,4,89,6,99,98,18,116,215
09/29/2022,GON,CT,ANE,EN,Federal Contract Tower,0,9,13,0,22,0,0,90,10,100,0,9,103,10,122,108,22,130,252
09/30/2022,GON,CT,ANE,EN,Federal Contract Tower,0,2,23,0,25,0,3,94,0,97,0,5,117,0,122,82,0,82,204
10/01/2022,GON,CT,ANE,EN,Federal Contract Tower,0,6,8,0,14,0,0,0,0,0,0,6,8,0,14,0,0,0,14
10/02/2022,GON,CT,ANE,EN,Federal Contract Tower,0,8,11,0,19,0,0,9,0,9,0,8,20,0,28,22,0,22,50
10/03/2022,GON,CT,ANE,EN,Federal Contract Tower,0,8,8,0,16,0,0,40,0,40,0,8,48,0,56,48,0,48,104
10/04/2022,GON,CT,ANE,EN,Federal Contract Tower,0,3,9,2,14,0,0,7,0,7,0,3,16,2,21,10,0,10,31
10/05/2022,GON,CT,ANE,EN,Federal Contract Tower,0,3,7,4,14,0,0,6,0,6,0,3,13,4,20,0,0,0,20
10/06/2022,GON,CT,ANE,EN,Federal Contract Tower,0,4,29,0,33,0,0,119,2,121,0,4,148,2,154,156,0,156,310
10/07/2022,GON,CT,ANE,EN,Federal Contract Tower,0,0,20,0,20,0,1,125,1,127,0,1,145,1,147,72,10,82,229
10/08/2022,GON,CT,ANE,EN,Federal Contract Tower,0,3,23,0,26,0,2,103,0,105,0,5,126,0,131,112,0,112,243
10/09/2022,GON,CT,ANE,EN,Federal Contract Tower,0,1,8,0,9,0,2,103,0,105,0,3,111,0,114,58,0,58,172
10/10/2022,GON,CT,ANE,EN,Federal Contract Tower,0,3,17,0,20,0,2,131,0,133,0,5,148,0,153,28,0,28,181
10/11/2022,GON,CT,ANE,EN,Federal Contract Tower,0,3,16,1,20,0,0,93,0,93,0,3,109,1,113,114,0,114,227
10/12/2022,GON,CT,ANE,EN,Federal Contract Tower,0,2,20,1,23,0,2,103,0,105,0,4,123,1,128,72,12,84,212
10/13/2022,GON,CT,ANE,EN,Federal Contract Tower,0,1,18,1,20,0,0,4,0,4,0,1,22,1,24,0,8,8,32
10/14/2022,GON,CT,ANE,EN,Federal Contract Tower,0,2,21,0,23,0,1,66,0,67,0,3,87,0,90,78,4,82,172
10/15/2022,GON,CT,ANE,EN,Federal Contract Tower,0,5,15,0,20,0,0,121,2,123,0,5,136,2,143,60,4,64,207
10/16/2022,GON,CT,ANE,EN,Federal Contract Tower,0,3,14,1,18,0,3,136,0,139,0,6,150,1,157,64,0,64,221
10/17/2022,GON,CT,ANE,EN,Federal Contract Tower,0,5,19,0,24,0,0,23,0,23,0,5,42,0,47,16,0,16,63
10/18/2022,GON,CT,ANE,EN,Federal Contract Tower,0,9,18,2,29,0,2,57,8,67,0,11,75,10,96,70,30,100,196
10/19/2022,GON,CT,ANE,EN,Federal Contract Tower,0,5,14,2,21,0,0,67,1,68,0,5,81,3,89,54,4,58,147
10/20/2022,GON,CT,ANE,EN,Federal Contract Tower,0,4,7,2,13,0,4,78,6,88,0,8,85,8,101,72,4,76,177
10/21/2022,GON,CT,ANE,EN,Federal Contract Tower,0,5,13,2,20,0,3,136,0,139,0,8,149,2,159,98,6,104,263
10/22/2022,GON,CT,ANE,EN,Federal Contract Tower,0,2,21,2,25,0,1,105,6,112,0,3,126,8,137,154,0,154,291
10/23/2022,GON,CT,ANE,EN,Federal Contract Tower,0,6,12,0,18,0,1,32,0,33,0,7,44,0,51,36,0,36,87
10/24/2022,GON,CT,ANE,EN,Federal Contract Tower,0,7,11,0,18,0,0,0,0,0,0,7,11,0,18,0,0,0,18
10/25/2022,GON,CT,ANE,EN,Federal Contract Tower,0,8,8,0,16,0,0,2,0,2,0,8,10,0,18,0,0,0,18
10/26/2022,GON,CT,ANE,EN,Federal Contract Tower,0,6,15,1,22,0,0,0,0,0,0,6,15,1,22,2,0,2,24
10/27/2022,GON,CT,ANE,EN,Federal Contract Tower,0,1,29,0,30,0,0,91,0,91,0,1,120,0,121,62,0,62,183
10/28/2022,GON,CT,ANE,EN,Federal Contract Tower,0,0,25,2,27,0,0,77,0,77,0,0,102,2,104,60,6,66,170
10/29/2022,GON,CT,ANE,EN,Federal Contract Tower,0,0,18,0,18,0,0,101,0,101,0,0,119,0,119,136,0,136,255
10/30/2022,GON,CT,ANE,EN,Federal Contract Tower,0,1,12,0,13,0,0,108,0,108,0,1,120,0,121,78,0,78,199
10/31/2022,GON,CT,ANE,EN,Federal Contract Tower,0,3,25,0,28,0,0,37,0,37,0,3,62,0,65,34,0,34,99
11/01/2022,GON,CT,ANE,EN,Federal Contract Tower,0,6,16,2,24,0,0,4,0,4,0,6,20,2,28,4,0,4,32
11/02/2022,GON,CT,ANE,EN,Federal Contract Tower,0,1,20,2,23,0,2,125,2,129,0,3,145,4,152,64,40,104,256
11/03/2022,GON,CT,ANE,EN,Federal Contract Tower,0,3,17,2,22,0,1,115,4,120,0,4,132,6,142,70,0,70,212
11/04/2022,GON,CT,ANE,EN,Federal Contract Tower,0,10,34,4,48,0,0,100,3,103,0,10,134,7,151,98,8,106,257
11/05/2022,GON,CT,ANE,EN,Federal Contract Tower,0,3,29,0,32,0,0,102,0,102,0,3,131,0,134,146,0,146,280
11/06/2022,GON,CT,ANE,EN,Federal Contract Tower,0,6,11,0,17,0,0,76,2,78,0,6,87,2,95,34,0,34,129
11/07/2022,GON,CT,ANE,EN,Federal Contract Tower,0,1,18,0,19,0,1,72,0,73,0,2,90,0,92,124,0,124,216
11/08/2022,GON,CT,ANE,EN,Federal Contract Tower,0,2,10,4,16,0,0,53,4,57,0,2,63,8,73,54,0,54,127
11/09/2022,GON,CT,ANE,EN,Federal Contract Tower,0,4,22,1,27,0,0,123,4,127,0,4,145,5,154,78,6,84,238
11/10/2022,GON,CT,ANE,EN,Federal Contract Tower,0,0,16,0,16,0,0,97,5,102,0,0,113,5,118,74,0,74,192
11/11/2022,GON,CT,ANE,EN,Federal Contract Tower,0,2,13,0,15,0,0,43,0,43,0,2,56,0,58,72,0,72,130
11/12/2022,GON,CT,ANE,EN,Federal Contract Tower,0,3,8,0,11,0,0,24,0,24,0,3,32,0,35,26,2,28,63
11/13/2022,GON,CT,ANE,EN,Federal Contract Tower,0,3,13,0,16,0,0,28,0,28,0,3,41,0,44,24,0,24,68
11/14/2022,GON,CT,ANE,EN,Federal Contract Tower,0,3,21,0,24,0,0,81,0,81,0,3,102,0,105,52,0,52,157
11/15/2022,GON,CT,ANE,EN,Federal Contract Tower,0,6,13,4,23,0,0,78,2,80,0,6,91,6,103,40,0,40,143
11/16/2022,GON,CT,ANE,EN,Federal Contract Tower,0,0,13,2,15,0,0,10,2,12,0,0,23,4,27,6,0,6,33
11/17/2022,GON,CT,ANE,EN,Federal Contract Tower,0,3,10,0,13,0,1,62,0,63,0,4,72,0,76,30,0,30,106
11/18/2022,GON,CT,ANE,EN,Federal Contract Tower,0,9,16,0,25,0,0,85,0,85,0,9,101,0,110,92,0,92,202
11/19/2022,GON,CT,ANE,EN,Federal Contract Tower,0,2,8,2,12,0,0,100,16,116,0,2,108,18,128,132,12,144,272
11/20/2022,GON,CT,ANE,EN,Federal Contract Tower,0,4,6,0,10,0,0,25,0,25,0,4,31,0,35,24,0,24,59
11/21/2022,GON,CT,ANE,EN,Federal Contract Tower,0,1,13,0,14,0,0,81,2,83,0,1,94,2,97,66,14,80,177
11/22/2022,GON,CT,ANE,EN,Federal Contract Tower,0,8,17,5,30,0,0,98,11,109,0,8,115,16,139,58,32,90,229
11/23/2022,GON,CT,ANE,EN,Federal Contract Tower,0,5,19,0,24,0,0,101,1,102,0,5,120,1,126,46,12,58,184
11/24/2022,GON,CT,ANE,EN,Federal Contract Tower,0,0,3,0,3,0,1,59,0,60,0,1,62,0,63,30,0,30,93
11/25/2022,GON,CT,ANE,EN,Federal Contract Tower,0,0,7,0,7,0,0,35,0,35,0,0,42,0,42,68,0,68,110
11/26/2022,GON,CT,ANE,EN,Federal Contract Tower,0,2,15,0,17,0,1,117,3,121,0,3,132,3,138,100,0,100,238
11/27/2022,GON,CT,ANE,EN,Federal Contract Tower,0,7,10,0,17,0,2,33,0,35,0,9,43,0,52,28,0,28,80
11/28/2022,GON,CT,ANE,EN,Federal Contract Tower,0,2,20,0,22,0,0,60,0,60,0,2,80,0,82,16,0,16,98
11/29/2022,GON,CT,ANE,EN,Federal Contract Tower,0,4,15,0,19,0,0,75,5,80,0,4,90,5,99,128,0,128,227
11/30/2022,GON,CT,ANE,EN,Federal Contract Tower,0,2,5,0,7,0,0,12,1,13,0,2,17,1,20,2,8,10,30
12/01/2022,GON,CT,ANE,EN,Federal Contract Tower,0,5,9,0,14,0,0,58,5,63,0,5,67,5,77,60,2,62,139
12/02/2022,GON,CT,ANE,EN,Federal Contract Tower,0,5,17,0,22,0,0,126,2,128,0,5,143,2,150,86,0,86,236
12/03/2022,GON,CT,ANE,EN,Federal Contract Tower,0,1,6,0,7,0,0,0,0,0,0,1,6,0,7,2,0,2,9
12/04/2022,GON,CT,ANE,EN,Federal Contract Tower,0,3,8,0,11,0,2,115,0,117,0,5,123,0,128,96,0,96,224
12/05/2022,GON,CT,ANE,EN,Federal Contract Tower,0,0,22,2,24,0,0,126,3,129,0,0,148,5,153,78,2,80,233
12/06/2022,GON,CT,ANE,EN,Federal Contract Tower,0,2,18,0,20,0,0,40,9,49,0,2,58,9,69,52,16,68,137
12/07/2022,GON,CT,ANE,EN,Federal Contract Tower,0,1,19,0,20,0,0,0,0,0,0,1,19,0,20,0,0,0,20
12/08/2022,GON,CT,ANE,EN,Federal Contract Tower,0,0,14,0,14,0,0,89,3,92,0,0,103,3,106,28,8,36,142
12/09/2022,GON,CT,ANE,EN,Federal Contract Tower,0,1,16,0,17,0,0,105,0,105,0,1,121,0,122,76,0,76,198
12/10/2022,GON,CT,ANE,EN,Federal Contract Tower,0,3,13,0,16,0,0,41,8,49,0,3,54,8,65,128,6,134,199
12/11/2022,GON,CT,ANE,EN,Federal Contract Tower,0,6,5,0,11,0,0,31,5,36,0,6,36,5,47,70,12,82,129
12/12/2022,GON,CT,ANE,EN,Federal Contract Tower,0,1,9,0,10,0,0,40,0,40,0,1,49,0,50,42,0,42,92
12/13/2022,GON,CT,ANE,EN,Federal Contract Tower,0,0,18,3,21,0,0,70,7,77,0,0,88,10,98,48,2,50,148
12/14/2022,GON,CT,ANE,EN,Federal Contract Tower,0,3,11,1,15,0,0,59,4,63,0,3,70,5,78,22,0,22,100
12/15/2022,GON,CT,ANE,EN,Federal Contract Tower,0,3,9,0,12,0,2,42,5,49,0,5,51,5,61,58,32,90,151
12/16/2022,GON,CT,ANE,EN,Federal Contract Tower,1,7,6,0,14,0,0,0,0,0,1,7,6,0,14,0,0,0,14
12/17/2022,GON,CT,ANE,EN,Federal Contract Tower,0,0,7,0,7,0,0,58,0,58,0,0,65,0,65,102,0,102,167
12/18/2022,GON,CT,ANE,EN,Federal Contract Tower,1,1,15,0,17,0,2,131,0,133,1,3,146,0,150,86,0,86,236
12/19/2022,GON,CT,ANE,EN,Federal Contract Tower,0,3,6,0,9,0,3,95,4,102,0,6,101,4,111,92,0,92,203
12/20/2022,GON,CT,ANE,EN,Federal Contract Tower,0,2,17,0,19,0,1,80,6,87,0,3,97,6,106,48,22,70,176
12/21/2022,GON,CT,ANE,EN,Federal Contract Tower,0,4,22,0,26,0,1,126,5,132,0,5,148,5,158,88,6,94,252
12/22/2022,GON,CT,ANE,EN,Federal Contract Tower,0,3,5,0,8,0,0,7,0,7,0,3,12,0,15,0,0,0,15
12/23/2022,GON,CT,ANE,EN,Federal Contract Tower,0,0,1,0,1,0,0,0,0,0,0,0,1,0,1,0,0,0,1
12/24/2022,GON,CT,ANE,EN,Federal Contract Tower,0,0,0,0,0,0,0,2,0,2,0,0,2,0,2,0,0,0,2
12/25/2022,GON,CT,ANE,EN,Federal Contract Tower,0,0,1,0,1,0,0,1,0,1,0,0,2,0,2,0,0,0,2
12/26/2022,GON,CT,ANE,EN,Federal Contract Tower,0,3,4,0,7,0,0,78,0,78,0,3,82,0,85,58,0,58,143
12/27/2022,GON,CT,ANE,EN,Federal Contract Tower,0,2,9,0,11,0,0,88,0,88,0,2,97,0,99,56,0,56,155
12/28/2022,GON,CT,ANE,EN,Federal Contract Tower,0,0,8,0,8,0,0,58,3,61,0,0,66,3,69,30,0,30,99
12/29/2022,GON,CT,ANE,EN,Federal Contract Tower,0,5,18,0,23,0,1,123,0,124,0,6,141,0,147,58,8,66,213
12/30/2022,GON,CT,ANE,EN,Federal Contract Tower,0,3,11,0,14,0,0,99,0,99,0,3,110,0,113,48,0,48,161
12/31/2022,GON,CT,ANE,EN,Federal Contract Tower,0,0,2,0,2,0,0,0,0,0,0,0,2,0,2,0,0,0,2
01/01/2023,GON,CT,ANE,EN,Federal Contract Tower,0,0,6,0,6,0,0,35,0,35,0,0,41,0,41,12,0,12,53
01/02/2023,GON,CT,ANE,EN,Federal Contract Tower,0,2,13,0,15,0,0,95,0,95,0,2,108,0,110,118,0,118,228
01/03/2023,GON,CT,ANE,EN,Federal Contract Tower,0,5,9,1,15,0,0,3,0,3,0,5,12,1,18,6,0,6,24
01/04/2023,GON,CT,ANE,EN,Federal Contract Tower,0,2,5,1,8,0,0,12,0,12,0,2,17,1,20,0,2,2,22
01/05/2023,GON,CT,ANE,EN,Federal Contract Tower,0,3,11,2,16,0,0,8,0,8,0,3,19,2,24,12,0,12,36
01/06/2023,GON,CT,ANE,EN,Federal Contract Tower,0,2,7,0,9,0,0,1,0,1,0,2,8,0,10,0,0,0,10
01/07/2023,GON,CT,ANE,EN,Federal Contract Tower,0,3,19,0,22,0,0,112,0,112,0,3,131,0,134,116,0,116,250
01/08/2023,GON,CT,ANE,EN,Federal Contract Tower,0,0,14,0,14,0,1,130,0,131,0,1,144,0,145,62,0,62,207
01/09/2023,GON,CT,ANE,EN,Federal Contract Tower,0,4,6,0,10,0,0,33,2,35,0,4,39,2,45,56,6,62,107
01/10/2023,GON,CT,ANE,EN,Federal Contract Tower,0,2,7,1,10,0,0,63,11,74,0,2,70,12,84,58,16,74,158
01/11/2023,GON,CT,ANE,EN,Federal Contract Tower,0,2,9,0,11,0,0,77,10,87,0,2,86,10,98,36,6,42,140
01/12/2023,GON,CT,ANE,EN,Federal Contract Tower,0,1,10,0,11,0,0,14,0,14,0,1,24,0,25,26,0,26,51
01/13/2023,GON,CT,ANE,EN,Federal Contract Tower,0,6,15,0,21,0,1,5,0,6,0,7,20,0,27,12,0,12,39
01/14/2023,GON,CT,ANE,EN,Federal Contract Tower,0,2,1,0,3,0,1,5,1,7,0,3,6,1,10,2,0,2,12
01/15/2023,GON,CT,ANE,EN,Federal Contract Tower,0,1,6,0,7,0,0,24,0,24,0,1,30,0,31,34,0,34,65
01/16/2023,GON,CT,ANE,EN,Federal Contract Tower,0,1,8,0,9,0,0,72,0,72,0,1,80,0,81,30,0,30,111
01/17/2023,GON,CT,ANE,EN,Federal Contract Tower,0,4,9,8,21,0,0,53,0,53,0,4,62,8,74,78,0,78,152
01/18/2023,GON,CT,ANE,EN,Federal Contract Tower,0,3,13,0,16,0,0,73,0,73,0,3,86,0,89,56,2,58,147
01/19/2023,GON,CT,ANE,EN,Federal Contract Tower,0,4,4,0,8,0,0,25,0,25,0,4,29,0,33,20,0,20,53
01/20/2023,GON,CT,ANE,EN,Federal Contract Tower,0,4,16,0,20,0,0,19,1,20,0,4,35,1,40,2,0,2,42
01/21/2023,GON,CT,ANE,EN,Federal Contract Tower,0,0,15,0,15,0,0,52,0,52,0,0,67,0,67,76,0,76,143
01/22/2023,GON,CT,ANE,EN,Federal Contract Tower,0,2,4,0,6,0,0,81,0,81,0,2,85,0,87,146,0,146,233
01/23/2023,GON,CT,ANE,EN,Federal Contract Tower,0,0,5,0,5,0,0,0,0,0,0,0,5,0,5,0,0,0,5
01/24/2023,GON,CT,ANE,EN,Federal Contract Tower,0,1,22,3,26,0,0,58,10,68,0,1,80,13,94,44,8,52,146
01/25/2023,GON,CT,ANE,EN,Federal Contract Tower,0,0,7,0,7,0,0,34,4,38,0,0,41,4,45,34,6,40,85
01/26/2023,GON,CT,ANE,EN,Federal Contract Tower,0,0,10,0,10,0,0,9,10,19,0,0,19,10,29,12,18,30,59
01/27/2023,GON,CT,ANE,EN,Federal Contract Tower,0,7,12,0,19,0,1,124,3,128,0,8,136,3,147,62,0,62,209
01/28/2023,GON,CT,ANE,EN,Federal Contract Tower,0,3,8,0,11,0,1,73,2,76,0,4,81,2,87,64,0,64,151
01/29/2023,GON,CT,ANE,EN,Federal Contract Tower,0,0,6,0,6,0,0,128,3,131,0,0,134,3,137,72,10,82,219
01/30/2023,GON,CT,ANE,EN,Federal Contract Tower,0,0,16,2,18,0,0,98,4,102,0,0,114,6,120,52,0,52,172
01/31/2023,GON,CT,ANE,EN,Federal Contract Tower,0,4,10,0,14,0,0,36,3,39,0,4,46,3,53,84,2,86,139
02/01/2023,GON,CT,ANE,EN,Federal Contract Tower,0,6,12,3,21,0,1,124,2,127,0,7,136,5,148,70,6,76,224
02/02/2023,GON,CT,ANE,EN,Federal Contract Tower,0,1,6,0,7,0,0,114,2,116,0,1,120,2,123,74,2,76,199
02/03/2023,GON,CT,ANE,EN,Federal Contract Tower,0,0,3,0,3,0,2,6,2,10,0,2,9,2,13,0,0,0,13
02/04/2023,GON,CT,ANE,EN,Federal Contract Tower,0,0,7,0,7,0,0,68,0,68,0,0,75,0,75,64,0,64,139
02/05/2023,GON,CT,ANE,EN,Federal Contract Tower,0,3,7,0,10,0,0,67,2,69,0,3,74,2,79,48,2,50,129
02/06/2023,GON,CT,ANE,EN,Federal Contract Tower,0,2,10,0,12,0,0,87,0,87,0,2,97,0,99,34,0,34,133
02/07/2023,GON,CT,ANE,EN,Federal Contract Tower,0,0,9,0,9,0,0,91,0,91,0,0,100,0,100,78,0,78,178
02/08/2023,GON,CT,ANE,EN,Federal Contract Tower,0,2,27,0,29,0,0,88,4,92,0,2,115,4,121,74,8,82,203
02/09/2023,GON,CT,ANE,EN,Federal Contract Tower,0,0,8,0,8,0,0,81,0,81,0,0,89,0,89,62,0,62,151
02/10/2023,GON,CT,ANE,EN,Federal Contract Tower,0,3,9,3,15,0,3,61,1,65,0,6,70,4,80,26,0,26,106
02/11/2023,GON,CT,ANE,EN,Federal Contract Tower,0,1,20,0,21,0,0,120,0,120,0,1,140,0,141,82,0,82,223
02/12/2023,GON,CT,ANE,EN,Federal Contract Tower,0,0,15,0,15,0,1,100,0,101,0,1,115,0,116,118,2,120,236
02/13/2023,GON,CT,ANE,EN,Federal Contract Tower,0,0,9,0,9,0,0,55,0,55,0,0,64,0,64,52,0,52,116
02/14/2023,GON,CT,ANE,EN,Federal Contract Tower,0,2,22,2,26,0,0,75,1,76,0,2,97,3,102,100,0,100,202
02/15/2023,GON,CT,ANE,EN,Federal Contract Tower,0,2,11,4,17,0,0,57,4,61,0,2,68,8,78,56,16,72,150
02/16/2023,GON,CT,ANE,EN,Federal Contract Tower,0,3,7,0,10,0,0,76,0,76,0,3,83,0,86,48,0,48,134
02/17/2023,GON,CT,ANE,EN,Federal Contract Tower,0,1,13,0,14,0,0,5,0,5,0,1,18,0,19,0,0,0,19
02/18/2023,GON,CT,ANE,EN,Federal Contract Tower,0,3,9,0,12,0,0,110,0,110,0,3,119,0,122,84,0,84,206
02/19/2023,GON,CT,ANE,EN,Federal Contract Tower,0,3,4,0,7,0,0,81,0,81,0,3,85,0,88,46,0,46,134
02/20/2023,GON,CT,ANE,EN,Federal Contract Tower,0,0,22,0,22,0,0,32,0,32,0,0,54,0,54,26,0,26,80
02/21/2023,GON,CT,ANE,EN,Federal Contract Tower,0,3,10,2,15,0,0,12,0,12,0,3,22,2,27,42,0,42,69
02/22/2023,GON,CT,ANE,EN,Federal Contract Tower,0,8,13,0,21,0,0,64,2,66,0,8,77,2,87,24,0,24,111
02/23/2023,GON,CT,ANE,EN,Federal Contract Tower,0,3,6,0,9,0,0,0,0,0,0,3,6,0,9,0,0,0,9
02/24/2023,GON,CT,ANE,EN,Federal Contract Tower,0,2,6,1,9,0,0,24,4,28,0,2,30,5,37,8,0,8,45
02/25/2023,GON,CT,ANE,EN,Federal Contract Tower,0,0,5,0,5,0,0,40,2,42,0,0,45,2,47,42,0,42,89
02/26/2023,GON,CT,ANE,EN,Federal Contract Tower,0,9,6,3,18,0,0,25,3,28,0,9,31,6,46,56,18,74,120
02/27/2023,GON,CT,ANE,EN,Federal Contract Tower,0,0,13,3,16,0,0,96,3,99,0,0,109,6,115,22,0,22,137
02/28/2023,GON,CT,ANE,EN,Federal Contract Tower,0,1,2,1,4,0,0,0,0,0,0,1,2,1,4,0,0,0,4
03/01/2023,GON,CT,ANE,EN,Federal Contract Tower,0,8,10,2,20,0,0,87,10,97,0,8,97,12,117,56,2,58,175
03/02/2023,GON,CT,ANE,EN,Federal Contract Tower,0,1,8,2,11,0,0,18,0,18,0,1,26,2,29,8,6,14,43
03/03/2023,GON,CT,ANE,EN,Federal Contract Tower,0,4,9,2,15,0,0,78,0,78,0,4,87,2,93,96,8,104,197
03/04/2023,GON,CT,ANE,EN,Federal Contract Tower,0,3,0,0,3,0,0,1,0,1,0,3,1,0,4,0,0,0,4
03/05/2023,GON,CT,ANE,EN,Federal Contract Tower,0,4,11,2,17,0,0,95,0,95,0,4,106,2,112,68,0,68,180
03/06/2023,GON,CT,ANE,EN,Federal Contract Tower,0,0,9,0,9,0,0,66,0,66,0,0,75,0,75,38,0,38,113
03/07/2023,GON,CT,ANE,EN,Federal Contract Tower,0,1,13,0,14,0,0,35,3,38,0,1,48,3,52,26,4,30,82
03/08/2023,GON,CT,ANE,EN,Federal Contract Tower,0,6,29,0,35,0,0,52,4,56,0,6,81,4,91,34,8,42,133
03/09/2023,GON,CT,ANE,EN,Federal Contract Tower,0,3,13,0,16,0,0,76,0,76,0,3,89,0,92,84,0,84,176
03/10/2023,GON,CT,ANE,EN,Federal Contract Tower,0,4,16,0,20,0,0,66,3,69,0,4,82,3,89,58,0,58,147
03/11/2023,GON,CT,ANE,EN,Federal Contract Tower,0,5,0,0,5,0,0,10,0,10,0,5,10,0,15,0,0,0,15
03/12/2023,GON,CT,ANE,EN,Federal Contract Tower,0,7,25,0,32,0,0,106,0,106,0,7,131,0,138,54,0,54,192
03/13/2023,GON,CT,ANE,EN,Federal Contract Tower,0,0,12,0,12,0,0,14,0,14,0,0,26,0,26,32,0,32,58
03/14/2023,GON,CT,ANE,EN,Federal Contract Tower,0,2,0,0,2,0,0,0,0,0,0,2,0,0,2,0,0,0,2
03/15/2023,GON,CT,ANE,EN,Federal Contract Tower,0,2,7,0,9,0,0,6,3,9,0,2,13,3,18,4,2,6,24
03/16/2023,GON,CT,ANE,EN,Federal Contract Tower,0,1,16,0,17,0,0,86,5,91,0,1,102,5,108,62,4,66,174
03/17/2023,GON,CT,ANE,EN,Federal Contract Tower,0,3,14,0,17,0,0,95,3,98,0,3,109,3,115,52,0,52,167
03/18/2023,GON,CT,ANE,EN,Federal Contract Tower,0,2,2,0,4,0,0,106,7,113,0,2,108,7,117,198,2,200,317
03/19/2023,GON,CT,ANE,EN,Federal Contract Tower,0,0,8,2,10,0,0,55,8,63,0,0,63,10,73,30,2,32,105
03/20/2023,GON,CT,ANE,EN,Federal Contract Tower,0,2,19,0,21,0,0,109,0,109,0,2,128,0,130,54,0,54,184
03/21/2023,GON,CT,ANE,EN,Federal Contract Tower,0,1,24,0,25,0,0,118,0,118,0,1,142,0,143,92,0,92,235
03/22/2023,GON,CT,ANE,EN,Federal Contract Tower,0,1,24,0,25,0,0,74,4,78,0,1,98,4,103,56,4,60,163
03/23/2023,GON,CT,ANE,EN,Federal Contract Tower,0,0,14,2,16,0,0,11,7,18,0,0,25,9,34,12,4,16,50
03/24/2023,GON,CT,ANE,EN,Federal Contract Tower,0,5,21,2,28,0,0,90,0,90,0,5,111,2,118,106,2,108,226
03/25/2023,GON,CT,ANE,EN,Federal Contract Tower,0,0,2,1,3,0,0,15,0,15,0,0,17,1,18,14,0,14,32
03/26/2023,GON,CT,ANE,EN,Federal Contract Tower,0,3,9,0,12,0,0,54,0,54,0,3,63,0,66,34,0,34,100
03/27/2023,GON,CT,ANE,EN,Federal Contract Tower,0,3,17,0,20,0,0,101,0,101,0,3,118,0,121,64,0,64,185
03/28/2023,GON,CT,ANE,EN,Federal Contract Tower,0,1,5,0,6,0,0,18,5,23,0,1,23,5,29,42,0,42,71
03/29/2023,GON,CT,ANE,EN,Federal Contract Tower,0,3,23,0,26,0,0,116,2,118,0,3,139,2,144,70,0,70,214
03/30/2023,GON,CT,ANE,EN,Federal Contract Tower,0,5,12,1,18,0,0,63,0,63,0,5,75,1,81,52,0,52,133
03/31/2023,GON,CT,ANE,EN,Federal Contract Tower,0,2,13,2,17,0,0,69,3,72,0,2,82,5,89,42,0,42,131
04/01/2023,GON,CT,ANE,EN,Federal Contract Tower,0,2,3,0,5,0,0,0,0,0,0,2,3,0,5,0,0,0,5
04/02/2023,GON,CT,ANE,EN,Federal Contract Tower,0,5,11,0,16,0,0,59,0,59,0,5,70,0,75,34,0,34,109
04/03/2023,GON,CT,ANE,EN,Federal Contract Tower,0,1,13,0,14,0,0,77,4,81,0,1,90,4,95,56,0,56,151
04/04/2023,GON,CT,ANE,EN,Federal Contract Tower,0,3,18,0,21,0,1,67,0,68,0,4,85,0,89,42,0,42,131
04/05/2023,GON,CT,ANE,EN,Federal Contract Tower,0,4,13,5,22,0,0,29,3,32,0,4,42,8,54,16,6,22,76
04/06/2023,GON,CT,ANE,EN,Federal Contract Tower,0,6,12,0,18,0,2,26,2,30,0,8,38,2,48,30,8,38,86
04/07/2023,GON,CT,ANE,EN,Federal Contract Tower,0,3,13,0,16,0,3,95,0,98,0,6,108,0,114,54,0,54,168
04/08/2023,GON,CT,ANE,EN,Federal Contract Tower,0,3,3,0,6,0,5,135,0,140,0,8,138,0,146,180,0,180,326
04/09/2023,GON,CT,ANE,EN,Federal Contract Tower,0,2,8,0,10,0,0,80,0,80,0,2,88,0,90,30,0,30,120
04/10/2023,GON,CT,ANE,EN,Federal Contract Tower,0,4,15,0,19,0,0,122,2,124,0,4,137,2,143,120,0,120,263
04/11/2023,GON,CT,ANE,EN,Federal Contract Tower,0,2,13,3,18,0,3,95,8,106,0,5,108,11,124,140,6,146,270
04/12/2023,GON,CT,ANE,EN,Federal Contract Tower,0,5,15,0,20,0,0,45,5,50,0,5,60,5,70,28,0,28,98
04/13/2023,GON,CT,ANE,EN,Federal Contract Tower,0,5,8,4,17,0,0,103,16,119,0,5,111,20,136,92,0,92,228
04/14/2023,GON,CT,ANE,EN,Federal Contract Tower,0,2,8,0,10,0,0,105,4,109,0,2,113,4,119,94,0,94,213
04/15/2023,GON,CT,ANE,EN,Federal Contract Tower,0,6,17,2,25,0,0,0,0,0,0,6,17,2,25,4,0,4,29
04/16/2023,GON,CT,ANE,EN,Federal Contract Tower,0,0,13,0,13,0,0,0,0,0,0,0,13,0,13,4,0,4,17
04/17/2023,GON,CT,ANE,EN,Federal Contract Tower,0,2,8,0,10,0,0,0,0,0,0,2,8,0,10,0,0,0,10
04/18/2023,GON,CT,ANE,EN,Federal Contract Tower,0,3,12,1,16,0,0,66,0,66,0,3,78,1,82,36,4,40,122
04/19/2023,GON,CT,ANE,EN,Federal Contract Tower,0,5,14,1,20,0,0,108,5,113,0,5,122,6,133,90,0,90,223
04/20/2023,GON,CT,ANE,EN,Federal Contract Tower,0,5,26,0,31,0,0,168,4,172,0,5,194,4,203,112,0,112,315
04/21/2023,GON,CT,ANE,EN,Federal Contract Tower,0,3,11,1,15,0,0,90,5,95,0,3,101,6,110,56,0,56,166
04/22/2023,GON,CT,ANE,EN,Federal Contract Tower,0,5,11,0,16,0,0,16,3,19,0,5,27,3,35,10,0,10,45
04/23/2023,GON,CT,ANE,EN,Federal Contract Tower,0,3,8,0,11,0,0,3,0,3,0,3,11,0,14,2,0,2,16
04/24/2023,GON,CT,ANE,EN,Federal Contract Tower,0,3,14,1,18,0,0,64,4,68,0,3,78,5,86,70,0,70,156
04/25/2023,GON,CT,ANE,EN,Federal Contract Tower,0,5,18,0,23,0,2,76,10,88,0,7,94,10,111,80,2,82,193
04/26/2023,GON,CT,ANE,EN,Federal Contract Tower,0,1,16,0,17,0,0,80,0,80,0,1,96,0,97,52,0,52,149
04/27/2023,GON,CT,ANE,EN,Federal Contract Tower,0,3,29,1,33,0,0,54,5,59,0,3,83,6,92,90,2,92,184
04/28/2023,GON,CT,ANE,EN,Federal Contract Tower,0,7,20,0,27,0,1,55,3,59,0,8,75,3,86,76,0,76,162
04/29/2023,GON,CT,ANE,EN,Federal Contract Tower,0,2,4,0,6,0,0,4,0,4,0,2,8,0,10,0,0,0,10
04/30/2023,GON,CT,ANE,EN,Federal Contract Tower,0,2,9,0,11,0,0,0,0,0,0,2,9,0,11,0,0,0,11
05/01/2023,GON,CT,ANE,EN,Federal Contract Tower,0,3,11,0,14,0,0,35,0,35,0,3,46,0,49,0,0,0,49
05/02/2023,GON,CT,ANE,EN,Federal Contract Tower,0,3,15,1,19,0,0,53,0,53,0,3,68,1,72,66,16,82,154
05/03/2023,GON,CT,ANE,EN,Federal Contract Tower,0,5,13,0,18,0,5,84,0,89,0,10,97,0,107,70,0,70,177
05/04/2023,GON,CT,ANE,EN,Federal Contract Tower,0,3,14,0,17,0,0,34,0,34,0,3,48,0,51,54,2,56,107
05/05/2023,GON,CT,ANE,EN,Federal Contract Tower,0,6,15,0,21,0,0,65,0,65,0,6,80,0,86,90,0,90,176
05/06/2023,GON,CT,ANE,EN,Federal Contract Tower,0,4,12,0,16,0,6,160,1,167,0,10,172,1,183,40,0,40,223
05/07/2023,GON,CT,ANE,EN,Federal Contract Tower,0,7,19,1,27,0,15,132,2,149,0,22,151,3,176,120,0,120,296
05/08/2023,GON,CT,ANE,EN,Federal Contract Tower,0,3,8,4,15,0,2,72,1,75,0,5,80,5,90,64,0,64,154
05/09/2023,GON,CT,ANE,EN,Federal Contract Tower,0,5,11,6,22,0,0,91,0,91,0,5,102,6,113,104,4,108,221
05/10/2023,GON,CT,ANE,EN,Federal Contract Tower,0,8,21,6,35,0,0,65,11,76,0,8,86,17,111,48,0,48,159
05/11/2023,GON,CT,ANE,EN,Federal Contract Tower,0,1,23,3,27,0,0,94,1,95,0,1,117,4,122,58,2,60,182
05/12/2023,GON,CT,ANE,EN,Federal Contract Tower,0,4,16,2,22,0,0,115,4,119,0,4,131,6,141,66,4,70,211
05/13/2023,GON,CT,ANE,EN,Federal Contract Tower,0,1,8,1,10,0,0,98,0,98,0,1,106,1,108,66,0,66,174
05/14/2023,GON,CT,ANE,EN,Federal Contract Tower,0,0,12,0,12,0,3,100,0,103,0,3,112,0,115,54,0,54,169
05/15/2023,GON,CT,ANE,EN,Federal Contract Tower,0,4,10,0,14,0,0,103,2,105,0,4,113,2,119,42,2,44,163
05/16/2023,GON,CT,ANE,EN,Federal Contract Tower,0,11,17,7,35,0,1,49,2,52,0,12,66,9,87,54,0,54,141
05/17/2023,GON,CT,ANE,EN,Federal Contract Tower,0,7,11,5,23,0,3,38,10,51,0,10,49,15,74,28,0,28,102
05/18/2023,GON,CT,ANE,EN,Federal Contract Tower,0,2,22,1,25,0,0,119,3,122,0,2,141,4,147,98,0,98,245
05/19/2023,GON,CT,ANE,EN,Federal Contract Tower,0,3,18,3,24,0,0,85,2,87,0,3,103,5,111,42,0,42,153
05/20/2023,GON,CT,ANE,EN,Federal Contract Tower,0,6,18,0,24,0,0,0,0,0,0,6,18,0,24,0,0,0,24
05/21/2023,GON,CT,ANE,EN,Federal Contract Tower,0,2,12,2,16,0,1,102,4,107,0,3,114,6,123,98,8,106,229
05/22/2023,GON,CT,ANE,EN,Federal Contract Tower,0,3,15,0,18,0,3,89,2,94,0,6,104,2,112,48,0,48,160
05/23/2023,GON,CT,ANE,EN,Federal Contract Tower,0,9,16,0,25,0,6,83,1,90,0,15,99,1,115,60,0,60,175
05/24/2023,GON,CT,ANE,EN,Federal Contract Tower,0,11,19,3,33,0,1,101,7,109,0,12,120,10,142,36,16,52,194
05/25/2023,GON,CT,ANE,EN,Federal Contract Tower,0,6,15,2,23,0,4,123,5,132,0,10,138,7,155,64,0,64,219
05/26/2023,GON,CT,ANE,EN,Federal Contract Tower,0,6,10,1,17,0,13,123,2,138,0,19,133,3,155,104,0,104,259
05/27/2023,GON,CT,ANE,EN,Federal Contract Tower,0,8,6,0,14,0,3,106,0,109,0,11,112,0,123,98,0,98,221
05/28/2023,GON,CT,ANE,EN,Federal Contract Tower,0,2,3,0,5,0,3,92,1,96,0,5,95,1,101,88,0,88,189
05/29/2023,GON,CT,ANE,EN,Federal Contract Tower,0,10,7,0,17,0,2,63,0,65,0,12,70,0,82,34,0,34,116
05/30/2023,GON,CT,ANE,EN,Federal Contract Tower,0,3,14,5,22,0,2,71,3,76,0,5,85,8,98,80,2,82,180
05/31/2023,GON,CT,ANE,EN,Federal Contract Tower,0,4,10,2,16,0,2,71,6,79,0,6,81,8,95,60,8,68,163
06/01/2023,GON,CT,ANE,EN,Federal Contract Tower,0,6,5,2,13,0,1,91,1,93,0,7,96,3,106,52,10,62,168
06/02/2023,GON,CT,ANE,EN,Federal Contract Tower,0,1,14,0,15,0,0,84,5,89,0,1,98,5,104,76,0,76,180
06/03/2023,GON,CT,ANE,EN,Federal Contract Tower,0,2,20,4,26,0,1,16,1,18,0,3,36,5,44,0,0,0,44
06/04/2023,GON,CT,ANE,EN,Federal Contract Tower,0,5,12,2,19,0,1,51,8,60,0,6,63,10,79,54,30,84,163
06/05/2023,GON,CT,ANE,EN,Federal Contract Tower,0,4,16,1,21,0,0,49,8,57,0,4,65,9,78,40,2,42,120
06/06/2023,GON,CT,ANE,EN,Federal Contract Tower,0,5,19,0,24,0,4,32,12,48,0,9,51,12,72,72,24,96,168
06/07/2023,GON,CT,ANE,EN,Federal Contract Tower,0,6,20,2,28,0,0,34,4,38,0,6,54,6,66,56,0,56,122
06/08/2023,GON,CT,ANE,EN,Federal Contract Tower,0,5,19,3,27,0,0,64,7,71,0,5,83,10,98,60,2,62,160
06/09/2023,GON,CT,ANE,EN,Federal Contract Tower,0,7,19,2,28,0,2,70,8,80,0,9,89,10,108,62,18,80,188
06/10/2023,GON,CT,ANE,EN,Federal Contract Tower,0,1,13,0,14,0,0,113,10,123,0,1,126,10,137,92,0,92,229
06/11/2023,GON,CT,ANE,EN,Federal Contract Tower,0,8,18,0,26,0,6,122,5,133,0,14,140,5,159,114,14,128,287
06/12/2023,GON,CT,ANE,EN,Federal Contract Tower,0,6,18,2,26,0,1,36,13,50,0,7,54,15,76,32,0,32,108
06/13/2023,GON,CT,ANE,EN,Federal Contract Tower,0,2,15,11,28,0,0,51,2,53,0,2,66,13,81,52,0,52,133
06/14/2023,GON,CT,ANE,EN,Federal Contract Tower,0,12,9,0,21,0,3,47,4,54,0,15,56,4,75,32,2,34,109
06/15/2023,GON,CT,ANE,EN,Federal Contract Tower,0,14,23,0,37,0,2,105,3,110,0,16,128,3,147,140,0,140,287
06/16/2023,GON,CT,ANE,EN,Federal Contract Tower,0,14,22,3,39,0,2,78,0,80,0,16,100,3,119,46,0,46,165
06/17/2023,GON,CT,ANE,EN,Federal Contract Tower,0,8,13,1,22,0,0,24,0,24,0,8,37,1,46,32,0,32,78
06/18/2023,GON,CT,ANE,EN,Federal Contract Tower,0,4,12,0,16,0,2,94,0,96,0,6,106,0,112,94,0,94,206
06/19/2023,GON,CT,ANE,EN,Federal Contract Tower,0,6,23,0,29,0,7,118,0,125,0,13,141,0,154,76,0,76,230
06/20/2023,GON,CT,ANE,EN,Federal Contract Tower,0,2,15,0,17,0,2,86,0,88,0,4,101,0,105,82,0,82,187
06/21/2023,GON,CT,ANE,EN,Federal Contract Tower,0,3,18,0,21,0,4,80,11,95,0,7,98,11,116,62,10,72,188
06/22/2023,GON,CT,ANE,EN,Federal Contract Tower,0,6,23,0,29,0,0,29,0,29,0,6,52,0,58,58,0,58,116
06/23/2023,GON,CT,ANE,EN,Federal Contract Tower,0,12,40,3,55,0,2,14,1,17,0,14,54,4,72,10,2,12,84
06/24/2023,GON,CT,ANE,EN,Federal Contract Tower,0,6,15,0,21,0,2,3,0,5,0,8,18,0,26,0,0,0,26
06/25/2023,GON,CT,ANE,EN,Federal Contract Tower,0,7,32,2,41,0,1,16,0,17,0,8,48,2,58,12,2,14,72
06/26/2023,GON,CT,ANE,EN,Federal Contract Tower,0,5,23,0,28,0,0,1,0,1,0,5,24,0,29,0,0,0,29
06/27/2023,GON,CT,ANE,EN,Federal Contract Tower,0,10,32,1,43,0,1,19,0,20,0,11,51,1,63,20,0,20,83
06/28/2023,GON,CT,ANE,EN,Federal Contract Tower,0,4,18,2,24,0,3,16,0,19,0,7,34,2,43,36,0,36,79
06/29/2023,GON,CT,ANE,EN,Federal Contract Tower,0,6,59,3,68,0,4,142,9,155,0,10,201,12,223,124,12,136,359
06/30/2023,GON,CT,ANE,EN,Federal Contract Tower,0,15,42,0,57,0,4,100,0,104,0,19,142,0,161,104,0,104,265
07/01/2023,GON,CT,ANE,EN,Federal Contract Tower,0,10,32,0,42,0,3,53,0,56,0,13,85,0,98,90,0,90,188
07/02/2023,GON,CT,ANE,EN,Federal Contract Tower,0,10,16,0,26,0,0,12,0,12,0,10,28,0,38,36,0,36,74
07/03/2023,GON,CT,ANE,EN,Federal Contract Tower,0,5,7,0,12,0,1,54,0,55,0,6,61,0,67,42,0,42,109
07/04/2023,GON,CT,ANE,EN,Federal Contract Tower,0,2,5,0,7,0,0,11,0,11,0,2,16,0,18,42,0,42,60
07/05/2023,GON,CT,ANE,EN,Federal Contract Tower,0,8,29,5,42,0,6,77,3,86,0,14,106,8,128,24,0,24,152
07/06/2023,GON,CT,ANE,EN,Federal Contract Tower,0,7,24,0,31,0,0,99,3,102,0,7,123,3,133,94,0,94,227
07/07/2023,GON,CT,ANE,EN,Federal Contract Tower,0,9,33,0,42,0,0,25,5,30,0,9,58,5,72,6,0,6,78
07/08/2023,GON,CT,ANE,EN,Federal Contract Tower,0,17,18,0,35,0,3,62,0,65,0,20,80,0,100,66,0,66,166
07/09/2023,GON,CT,ANE,EN,Federal Contract Tower,0,6,21,2,29,0,0,15,0,15,0,6,36,2,44,12,0,12,56
07/10/2023,GON,CT,ANE,EN,Federal Contract Tower,0,9,22,2,33,0,0,10,0,10,0,9,32,2,43,0,0,0,43
07/11/2023,GON,CT,ANE,EN,Federal Contract Tower,0,5,25,3,33,0,6,105,5,116,0,11,130,8,149,80,16,96,245
07/12/2023,GON,CT,ANE,EN,Federal Contract Tower,0,3,28,0,31,0,2,139,4,145,0,5,167,4,176,130,0,130,306
07/13/2023,GON,CT,ANE,EN,Federal Contract Tower,0,5,16,3,24,0,1,103,3,107,0,6,119,6,131,102,2,104,235
07/14/2023,GON,CT,ANE,EN,Federal Contract Tower,0,9,23,0,32,0,4,37,0,41,0,13,60,0,73,18,0,18,91
07/15/2023,GON,CT,ANE,EN,Federal Contract Tower,0,12,14,0,26,0,39,2,0,41,0,51,16,0,67,52,0,52,119
07/16/2023,GON,CT,ANE,EN,Federal Contract Tower,0,11,13,0,24,0,0,1,0,1,0,11,14,0,25,0,0,0,25
07/17/2023,GON,CT,ANE,EN,Federal Contract Tower,0,9,19,0,28,0,2,66,2,70,0,11,85,2,98,20,2,22,120
07/18/2023,GON,CT,ANE,EN,Federal Contract Tower,0,4,47,0,51,0,0,8,0,8,0,4,55,0,59,8,0,8,67
07/19/2023,GON,CT,ANE,EN,Federal Contract Tower,0,6,30,2,38,0,1,86,5,92,0,7,116,7,130,74,0,74,204
07/20/2023,GON,CT,ANE,EN,Federal Contract Tower,0,12,9,2,23,0,13,135,4,152,0,25,144,6,175,124,0,124,299
07/21/2023,GON,CT,ANE,EN,Federal Contract Tower,0,15,22,2,39,0,1,57,0,58,0,16,79,2,97,110,10,120,217
07/22/2023,GON,CT,ANE,EN,Federal Contract Tower,0,8,15,0,23,0,1,110,11,122,0,9,125,11,145,104,4,108,253
07/23/2023,GON,CT,ANE,EN,Federal Contract Tower,0,8,13,1,22,0,3,134,4,141,0,11,147,5,163,78,2,80,243
07/24/2023,GON,CT,ANE,EN,Federal Contract Tower,0,5,26,3,34,0,6,114,0,120,0,11,140,3,154,80,0,80,234
07/25/2023,GON,CT,ANE,EN,Federal Contract Tower,0,2,16,1,19,0,2,52,9,63,0,4,68,10,82,80,6,86,168
07/26/2023,GON,CT,ANE,EN,Federal Contract Tower,0,6,26,2,34,0,0,119,1,120,0,6,145,3,154,89,4,93,247
07/27/2023,GON,CT,ANE,EN,Federal Contract Tower,0,9,12,2,23,0,2,76,0,78,0,11,88,2,101,56,0,56,157
07/28/2023,GON,CT,ANE,EN,Federal Contract Tower,0,6,17,0,23,0,1,88,4,93,0,7,105,4,116,108,2,110,226
07/29/2023,GON,CT,ANE,EN,Federal Contract Tower,0,2,8,0,10,0,6,57,2,65,0,8,65,2,75,26,0,26,101
07/30/2023,GON,CT,ANE,EN,Federal Contract Tower,0,5,29,0,34,0,4,125,14,143,0,9,154,14,177,74,0,74,251
07/31/2023,GON,CT,ANE,EN,Federal Contract Tower,0,8,11,0,19,0,1,105,10,116,0,9,116,10,135,110,0,110,245
08/01/2023,GON,CT,ANE,EN,Federal Contract Tower,0,7,12,0,19,0,3,104,2,109,0,10,116,2,128,46,0,46,174
08/02/2023,GON,CT,ANE,EN,Federal Contract Tower,0,13,11,1,25,0,1,122,8,131,0,14,133,9,156,100,2,102,258
08/03/2023,GON,CT,ANE,EN,Federal Contract Tower,0,16,23,0,39,0,2,118,2,122,0,18,141,2,161,120,0,120,281
08/04/2023,GON,CT,ANE,EN,Federal Contract Tower,0,8,23,0,31,0,4,74,0,78,0,12,97,0,109,48,0,48,157
08/05/2023,GON,CT,ANE,EN,Federal Contract Tower,0,5,13,2,20,0,1,118,3,122,0,6,131,5,142,92,0,92,234
08/06/2023,GON,CT,ANE,EN,Federal Contract Tower,1,7,11,0,19,0,2,129,0,131,1,9,140,0,150,84,0,84,234
08/07/2023,GON,CT,ANE,EN,Federal Contract Tower,1,0,25,0,26,0,4,28,0,32,1,4,53,0,58,50,0,50,108
08/08/2023,GON,CT,ANE,EN,Federal Contract Tower,0,15,14,0,29,0,2,60,0,62,0,17,74,0,91,88,0,88,179
08/09/2023,GON,CT,ANE,EN,Federal Contract Tower,0,4,22,5,31,0,6,101,4,111,0,10,123,9,142,64,0,64,206
08/10/2023,GON,CT,ANE,EN,Federal Contract Tower,0,18,24,1,43,0,6,113,1,120,0,24,137,2,163,110,0,110,273
08/11/2023,GON,CT,ANE,EN,Federal Contract Tower,0,10,14,2,26,0,2,150,0,152,0,12,164,2,178,52,0,52,230
08/12/2023,GON,CT,ANE,EN,Federal Contract Tower,0,4,12,2,18,0,1,85,0,86,0,5,97,2,104,80,0,80,184
08/13/2023,GON,CT,ANE,EN,Federal Contract Tower,0,13,21,0,34,0,1,84,7,92,0,14,105,7,126,58,0,58,184
08/14/2023,GON,CT,ANE,EN,Federal Contract Tower,0,3,24,2,29,0,1,147,1,149,0,4,171,3,178,64,0,64,242
08/15/2023,GON,CT,ANE,EN,Federal Contract Tower,0,6,24,2,32,0,5,14,2,21,0,11,38,4,53,16,0,16,69
08/16/2023,GON,CT,ANE,EN,Federal Contract Tower,0,12,29,1,42,0,3,8,2,13,0,15,37,3,55,0,0,0,55
08/17/2023,GON,CT,ANE,EN,Federal Contract Tower,0,18,54,1,73,0,0,7,1,8,0,18,61,2,81,2,0,2,83
08/18/2023,GON,CT,ANE,EN,Federal Contract Tower,0,10,14,0,24,0,1,75,0,76,0,11,89,0,100,44,0,44,144
08/19/2023,GON,CT,ANE,EN,Federal Contract Tower,0,3,7,0,10,0,3,144,0,147,0,6,151,0,157,150,0,150,307
08/20/2023,GON,CT,ANE,EN,Federal Contract Tower,0,8,10,0,18,0,9,140,0,149,0,17,150,0,167,68,0,68,235
08/21/2023,GON,CT,ANE,EN,Federal Contract Tower,0,5,21,0,26,0,3,84,2,89,0,8,105,2,115,42,0,42,157
08/22/2023,GON,CT,ANE,EN,Federal Contract Tower,0,4,12,1,17,0,0,67,2,69,0,4,79,3,86,22,0,22,108
08/23/2023,GON,CT,ANE,EN,Federal Contract Tower,0,10,21,0,31,0,2,137,2,141,0,12,158,2,172,22,0,22,194
08/24/2023,GON,CT,ANE,EN,Federal Contract Tower,0,13,14,1,28,0,5,72,1,78,0,18,86,2,106,42,0,42,148
08/25/2023,GON,CT,ANE,EN,Federal Contract Tower,0,16,16,0,32,0,0,12,0,12,0,16,28,0,44,4,0,4,48
08/26/2023,GON,CT,ANE,EN,Federal Contract Tower,0,12,5,0,17,0,0,69,0,69,0,12,74,0,86,80,0,80,166
08/27/2023,GON,CT,ANE,EN,Federal Contract Tower,0,4,19,0,23,0,5,89,0,94,0,9,108,0,117,110,0,110,227
08/28/2023,GON,CT,ANE,EN,Federal Contract Tower,0,11,23,0,34,0,1,37,0,38,0,12,60,0,72,40,0,40,112
08/29/2023,GON,CT,ANE,EN,Federal Contract Tower,0,13,23,7,43,0,0,0,0,0,0,13,23,7,43,0,0,0,43
08/30/2023,GON,CT,ANE,EN,Federal Contract Tower,0,13,27,0,40,0,3,47,0,50,0,16,74,0,90,60,0,60,150
08/31/2023,GON,CT,ANE,EN,Federal Contract Tower,0,8,14,1,23,0,4,79,7,90,0,12,93,8,113,70,2,72,185
