01/01/2000,ATW,WI,AGL,CE,Federal Contract Tower,12,26,12,0,50,2,0,39,0,41,14,26,51,0,91,28,0,28,119
01/02/2000,ATW,WI,AGL,CE,Federal Contract Tower,11,25,11,0,47,3,2,15,0,20,14,27,26,0,67,8,0,8,75
01/03/2000,ATW,WI,AGL,CE,Federal Contract Tower,18,45,20,0,83,1,1,0,0,2,19,46,20,0,85,0,0,0,85
01/04/2000,ATW,WI,AGL,CE,Federal Contract Tower,20,48,21,0,89,3,1,6,0,10,23,49,27,0,99,14,0,14,113
01/05/2000,ATW,WI,AGL,CE,Federal Contract Tower,27,57,29,0,113,0,0,31,0,31,27,57,60,0,144,16,0,16,160
01/06/2000,ATW,WI,AGL,CE,Federal Contract Tower,23,56,24,0,103,0,1,12,0,13,23,57,36,0,116,10,0,10,126
01/07/2000,ATW,WI,AGL,CE,Federal Contract Tower,20,48,21,0,89,4,7,34,0,45,24,55,55,0,134,50,0,50,184
01/08/2000,ATW,WI,AGL,CE,Federal Contract Tower,15,37,16,0,68,1,2,55,0,58,16,39,71,0,126,62,0,62,188
01/09/2000,ATW,WI,AGL,CE,Federal Contract Tower,2,3,0,0,5,1,0,0,0,1,3,3,0,0,6,0,0,0,6
01/10/2000,ATW,WI,AGL,CE,Federal Contract Tower,20,49,21,0,90,2,0,5,0,7,22,49,26,0,97,0,0,0,97
01/11/2000,ATW,WI,AGL,CE,Federal Contract Tower,20,60,27,0,107,0,0,17,0,17,20,60,44,0,124,20,0,20,144
01/12/2000,ATW,WI,AGL,CE,Federal Contract Tower,18,39,19,0,76,4,0,8,0,12,22,39,27,0,88,2,0,2,90
01/13/2000,ATW,WI,AGL,CE,Federal Contract Tower,22,55,24,0,101,4,2,19,0,25,26,57,43,0,126,22,0,22,148
01/14/2000,ATW,WI,AGL,CE,Federal Contract Tower,21,54,24,0,99,5,0,24,0,29,26,54,48,0,128,44,0,44,172
01/15/2000,ATW,WI,AGL,CE,Federal Contract Tower,12,32,13,0,57,3,8,47,0,58,15,40,60,0,115,110,0,110,225
01/16/2000,ATW,WI,AGL,CE,Federal Contract Tower,16,42,18,0,76,1,12,31,0,44,17,54,49,0,120,94,0,94,214
01/17/2000,ATW,WI,AGL,CE,Federal Contract Tower,16,42,19,0,77,0,0,4,0,4,16,42,23,0,81,2,0,2,83
01/18/2000,ATW,WI,AGL,CE,Federal Contract Tower,25,68,29,0,122,0,0,22,0,22,25,68,51,0,144,14,2,16,160
01/19/2000,ATW,WI,AGL,CE,Federal Contract Tower,19,41,25,0,85,0,0,29,0,29,19,41,54,0,114,24,2,26,140
01/20/2000,ATW,WI,AGL,CE,Federal Contract Tower,23,76,33,0,132,0,1,54,0,55,23,77,87,0,187,26,0,26,213
01/21/2000,ATW,WI,AGL,CE,Federal Contract Tower,23,52,26,0,101,1,0,58,0,59,24,52,84,0,160,0,0,0,160
01/22/2000,ATW,WI,AGL,CE,Federal Contract Tower,14,36,6,0,56,0,13,0,0,13,14,49,6,0,69,8,0,8,77
01/23/2000,ATW,WI,AGL,CE,Federal Contract Tower,14,37,16,0,67,2,1,24,0,27,16,38,40,0,94,14,0,14,108
01/24/2000,ATW,WI,AGL,CE,Federal Contract Tower,20,50,25,0,95,0,0,41,0,41,20,50,66,0,136,22,0,22,158
01/25/2000,ATW,WI,AGL,CE,Federal Contract Tower,24,56,26,0,106,0,0,32,0,32,24,56,58,0,138,16,0,16,154
01/26/2000,ATW,WI,AGL,CE,Federal Contract Tower,23,59,25,0,107,0,0,23,0,23,23,59,48,0,130,50,0,50,180
01/27/2000,ATW,WI,AGL,CE,Federal Contract Tower,23,57,28,0,108,0,0,51,0,51,23,57,79,0,159,56,0,56,215
01/28/2000,ATW,WI,AGL,CE,Federal Contract Tower,23,62,28,0,113,0,0,53,2,55,23,62,81,2,168,92,0,92,260
01/29/2000,ATW,WI,AGL,CE,Federal Contract Tower,14,39,16,0,69,0,11,42,0,53,14,50,58,0,122,52,0,52,174
01/30/2000,ATW,WI,AGL,CE,Federal Contract Tower,14,47,19,0,80,0,18,0,0,18,14,65,19,0,98,36,0,36,134
01/31/2000,ATW,WI,AGL,CE,Federal Contract Tower,17,63,27,0,107,0,3,12,0,15,17,66,39,0,122,60,0,60,182
02/01/2000,ATW,WI,AGL,CE,Federal Contract Tower,25,75,40,0,140,0,12,29,0,41,25,87,69,0,181,40,0,40,221
02/02/2000,ATW,WI,AGL,CE,Federal Contract Tower,24,55,32,0,111,0,0,26,2,28,24,55,58,2,139,12,0,12,151
02/03/2000,ATW,WI,AGL,CE,Federal Contract Tower,27,64,24,0,115,6,5,0,0,11,33,69,24,0,126,6,0,6,132
02/04/2000,ATW,WI,AGL,CE,Federal Contract Tower,20,52,32,0,104,0,0,51,5,56,20,52,83,5,160,28,4,32,192
02/05/2000,ATW,WI,AGL,CE,Federal Contract Tower,16,37,19,0,72,0,9,86,0,95,16,46,105,0,167,152,0,152,319
02/06/2000,ATW,WI,AGL,CE,Federal Contract Tower,19,49,26,0,94,0,19,27,0,46,19,68,53,0,140,62,0,62,202
02/07/2000,ATW,WI,AGL,CE,Federal Contract Tower,21,52,28,0,101,0,10,51,0,61,21,62,79,0,162,56,0,56,218
02/08/2000,ATW,WI,AGL,CE,Federal Contract Tower,22,60,33,0,115,0,0,31,0,31,22,60,64,0,146,18,0,18,164
02/09/2000,ATW,WI,AGL,CE,Federal Contract Tower,18,48,26,0,92,0,8,6,0,14,18,56,32,0,106,56,0,56,162
02/10/2000,ATW,WI,AGL,CE,Federal Contract Tower,23,49,28,0,100,0,0,3,0,3,23,49,31,0,103,0,0,0,103
02/11/2000,ATW,WI,AGL,CE,Federal Contract Tower,23,53,30,0,106,0,0,55,0,55,23,53,85,0,161,14,4,18,179
02/12/2000,ATW,WI,AGL,CE,Federal Contract Tower,17,39,21,0,77,2,0,24,0,26,19,39,45,0,103,118,0,118,221
02/13/2000,ATW,WI,AGL,CE,Federal Contract Tower,14,33,15,0,62,3,3,0,0,6,17,36,15,0,68,0,0,0,68
02/14/2000,ATW,WI,AGL,CE,Federal Contract Tower,21,53,29,0,103,3,0,17,0,20,24,53,46,0,123,38,0,38,161
02/15/2000,ATW,WI,AGL,CE,Federal Contract Tower,22,54,29,0,105,4,0,2,0,6,26,54,31,0,111,10,0,10,121
02/16/2000,ATW,WI,AGL,CE,Federal Contract Tower,27,52,35,0,114,1,0,58,0,59,28,52,93,0,173,86,0,86,259
02/17/2000,ATW,WI,AGL,CE,Federal Contract Tower,18,47,24,1,90,0,4,8,1,13,18,51,32,2,103,12,0,12,115
02/18/2000,ATW,WI,AGL,CE,Federal Contract Tower,17,43,22,0,82,0,0,11,0,11,17,43,33,0,93,18,0,18,111
02/19/2000,ATW,WI,AGL,CE,Federal Contract Tower,15,37,21,0,73,0,0,44,0,44,15,37,65,0,117,22,0,22,139
02/20/2000,ATW,WI,AGL,CE,Federal Contract Tower,15,37,19,0,71,4,0,48,0,52,19,37,67,0,123,48,0,48,171
02/21/2000,ATW,WI,AGL,CE,Federal Contract Tower,23,56,30,0,109,4,0,28,0,32,27,56,58,0,141,74,0,74,215
02/22/2000,ATW,WI,AGL,CE,Federal Contract Tower,22,59,34,0,115,0,0,42,0,42,22,59,76,0,157,82,0,82,239
02/23/2000,ATW,WI,AGL,CE,Federal Contract Tower,22,58,33,0,113,0,0,28,0,28,22,58,61,0,141,36,0,36,177
02/24/2000,ATW,WI,AGL,CE,Federal Contract Tower,7,21,12,0,40,0,0,5,0,5,7,21,17,0,45,2,0,2,47
02/25/2000,ATW,WI,AGL,CE,Federal Contract Tower,2,0,3,0,5,1,0,5,0,6,3,0,8,0,11,0,0,0,11
02/26/2000,ATW,WI,AGL,CE,Federal Contract Tower,13,34,18,0,65,5,1,10,0,16,18,35,28,0,81,12,0,12,93
02/27/2000,ATW,WI,AGL,CE,Federal Contract Tower,15,38,19,0,72,1,9,20,0,30,16,47,39,0,102,26,0,26,128
02/28/2000,ATW,WI,AGL,CE,Federal Contract Tower,23,53,30,0,106,0,0,51,0,51,23,53,81,0,157,72,0,72,229
02/29/2000,ATW,WI,AGL,CE,Federal Contract Tower,20,50,26,0,96,2,0,27,0,29,22,50,53,0,125,28,0,28,153
03/01/2000,ATW,WI,AGL,CE,Federal Contract Tower,24,57,34,0,115,0,1,28,0,29,24,58,62,0,144,16,0,16,160
03/02/2000,ATW,WI,AGL,CE,Federal Contract Tower,24,54,32,0,110,0,0,39,0,39,24,54,71,0,149,26,0,26,175
03/03/2000,ATW,WI,AGL,CE,Federal Contract Tower,26,58,38,0,122,0,0,106,0,106,26,58,144,0,228,110,0,110,338
03/04/2000,ATW,WI,AGL,CE,Federal Contract Tower,18,41,25,0,84,2,7,99,0,108,20,48,124,0,192,132,2,134,326
03/05/2000,ATW,WI,AGL,CE,Federal Contract Tower,15,34,21,0,70,4,6,64,0,74,19,40,85,0,144,38,0,38,182
03/06/2000,ATW,WI,AGL,CE,Federal Contract Tower,20,50,32,0,102,0,0,57,0,57,20,50,89,0,159,38,0,38,197
03/07/2000,ATW,WI,AGL,CE,Federal Contract Tower,20,51,36,0,107,0,0,41,0,41,20,51,77,0,148,24,0,24,172
03/08/2000,ATW,WI,AGL,CE,Federal Contract Tower,22,51,31,0,104,0,0,15,0,15,22,51,46,0,119,8,0,8,127
03/09/2000,ATW,WI,AGL,CE,Federal Contract Tower,23,47,30,0,100,0,0,5,0,5,23,47,35,0,105,0,0,0,105
03/10/2000,ATW,WI,AGL,CE,Federal Contract Tower,22,48,29,0,99,1,0,21,0,22,23,48,50,0,121,62,0,62,183
03/11/2000,ATW,WI,AGL,CE,Federal Contract Tower,14,32,19,0,65,4,7,51,0,62,18,39,70,0,127,102,0,102,229
03/12/2000,ATW,WI,AGL,CE,Federal Contract Tower,15,33,20,0,68,2,7,16,0,25,17,40,36,0,93,40,0,40,133
03/13/2000,ATW,WI,AGL,CE,Federal Contract Tower,22,49,29,0,100,0,0,16,0,16,22,49,45,0,116,30,0,30,146
03/14/2000,ATW,WI,AGL,CE,Federal Contract Tower,25,57,32,0,114,3,0,67,0,70,28,57,99,0,184,62,0,62,246
03/15/2000,ATW,WI,AGL,CE,Federal Contract Tower,18,51,31,0,100,0,0,12,0,12,18,51,43,0,112,6,0,6,118
03/16/2000,ATW,WI,AGL,CE,Federal Contract Tower,19,47,27,0,93,1,8,41,0,50,20,55,68,0,143,30,6,36,179
03/17/2000,ATW,WI,AGL,CE,Federal Contract Tower,24,56,33,0,113,2,0,62,0,64,26,56,95,0,177,92,0,92,269
03/18/2000,ATW,WI,AGL,CE,Federal Contract Tower,16,39,22,0,77,1,6,13,0,20,17,45,35,0,97,14,0,14,111
03/19/2000,ATW,WI,AGL,CE,Federal Contract Tower,14,34,12,0,60,2,6,0,0,8,16,40,12,0,68,0,0,0,68
03/20/2000,ATW,WI,AGL,CE,Federal Contract Tower,17,41,23,0,81,0,2,0,0,2,17,43,23,0,83,2,0,2,85
03/21/2000,ATW,WI,AGL,CE,Federal Contract Tower,17,32,24,0,73,5,0,6,0,11,22,32,30,0,84,0,0,0,84
03/22/2000,ATW,WI,AGL,CE,Federal Contract Tower,20,50,29,0,99,2,1,15,0,18,22,51,44,0,117,12,0,12,129
03/23/2000,ATW,WI,AGL,CE,Federal Contract Tower,19,48,34,0,101,0,0,46,0,46,19,48,80,0,147,60,0,60,207
03/24/2000,ATW,WI,AGL,CE,Federal Contract Tower,19,65,37,0,121,0,9,2,0,11,19,74,39,0,132,0,0,0,132
03/25/2000,ATW,WI,AGL,CE,Federal Contract Tower,15,38,22,0,75,5,5,2,0,12,20,43,24,0,87,20,0,20,107
03/26/2000,ATW,WI,AGL,CE,Federal Contract Tower,19,46,27,0,92,1,1,63,0,65,20,47,90,0,157,20,0,20,177
03/27/2000,ATW,WI,AGL,CE,Federal Contract Tower,22,60,35,0,117,0,0,12,0,12,22,60,47,0,129,8,0,8,137
03/28/2000,ATW,WI,AGL,CE,Federal Contract Tower,23,55,32,0,110,0,0,12,0,12,23,55,44,0,122,14,0,14,136
03/29/2000,ATW,WI,AGL,CE,Federal Contract Tower,20,45,29,0,94,1,0,63,0,64,21,45,92,0,158,60,0,60,218
03/30/2000,ATW,WI,AGL,CE,Federal Contract Tower,21,51,31,0,103,0,0,60,0,60,21,51,91,0,163,46,0,46,209
03/31/2000,ATW,WI,AGL,CE,Federal Contract Tower,21,51,34,0,106,0,0,53,0,53,21,51,87,0,159,20,0,20,179
04/01/2000,ATW,WI,AGL,CE,Federal Contract Tower,12,28,16,0,56,2,5,50,0,57,14,33,66,0,113,28,0,28,141
04/02/2000,ATW,WI,AGL,CE,Federal Contract Tower,12,26,14,0,52,0,9,67,0,76,12,35,81,0,128,40,0,40,168
04/03/2000,ATW,WI,AGL,CE,Federal Contract Tower,19,51,27,0,97,0,2,30,0,32,19,53,57,0,129,16,0,16,145
04/04/2000,ATW,WI,AGL,CE,Federal Contract Tower,18,42,22,0,82,2,1,22,0,25,20,43,44,0,107,80,0,80,187
04/05/2000,ATW,WI,AGL,CE,Federal Contract Tower,20,51,30,0,101,0,0,40,0,40,20,51,70,0,141,32,0,32,173
04/06/2000,ATW,WI,AGL,CE,Federal Contract Tower,20,50,28,0,98,0,0,28,0,28,20,50,56,0,126,16,0,16,142
04/07/2000,ATW,WI,AGL,CE,Federal Contract Tower,17,56,30,0,103,0,6,1,0,7,17,62,31,0,110,10,0,10,120
04/08/2000,ATW,WI,AGL,CE,Federal Contract Tower,12,27,15,0,54,4,8,61,0,73,16,35,76,0,127,90,2,92,219
04/09/2000,ATW,WI,AGL,CE,Federal Contract Tower,14,31,17,0,62,2,6,18,0,26,16,37,35,0,88,24,0,24,112
04/10/2000,ATW,WI,AGL,CE,Federal Contract Tower,21,48,28,0,97,0,0,44,0,44,21,48,72,0,141,24,0,24,165
04/11/2000,ATW,WI,AGL,CE,Federal Contract Tower,22,48,27,0,97,1,0,4,0,5,23,48,31,0,102,12,0,12,114
04/12/2000,ATW,WI,AGL,CE,Federal Contract Tower,24,53,31,0,108,0,0,50,0,50,24,53,81,0,158,24,2,26,184
04/13/2000,ATW,WI,AGL,CE,Federal Contract Tower,21,56,30,0,107,0,1,23,0,24,21,57,53,0,131,2,2,4,135
04/14/2000,ATW,WI,AGL,CE,Federal Contract Tower,24,54,35,0,113,0,0,53,0,53,24,54,88,0,166,56,0,56,222
04/15/2000,ATW,WI,AGL,CE,Federal Contract Tower,14,34,13,0,61,0,12,0,0,12,14,46,13,0,73,0,0,0,73
04/16/2000,ATW,WI,AGL,CE,Federal Contract Tower,10,25,4,0,39,3,7,0,0,10,13,32,4,0,49,0,0,0,49
04/17/2000,ATW,WI,AGL,CE,Federal Contract Tower,20,49,24,0,93,3,0,0,0,3,23,49,24,0,96,0,0,0,96
04/18/2000,ATW,WI,AGL,CE,Federal Contract Tower,22,47,29,0,98,3,0,17,0,20,25,47,46,0,118,28,0,28,146
04/19/2000,ATW,WI,AGL,CE,Federal Contract Tower,16,50,29,0,95,0,0,16,0,16,16,50,45,0,111,4,2,6,117
04/20/2000,ATW,WI,AGL,CE,Federal Contract Tower,16,37,22,0,75,2,0,3,0,5,18,37,25,0,80,0,0,0,80
04/21/2000,ATW,WI,AGL,CE,Federal Contract Tower,17,42,22,0,81,0,4,42,0,46,17,46,64,0,127,30,0,30,157
04/22/2000,ATW,WI,AGL,CE,Federal Contract Tower,13,33,17,0,63,1,4,80,0,85,14,37,97,0,148,80,0,80,228
04/23/2000,ATW,WI,AGL,CE,Federal Contract Tower,14,35,18,0,67,2,7,35,0,44,16,42,53,0,111,34,0,34,145
04/24/2000,ATW,WI,AGL,CE,Federal Contract Tower,24,47,31,0,102,1,0,54,0,55,25,47,85,0,157,70,0,70,227
04/25/2000,ATW,WI,AGL,CE,Federal Contract Tower,22,52,35,0,109,0,0,112,0,112,22,52,147,0,221,76,0,76,297
04/26/2000,ATW,WI,AGL,CE,Federal Contract Tower,22,53,28,0,103,2,0,132,0,134,24,53,160,0,237,102,0,102,339
04/27/2000,ATW,WI,AGL,CE,Federal Contract Tower,23,61,32,0,116,0,0,101,0,101,23,61,133,0,217,128,2,130,347
04/28/2000,ATW,WI,AGL,CE,Federal Contract Tower,22,53,34,0,109,0,0,37,0,37,22,53,71,0,146,38,4,42,188
04/29/2000,ATW,WI,AGL,CE,Federal Contract Tower,13,33,17,0,63,4,3,31,0,38,17,36,48,0,101,70,4,74,175
04/30/2000,ATW,WI,AGL,CE,Federal Contract Tower,14,35,19,0,68,4,5,99,0,108,18,40,118,0,176,98,0,98,274
05/01/2000,ATW,WI,AGL,CE,Federal Contract Tower,24,42,31,0,97,4,4,32,0,40,28,46,63,0,137,82,0,82,219
05/02/2000,ATW,WI,AGL,CE,Federal Contract Tower,25,43,31,0,99,3,4,73,0,80,28,47,104,0,179,104,0,104,283
05/03/2000,ATW,WI,AGL,CE,Federal Contract Tower,28,44,39,0,111,0,0,53,6,59,28,44,92,6,170,78,2,80,250
05/04/2000,ATW,WI,AGL,CE,Federal Contract Tower,28,48,40,0,116,0,0,43,0,43,28,48,83,0,159,40,0,40,199
05/05/2000,ATW,WI,AGL,CE,Federal Contract Tower,26,44,35,0,105,0,0,59,0,59,26,44,94,0,164,43,0,43,207
05/06/2000,ATW,WI,AGL,CE,Federal Contract Tower,17,30,22,0,69,1,2,93,0,96,18,32,115,0,165,48,0,48,213
05/07/2000,ATW,WI,AGL,CE,Federal Contract Tower,17,29,21,0,67,4,2,29,0,35,21,31,50,0,102,52,0,52,154
05/08/2000,ATW,WI,AGL,CE,Federal Contract Tower,19,40,27,0,86,0,8,0,0,8,19,48,27,0,94,6,0,6,100
05/09/2000,ATW,WI,AGL,CE,Federal Contract Tower,20,45,32,0,97,0,1,121,0,122,20,46,153,0,219,30,0,30,249
05/10/2000,ATW,WI,AGL,CE,Federal Contract Tower,30,48,37,0,115,0,0,76,0,76,30,48,113,0,191,112,0,112,303
05/11/2000,ATW,WI,AGL,CE,Federal Contract Tower,24,41,31,0,96,0,0,13,0,13,24,41,44,0,109,10,0,10,119
05/12/2000,ATW,WI,AGL,CE,Federal Contract Tower,23,34,28,0,85,5,0,4,0,9,28,34,32,0,94,4,0,4,98
05/13/2000,ATW,WI,AGL,CE,Federal Contract Tower,12,31,23,0,66,0,0,34,0,34,12,31,57,0,100,20,0,20,120
05/14/2000,ATW,WI,AGL,CE,Federal Contract Tower,18,31,23,0,72,1,0,35,0,36,19,31,58,0,108,6,0,6,114
05/15/2000,ATW,WI,AGL,CE,Federal Contract Tower,25,43,31,0,99,2,2,49,0,53,27,45,80,0,152,82,0,82,234
05/16/2000,ATW,WI,AGL,CE,Federal Contract Tower,25,50,34,0,109,0,0,20,0,20,25,50,54,0,129,20,0,20,149
05/17/2000,ATW,WI,AGL,CE,Federal Contract Tower,27,49,33,0,109,1,0,10,0,11,28,49,43,0,120,7,0,7,127
05/18/2000,ATW,WI,AGL,CE,Federal Contract Tower,20,41,27,0,88,0,0,4,0,4,20,41,31,0,92,0,0,0,92
05/19/2000,ATW,WI,AGL,CE,Federal Contract Tower,27,48,35,0,110,0,0,74,0,74,27,48,109,0,184,48,0,48,232
05/20/2000,ATW,WI,AGL,CE,Federal Contract Tower,19,36,24,0,79,2,10,104,0,116,21,46,128,0,195,158,0,158,353
05/21/2000,ATW,WI,AGL,CE,Federal Contract Tower,17,33,22,0,72,5,1,45,0,51,22,34,67,0,123,60,0,60,183
05/22/2000,ATW,WI,AGL,CE,Federal Contract Tower,28,53,38,0,119,0,0,44,0,44,28,53,82,0,163,98,0,98,261
05/23/2000,ATW,WI,AGL,CE,Federal Contract Tower,25,42,31,0,98,7,0,42,0,49,32,42,73,0,147,20,0,20,167
05/24/2000,ATW,WI,AGL,CE,Federal Contract Tower,24,40,32,0,96,4,0,28,0,32,28,40,60,0,128,36,6,42,170
05/25/2000,ATW,WI,AGL,CE,Federal Contract Tower,22,40,28,0,90,0,2,45,0,47,22,42,73,0,137,40,2,42,179
05/26/2000,ATW,WI,AGL,CE,Federal Contract Tower,24,55,40,0,119,0,0,47,0,47,24,55,87,0,166,26,0,26,192
05/27/2000,ATW,WI,AGL,CE,Federal Contract Tower,10,22,15,0,47,0,9,26,0,35,10,31,41,0,82,6,0,6,88
05/28/2000,ATW,WI,AGL,CE,Federal Contract Tower,12,22,15,0,49,1,5,32,0,38,13,27,47,0,87,48,0,48,135
05/29/2000,ATW,WI,AGL,CE,Federal Contract Tower,20,37,26,0,83,3,8,59,0,70,23,45,85,0,153,56,0,56,209
05/30/2000,ATW,WI,AGL,CE,Federal Contract Tower,23,54,38,0,115,0,3,4,0,7,23,57,42,0,122,0,0,0,122
05/31/2000,ATW,WI,AGL,CE,Federal Contract Tower,27,50,35,0,112,0,1,21,0,22,27,51,56,0,134,60,0,60,194
06/01/2000,ATW,WI,AGL,CE,Federal Contract Tower,22,43,16,0,81,5,8,0,0,13,27,51,16,0,94,0,0,0,94
06/02/2000,ATW,WI,AGL,CE,Federal Contract Tower,27,44,37,0,108,0,0,57,0,57,27,44,94,0,165,26,0,26,191
06/03/2000,ATW,WI,AGL,CE,Federal Contract Tower,18,36,24,0,78,4,4,146,0,154,22,40,170,0,232,104,0,104,336
06/04/2000,ATW,WI,AGL,CE,Federal Contract Tower,18,35,24,0,77,8,0,7,0,15,26,35,31,0,92,12,0,12,104
06/05/2000,ATW,WI,AGL,CE,Federal Contract Tower,21,41,27,0,89,4,0,37,0,41,25,41,64,0,130,12,2,14,144
06/06/2000,ATW,WI,AGL,CE,Federal Contract Tower,22,43,28,0,93,36,3,60,0,99,58,46,88,0,192,40,0,40,232
06/07/2000,ATW,WI,AGL,CE,Federal Contract Tower,24,48,41,0,113,0,0,61,0,61,24,48,102,0,174,14,0,14,188
06/08/2000,ATW,WI,AGL,CE,Federal Contract Tower,26,77,51,0,154,0,11,61,0,72,26,88,112,0,226,16,0,16,242
06/09/2000,ATW,WI,AGL,CE,Federal Contract Tower,26,64,43,0,133,0,5,67,0,72,26,69,110,0,205,74,0,74,279
06/10/2000,ATW,WI,AGL,CE,Federal Contract Tower,19,37,24,0,80,3,8,19,0,30,22,45,43,0,110,12,6,18,128
06/11/2000,ATW,WI,AGL,CE,Federal Contract Tower,23,54,36,0,113,0,1,57,0,58,23,55,93,0,171,48,0,48,219
06/12/2000,ATW,WI,AGL,CE,Federal Contract Tower,28,55,45,0,128,0,0,28,0,28,28,55,73,0,156,18,0,18,174
06/13/2000,ATW,WI,AGL,CE,Federal Contract Tower,25,56,36,0,117,0,7,0,0,7,25,63,36,0,124,0,0,0,124
06/14/2000,ATW,WI,AGL,CE,Federal Contract Tower,27,53,36,0,116,1,7,7,0,15,28,60,43,0,131,32,0,32,163
06/15/2000,ATW,WI,AGL,CE,Federal Contract Tower,29,71,47,0,147,0,0,73,0,73,29,71,120,0,220,102,2,104,324
06/16/2000,ATW,WI,AGL,CE,Federal Contract Tower,31,59,41,0,131,0,0,22,0,22,31,59,63,0,153,16,0,16,169
06/17/2000,ATW,WI,AGL,CE,Federal Contract Tower,20,51,33,0,104,0,24,80,0,104,20,75,113,0,208,80,2,82,290
06/18/2000,ATW,WI,AGL,CE,Federal Contract Tower,15,29,18,0,62,3,4,70,0,77,18,33,88,0,139,34,0,34,173
06/19/2000,ATW,WI,AGL,CE,Federal Contract Tower,21,35,27,0,83,5,0,71,0,76,26,35,98,0,159,36,0,36,195
06/20/2000,ATW,WI,AGL,CE,Federal Contract Tower,23,49,34,0,106,0,0,8,0,8,23,49,42,0,114,0,0,0,114
06/21/2000,ATW,WI,AGL,CE,Federal Contract Tower,28,56,37,0,121,0,0,19,0,19,28,56,56,0,140,4,0,4,144
06/22/2000,ATW,WI,AGL,CE,Federal Contract Tower,27,53,40,0,120,0,0,51,0,51,27,53,91,0,171,68,0,68,239
06/23/2000,ATW,WI,AGL,CE,Federal Contract Tower,27,49,38,0,114,0,0,52,0,52,27,49,90,0,166,48,0,48,214
06/24/2000,ATW,WI,AGL,CE,Federal Contract Tower,20,42,27,0,89,6,1,14,0,21,26,43,41,0,110,24,0,24,134
06/25/2000,ATW,WI,AGL,CE,Federal Contract Tower,12,26,18,0,56,4,6,47,0,57,16,32,65,0,113,52,0,52,165
06/26/2000,ATW,WI,AGL,CE,Federal Contract Tower,24,45,35,0,104,0,0,29,0,29,24,45,64,0,133,14,0,14,147
06/27/2000,ATW,WI,AGL,CE,Federal Contract Tower,21,42,30,0,93,7,0,65,0,72,28,42,95,0,165,146,0,146,311
06/28/2000,ATW,WI,AGL,CE,Federal Contract Tower,24,46,33,0,103,1,0,27,0,28,25,46,60,0,131,86,0,86,217
06/29/2000,ATW,WI,AGL,CE,Federal Contract Tower,24,49,33,0,106,3,0,57,0,60,27,49,90,0,166,54,0,54,220
06/30/2000,ATW,WI,AGL,CE,Federal Contract Tower,25,48,35,0,108,2,0,93,0,95,27,48,128,0,203,36,0,36,239
07/01/2000,ATW,WI,AGL,CE,Federal Contract Tower,23,37,39,0,99,2,5,55,0,62,25,42,94,0,161,116,4,120,281
07/02/2000,ATW,WI,AGL,CE,Federal Contract Tower,18,27,30,0,75,5,6,16,0,27,23,33,46,0,102,102,0,102,204
07/03/2000,ATW,WI,AGL,CE,Federal Contract Tower,17,27,29,0,73,9,1,47,0,57,26,28,76,0,130,98,0,98,228
07/04/2000,ATW,WI,AGL,CE,Federal Contract Tower,15,23,25,0,63,9,8,32,0,49,24,31,57,0,112,86,0,86,198
07/05/2000,ATW,WI,AGL,CE,Federal Contract Tower,20,32,34,0,86,7,12,28,2,49,27,44,62,2,135,56,2,58,193
07/06/2000,ATW,WI,AGL,CE,Federal Contract Tower,22,35,37,0,94,10,10,42,0,62,32,45,79,0,156,74,0,74,230
07/07/2000,ATW,WI,AGL,CE,Federal Contract Tower,25,38,42,0,105,6,6,51,0,63,31,44,93,0,168,80,0,80,248
07/08/2000,ATW,WI,AGL,CE,Federal Contract Tower,19,28,24,0,71,6,10,0,0,16,25,38,24,0,87,8,0,8,95
07/09/2000,ATW,WI,AGL,CE,Federal Contract Tower,15,23,25,0,63,4,11,33,0,48,19,34,58,0,111,72,0,72,183
07/10/2000,ATW,WI,AGL,CE,Federal Contract Tower,25,40,42,0,107,4,0,33,0,37,29,40,75,0,144,28,0,28,172
07/11/2000,ATW,WI,AGL,CE,Federal Contract Tower,27,41,45,0,113,0,4,45,0,49,27,45,90,0,162,49,0,49,211
07/12/2000,ATW,WI,AGL,CE,Federal Contract Tower,27,45,48,0,120,0,6,28,0,34,27,51,76,0,154,24,0,24,178
07/13/2000,ATW,WI,AGL,CE,Federal Contract Tower,27,41,45,0,113,6,5,26,2,39,33,46,71,2,152,20,0,20,172
07/14/2000,ATW,WI,AGL,CE,Federal Contract Tower,20,31,33,0,84,5,11,41,0,57,25,42,74,0,141,10,0,10,151
07/15/2000,ATW,WI,AGL,CE,Federal Contract Tower,16,23,26,0,65,7,13,34,0,54,23,36,60,0,119,22,0,22,141
07/16/2000,ATW,WI,AGL,CE,Federal Contract Tower,16,26,27,0,69,9,5,43,0,57,25,31,70,0,126,66,0,66,192
07/17/2000,ATW,WI,AGL,CE,Federal Contract Tower,19,33,34,0,86,5,6,31,0,42,24,39,65,0,128,42,0,42,170
07/18/2000,ATW,WI,AGL,CE,Federal Contract Tower,24,41,42,0,107,1,4,16,6,27,25,45,58,6,134,24,0,24,158
07/19/2000,ATW,WI,AGL,CE,Federal Contract Tower,24,40,43,0,107,4,7,39,0,50,28,47,82,0,157,102,0,102,259
07/20/2000,ATW,WI,AGL,CE,Federal Contract Tower,23,36,41,0,100,4,12,10,0,26,27,48,51,0,126,70,0,70,196
07/21/2000,ATW,WI,AGL,CE,Federal Contract Tower,24,38,43,0,105,3,2,47,0,52,27,40,90,0,157,144,0,144,301
07/22/2000,ATW,WI,AGL,CE,Federal Contract Tower,16,27,30,0,73,4,4,72,0,80,20,31,102,0,153,106,0,106,259
07/23/2000,ATW,WI,AGL,CE,Federal Contract Tower,15,23,27,0,65,3,10,87,0,100,18,33,114,0,165,62,0,62,227
07/24/2000,ATW,WI,AGL,CE,Federal Contract Tower,24,40,43,0,107,4,6,110,0,120,28,46,153,0,227,0,2,2,229
07/25/2000,ATW,WI,AGL,CE,Federal Contract Tower,33,51,65,0,149,0,0,147,0,147,33,51,212,0,296,16,0,16,312
07/26/2000,ATW,WI,AGL,CE,Federal Contract Tower,29,49,72,0,150,0,0,109,0,109,29,49,181,0,259,10,0,10,269
07/27/2000,ATW,WI,AGL,CE,Federal Contract Tower,23,41,64,0,128,0,0,129,0,129,23,41,193,0,257,10,6,16,273
07/28/2000,ATW,WI,AGL,CE,Federal Contract Tower,24,50,88,0,162,0,0,77,0,77,24,50,165,0,239,0,0,0,239
07/29/2000,ATW,WI,AGL,CE,Federal Contract Tower,20,43,88,0,151,0,0,167,0,167,20,43,255,0,318,10,0,10,328
07/30/2000,ATW,WI,AGL,CE,Federal Contract Tower,18,30,73,0,121,0,0,365,0,365,18,30,438,0,486,0,0,0,486
07/31/2000,ATW,WI,AGL,CE,Federal Contract Tower,28,41,63,0,132,0,0,191,0,191,28,41,254,0,323,8,0,8,331
08/01/2000,ATW,WI,AGL,CE,Federal Contract Tower,27,45,43,0,115,0,0,147,0,147,27,45,190,0,262,12,0,12,274
08/02/2000,ATW,WI,AGL,CE,Federal Contract Tower,28,41,32,0,101,0,3,97,0,100,28,44,129,0,201,120,0,120,321
08/03/2000,ATW,WI,AGL,CE,Federal Contract Tower,28,40,32,0,100,4,0,61,0,65,32,40,93,0,165,58,0,58,223
08/04/2000,ATW,WI,AGL,CE,Federal Contract Tower,27,50,39,0,116,0,2,65,0,67,27,52,104,0,183,92,0,92,275
08/05/2000,ATW,WI,AGL,CE,Federal Contract Tower,23,33,26,0,82,0,3,35,0,38,23,36,61,0,120,34,0,34,154
08/06/2000,ATW,WI,AGL,CE,Federal Contract Tower,20,30,23,0,73,2,6,12,0,20,22,36,35,0,93,28,0,28,121
08/07/2000,ATW,WI,AGL,CE,Federal Contract Tower,38,51,45,0,134,26,0,39,0,65,64,51,84,0,199,138,0,138,337
08/08/2000,ATW,WI,AGL,CE,Federal Contract Tower,26,40,39,0,105,0,0,26,0,26,26,40,65,0,131,8,0,8,139
08/09/2000,ATW,WI,AGL,CE,Federal Contract Tower,31,46,35,0,112,21,4,22,0,47,52,50,57,0,159,36,0,36,195
08/10/2000,ATW,WI,AGL,CE,Federal Contract Tower,28,41,32,0,101,15,0,83,0,98,43,41,115,0,199,30,0,30,229
08/11/2000,ATW,WI,AGL,CE,Federal Contract Tower,28,42,34,0,104,0,0,77,0,77,28,42,111,0,181,44,0,44,225
08/12/2000,ATW,WI,AGL,CE,Federal Contract Tower,18,26,21,0,65,2,8,45,0,55,20,34,66,0,120,80,0,80,200
08/13/2000,ATW,WI,AGL,CE,Federal Contract Tower,21,33,26,0,80,1,5,24,0,30,22,38,50,0,110,78,0,78,188
08/14/2000,ATW,WI,AGL,CE,Federal Contract Tower,29,46,37,0,112,0,1,7,0,8,29,47,44,0,120,48,0,48,168
08/15/2000,ATW,WI,AGL,CE,Federal Contract Tower,29,57,45,0,131,0,9,59,0,68,29,66,104,0,199,122,0,122,321
08/16/2000,ATW,WI,AGL,CE,Federal Contract Tower,32,49,41,0,122,0,0,77,0,77,32,49,118,0,199,52,0,52,251
08/17/2000,ATW,WI,AGL,CE,Federal Contract Tower,24,50,40,0,114,0,0,10,0,10,24,50,50,0,124,8,0,8,132
08/18/2000,ATW,WI,AGL,CE,Federal Contract Tower,26,41,33,0,100,3,4,60,0,67,29,45,93,0,167,54,0,54,221
08/19/2000,ATW,WI,AGL,CE,Federal Contract Tower,20,31,24,0,75,2,4,86,0,92,22,35,110,0,167,72,0,72,239
08/20/2000,ATW,WI,AGL,CE,Federal Contract Tower,23,37,28,0,88,0,0,71,0,71,23,37,99,0,159,38,0,38,197
08/21/2000,ATW,WI,AGL,CE,Federal Contract Tower,27,43,32,0,102,0,0,55,0,55,27,43,87,0,157,66,0,66,223
08/22/2000,ATW,WI,AGL,CE,Federal Contract Tower,26,41,31,0,98,26,13,8,0,47,52,54,39,0,145,52,0,52,197
08/23/2000,ATW,WI,AGL,CE,Federal Contract Tower,30,45,36,0,111,20,0,50,0,70,50,45,86,0,181,38,0,38,219
08/24/2000,ATW,WI,AGL,CE,Federal Contract Tower,28,46,34,0,108,0,0,41,0,41,28,46,75,0,149,62,0,62,211
08/25/2000,ATW,WI,AGL,CE,Federal Contract Tower,26,45,34,0,105,0,0,33,0,33,26,45,67,0,138,70,0,70,208
08/26/2000,ATW,WI,AGL,CE,Federal Contract Tower,17,27,20,0,64,3,9,58,0,70,20,36,78,0,134,140,0,140,274
08/27/2000,ATW,WI,AGL,CE,Federal Contract Tower,21,33,28,0,82,0,0,58,0,58,21,33,86,0,140,102,0,102,242
08/28/2000,ATW,WI,AGL,CE,Federal Contract Tower,27,43,36,0,106,0,0,28,0,28,27,43,64,0,134,70,0,70,204
08/29/2000,ATW,WI,AGL,CE,Federal Contract Tower,30,48,38,0,116,0,0,28,0,28,30,48,66,0,144,32,0,32,176
08/30/2000,ATW,WI,AGL,CE,Federal Contract Tower,33,48,39,0,120,0,0,43,0,43,33,48,82,0,163,54,0,54,217
08/31/2000,ATW,WI,AGL,CE,Federal Contract Tower,43,52,52,0,147,11,0,40,0,51,54,52,92,0,198,102,0,102,300
09/01/2000,ATW,WI,AGL,CE,Federal Contract Tower,25,44,31,0,100,0,3,1,0,4,25,47,32,0,104,0,0,0,104
09/02/2000,ATW,WI,AGL,CE,Federal Contract Tower,17,27,18,0,62,5,0,0,0,5,22,27,18,0,67,0,0,0,67
09/03/2000,ATW,WI,AGL,CE,Federal Contract Tower,15,25,17,0,57,5,3,18,0,26,20,28,35,0,83,42,0,42,125
09/04/2000,ATW,WI,AGL,CE,Federal Contract Tower,18,30,21,0,69,7,5,51,0,63,25,35,72,0,132,60,0,60,192
09/05/2000,ATW,WI,AGL,CE,Federal Contract Tower,23,38,26,0,87,3,4,43,0,50,26,42,69,0,137,104,0,104,241
09/06/2000,ATW,WI,AGL,CE,Federal Contract Tower,28,42,34,0,104,0,0,66,0,66,28,42,100,0,170,88,0,88,258
09/07/2000,ATW,WI,AGL,CE,Federal Contract Tower,29,42,41,0,112,0,0,41,0,41,29,42,82,0,153,60,0,60,213
09/08/2000,ATW,WI,AGL,CE,Federal Contract Tower,27,52,36,0,115,0,9,52,0,61,27,61,88,0,176,82,0,82,258
09/09/2000,ATW,WI,AGL,CE,Federal Contract Tower,18,30,21,0,69,5,8,38,0,51,23,38,59,0,120,80,0,80,200
09/10/2000,ATW,WI,AGL,CE,Federal Contract Tower,21,38,27,0,86,0,2,39,0,41,21,40,66,0,127,46,0,46,173
09/11/2000,ATW,WI,AGL,CE,Federal Contract Tower,23,38,27,0,88,2,2,11,0,15,25,40,38,0,103,0,0,0,103
09/12/2000,ATW,WI,AGL,CE,Federal Contract Tower,30,46,39,0,115,0,0,49,0,49,30,46,88,0,164,58,0,58,222
09/13/2000,ATW,WI,AGL,CE,Federal Contract Tower,27,56,40,0,123,0,2,69,0,71,27,58,109,0,194,56,0,56,250
09/14/2000,ATW,WI,AGL,CE,Federal Contract Tower,27,52,37,0,116,0,17,36,0,53,27,69,73,0,169,36,0,36,205
09/15/2000,ATW,WI,AGL,CE,Federal Contract Tower,25,52,36,0,113,0,7,42,0,49,25,59,78,0,162,16,0,16,178
09/16/2000,ATW,WI,AGL,CE,Federal Contract Tower,22,41,29,0,92,0,14,64,0,78,22,55,93,0,170,14,0,14,184
09/17/2000,ATW,WI,AGL,CE,Federal Contract Tower,18,33,23,0,74,4,6,67,0,77,22,39,90,0,151,108,0,108,259
09/18/2000,ATW,WI,AGL,CE,Federal Contract Tower,27,46,32,0,105,1,0,50,0,51,28,46,82,0,156,38,0,38,194
09/19/2000,ATW,WI,AGL,CE,Federal Contract Tower,25,45,37,0,107,0,0,39,0,39,25,45,76,0,146,2,0,2,148
09/20/2000,ATW,WI,AGL,CE,Federal Contract Tower,26,50,38,0,114,0,0,32,2,34,26,50,70,2,148,16,6,22,170
09/21/2000,ATW,WI,AGL,CE,Federal Contract Tower,26,51,35,0,112,0,7,46,0,53,26,58,81,0,165,44,0,44,209
09/22/2000,ATW,WI,AGL,CE,Federal Contract Tower,28,46,34,0,108,0,0,20,0,20,28,46,54,0,128,20,0,20,148
09/23/2000,ATW,WI,AGL,CE,Federal Contract Tower,18,32,22,0,72,4,4,6,0,14,22,36,28,0,86,4,0,4,90
09/24/2000,ATW,WI,AGL,CE,Federal Contract Tower,20,34,24,0,78,6,0,69,0,75,26,34,93,0,153,48,0,48,201
09/25/2000,ATW,WI,AGL,CE,Federal Contract Tower,25,44,31,0,100,2,12,64,0,78,27,56,95,0,178,60,0,60,238
09/26/2000,ATW,WI,AGL,CE,Federal Contract Tower,25,43,32,0,100,2,0,46,4,52,27,43,78,4,152,20,0,20,172
09/27/2000,ATW,WI,AGL,CE,Federal Contract Tower,29,52,37,0,118,0,0,46,0,46,29,52,83,0,164,36,0,36,200
09/28/2000,ATW,WI,AGL,CE,Federal Contract Tower,27,54,37,0,118,0,10,70,0,80,27,64,107,0,198,12,0,12,210
09/29/2000,ATW,WI,AGL,CE,Federal Contract Tower,26,51,35,0,112,0,9,75,0,84,26,60,110,0,196,82,0,82,278
09/30/2000,ATW,WI,AGL,CE,Federal Contract Tower,21,36,27,0,84,4,0,48,0,52,25,36,75,0,136,104,0,104,240
10/01/2000,ATW,WI,AGL,CE,Federal Contract Tower,16,24,19,0,59,2,2,53,0,57,18,26,72,0,116,38,0,38,154
10/02/2000,ATW,WI,AGL,CE,Federal Contract Tower,27,36,32,0,95,0,0,16,0,16,27,36,48,0,111,8,0,8,119
10/03/2000,ATW,WI,AGL,CE,Federal Contract Tower,28,44,33,0,105,0,0,43,0,43,28,44,76,0,148,28,0,28,176
10/04/2000,ATW,WI,AGL,CE,Federal Contract Tower,21,37,29,0,87,0,1,61,0,62,21,38,90,0,149,26,4,30,179
10/05/2000,ATW,WI,AGL,CE,Federal Contract Tower,28,41,33,0,102,0,0,21,0,21,28,41,54,0,123,4,0,4,127
10/06/2000,ATW,WI,AGL,CE,Federal Contract Tower,25,37,29,0,91,0,6,20,0,26,25,43,49,0,117,22,2,24,141
10/07/2000,ATW,WI,AGL,CE,Federal Contract Tower,19,28,21,0,68,4,7,0,0,11,23,35,21,0,79,8,0,8,87
10/08/2000,ATW,WI,AGL,CE,Federal Contract Tower,19,29,23,0,71,1,6,40,0,47,20,35,63,0,118,54,0,54,172
10/09/2000,ATW,WI,AGL,CE,Federal Contract Tower,25,39,31,0,95,0,0,53,0,53,25,39,84,0,148,16,0,16,164
10/10/2000,ATW,WI,AGL,CE,Federal Contract Tower,28,41,36,0,105,0,0,100,0,100,28,41,136,0,205,42,0,42,247
10/11/2000,ATW,WI,AGL,CE,Federal Contract Tower,26,42,33,0,101,0,2,82,0,84,26,44,115,0,185,70,0,70,255
10/12/2000,ATW,WI,AGL,CE,Federal Contract Tower,26,36,32,0,94,0,0,106,0,106,26,36,138,0,200,92,0,92,292
10/13/2000,ATW,WI,AGL,CE,Federal Contract Tower,25,41,33,0,99,0,0,57,0,57,25,41,90,0,156,60,0,60,216
10/14/2000,ATW,WI,AGL,CE,Federal Contract Tower,21,32,25,0,78,5,9,49,0,63,26,41,74,0,141,28,0,28,169
10/15/2000,ATW,WI,AGL,CE,Federal Contract Tower,18,27,19,0,64,1,9,13,0,23,19,36,32,0,87,34,0,34,121
10/16/2000,ATW,WI,AGL,CE,Federal Contract Tower,22,41,37,0,100,0,0,22,0,22,22,41,59,0,122,2,0,2,124
10/17/2000,ATW,WI,AGL,CE,Federal Contract Tower,25,42,32,0,99,0,0,34,0,34,25,42,66,0,133,32,0,32,165
10/18/2000,ATW,WI,AGL,CE,Federal Contract Tower,25,36,31,0,92,1,0,68,0,69,26,36,99,0,161,70,0,70,231
10/19/2000,ATW,WI,AGL,CE,Federal Contract Tower,26,43,39,0,108,0,0,60,0,60,26,43,99,0,168,68,0,68,236
10/20/2000,ATW,WI,AGL,CE,Federal Contract Tower,24,39,30,0,93,0,5,74,0,79,24,44,104,0,172,72,0,72,244
10/21/2000,ATW,WI,AGL,CE,Federal Contract Tower,17,28,20,0,65,3,9,68,0,80,20,37,88,0,145,16,0,16,161
10/22/2000,ATW,WI,AGL,CE,Federal Contract Tower,15,25,18,0,58,7,3,60,0,70,22,28,78,0,128,42,0,42,170
10/23/2000,ATW,WI,AGL,CE,Federal Contract Tower,25,41,34,0,100,0,0,7,0,7,25,41,41,0,107,0,0,0,107
10/24/2000,ATW,WI,AGL,CE,Federal Contract Tower,27,40,33,0,100,0,0,8,0,8,27,40,41,0,108,20,0,20,128
10/25/2000,ATW,WI,AGL,CE,Federal Contract Tower,26,36,25,0,87,13,0,0,0,13,39,36,25,0,100,0,0,0,100
10/26/2000,ATW,WI,AGL,CE,Federal Contract Tower,26,46,37,0,109,0,0,17,0,17,26,46,54,0,126,32,0,32,158
10/27/2000,ATW,WI,AGL,CE,Federal Contract Tower,24,49,39,0,112,0,0,13,0,13,24,49,52,0,125,6,0,6,131
10/28/2000,ATW,WI,AGL,CE,Federal Contract Tower,19,30,23,0,72,6,4,39,0,49,25,34,62,0,121,32,0,32,153
10/29/2000,ATW,WI,AGL,CE,Federal Contract Tower,21,34,25,0,80,3,2,41,0,46,24,36,66,0,126,58,0,58,184
10/30/2000,ATW,WI,AGL,CE,Federal Contract Tower,28,46,37,0,111,0,0,39,0,39,28,46,76,0,150,46,0,46,196
10/31/2000,ATW,WI,AGL,CE,Federal Contract Tower,25,38,29,0,92,3,0,32,0,35,28,38,61,0,127,50,0,50,177
11/01/2000,ATW,WI,AGL,CE,Federal Contract Tower,29,44,40,0,113,0,0,55,0,55,29,44,95,0,168,8,0,8,176
11/02/2000,ATW,WI,AGL,CE,Federal Contract Tower,29,42,35,0,106,0,0,35,0,35,29,42,70,0,141,22,0,22,163
11/03/2000,ATW,WI,AGL,CE,Federal Contract Tower,24,39,29,0,92,1,2,40,0,43,25,41,69,0,135,10,0,10,145
11/04/2000,ATW,WI,AGL,CE,Federal Contract Tower,18,29,22,0,69,2,6,69,0,77,20,35,91,0,146,140,0,140,286
11/05/2000,ATW,WI,AGL,CE,Federal Contract Tower,17,27,21,0,65,2,7,30,0,39,19,34,51,0,104,18,0,18,122
11/06/2000,ATW,WI,AGL,CE,Federal Contract Tower,22,38,29,0,89,0,4,3,0,7,22,42,32,0,96,2,0,2,98
11/07/2000,ATW,WI,AGL,CE,Federal Contract Tower,26,41,31,0,98,0,2,2,0,4,26,43,33,0,102,0,0,0,102
11/08/2000,ATW,WI,AGL,CE,Federal Contract Tower,27,52,39,0,118,0,4,24,0,28,27,56,63,0,146,38,0,38,184
11/09/2000,ATW,WI,AGL,CE,Federal Contract Tower,30,45,40,0,115,0,0,22,0,22,30,45,62,0,137,6,0,6,143
11/10/2000,ATW,WI,AGL,CE,Federal Contract Tower,24,48,36,0,108,0,0,55,0,55,24,48,91,0,163,36,2,38,201
11/11/2000,ATW,WI,AGL,CE,Federal Contract Tower,18,31,23,0,72,0,3,56,0,59,18,34,79,0,131,78,4,82,213
11/12/2000,ATW,WI,AGL,CE,Federal Contract Tower,20,31,24,0,75,0,0,2,0,2,20,31,26,0,77,0,0,0,77
11/13/2000,ATW,WI,AGL,CE,Federal Contract Tower,23,50,38,0,111,0,0,14,0,14,23,50,52,0,125,20,0,20,145
11/14/2000,ATW,WI,AGL,CE,Federal Contract Tower,26,41,30,0,97,1,2,0,0,3,27,43,30,0,100,0,0,0,100
11/15/2000,ATW,WI,AGL,CE,Federal Contract Tower,26,46,35,0,107,0,0,39,0,39,26,46,74,0,146,28,0,28,174
11/16/2000,ATW,WI,AGL,CE,Federal Contract Tower,27,45,31,0,103,0,5,2,0,7,27,50,33,0,110,8,0,8,118
11/17/2000,ATW,WI,AGL,CE,Federal Contract Tower,27,43,31,0,101,11,0,16,0,27,38,43,47,0,128,48,0,48,176
11/18/2000,ATW,WI,AGL,CE,Federal Contract Tower,25,46,33,0,104,0,10,19,0,29,25,56,52,0,133,46,0,46,179
11/19/2000,ATW,WI,AGL,CE,Federal Contract Tower,17,30,17,0,64,3,1,0,0,4,20,31,17,0,68,0,0,0,68
11/20/2000,ATW,WI,AGL,CE,Federal Contract Tower,25,43,31,0,99,0,0,5,0,5,25,43,36,0,104,0,2,2,106
11/21/2000,ATW,WI,AGL,CE,Federal Contract Tower,27,42,34,0,103,0,0,44,0,44,27,42,78,0,147,34,0,34,181
11/22/2000,ATW,WI,AGL,CE,Federal Contract Tower,24,42,30,0,96,4,3,39,0,46,28,45,69,0,142,44,0,44,186
11/23/2000,ATW,WI,AGL,CE,Federal Contract Tower,17,29,20,0,66,7,5,9,0,21,24,34,29,0,87,4,0,4,91
11/24/2000,ATW,WI,AGL,CE,Federal Contract Tower,16,26,20,0,62,6,0,43,0,49,22,26,63,0,111,112,0,112,223
11/25/2000,ATW,WI,AGL,CE,Federal Contract Tower,15,26,18,0,59,3,7,51,0,61,18,33,69,0,120,96,0,96,216
11/26/2000,ATW,WI,AGL,CE,Federal Contract Tower,21,32,24,0,77,2,0,0,0,2,23,32,24,0,79,10,0,10,89
11/27/2000,ATW,WI,AGL,CE,Federal Contract Tower,22,38,27,0,87,0,0,0,0,0,22,38,27,0,87,0,0,0,87
11/28/2000,ATW,WI,AGL,CE,Federal Contract Tower,26,43,32,0,101,2,0,15,0,17,28,43,47,0,118,44,0,44,162
11/29/2000,ATW,WI,AGL,CE,Federal Contract Tower,26,40,32,0,98,2,0,3,0,5,28,40,35,0,103,0,0,0,103
11/30/2000,ATW,WI,AGL,CE,Federal Contract Tower,27,42,36,0,105,0,0,53,0,53,27,42,89,0,158,40,0,40,198
12/01/2000,ATW,WI,AGL,CE,Federal Contract Tower,25,42,27,0,94,0,0,27,0,27,25,42,54,0,121,14,0,14,135
12/02/2000,ATW,WI,AGL,CE,Federal Contract Tower,21,34,23,0,78,0,3,66,2,71,21,37,89,2,149,98,0,98,247
12/03/2000,ATW,WI,AGL,CE,Federal Contract Tower,15,23,16,0,54,5,8,23,0,36,20,31,39,0,90,50,0,50,140
12/04/2000,ATW,WI,AGL,CE,Federal Contract Tower,27,48,33,0,108,0,0,10,0,10,27,48,43,0,118,4,0,4,122
12/05/2000,ATW,WI,AGL,CE,Federal Contract Tower,29,45,29,0,103,1,0,20,0,21,30,45,49,0,124,10,0,10,134
12/06/2000,ATW,WI,AGL,CE,Federal Contract Tower,27,41,28,0,96,0,0,5,0,5,27,41,33,0,101,0,0,0,101
12/07/2000,ATW,WI,AGL,CE,Federal Contract Tower,24,44,24,0,92,0,9,0,0,9,24,53,24,0,101,0,0,0,101
12/08/2000,ATW,WI,AGL,CE,Federal Contract Tower,24,38,25,0,87,1,3,16,0,20,25,41,41,0,107,24,0,24,131
12/09/2000,ATW,WI,AGL,CE,Federal Contract Tower,19,29,19,0,67,3,12,8,0,23,22,41,27,0,90,48,0,48,138
12/10/2000,ATW,WI,AGL,CE,Federal Contract Tower,16,25,17,0,58,2,4,7,0,13,18,29,24,0,71,18,0,18,89
12/11/2000,ATW,WI,AGL,CE,Federal Contract Tower,23,30,18,0,71,10,0,0,0,10,33,30,18,0,81,0,0,0,81
12/12/2000,ATW,WI,AGL,CE,Federal Contract Tower,26,30,27,0,83,2,0,18,0,20,28,30,45,0,103,16,2,18,121
12/13/2000,ATW,WI,AGL,CE,Federal Contract Tower,24,30,25,0,79,1,0,16,0,17,25,30,41,0,96,10,0,10,106
12/14/2000,ATW,WI,AGL,CE,Federal Contract Tower,29,43,36,0,108,0,0,46,0,46,29,43,82,0,154,10,0,10,164
12/15/2000,ATW,WI,AGL,CE,Federal Contract Tower,24,43,29,0,96,0,0,9,0,9,24,43,38,0,105,0,0,0,105
12/16/2000,ATW,WI,AGL,CE,Federal Contract Tower,17,26,7,0,50,2,10,0,0,12,19,36,7,0,62,0,0,0,62
12/17/2000,ATW,WI,AGL,CE,Federal Contract Tower,21,28,21,0,70,0,0,16,0,16,21,28,37,0,86,34,0,34,120
12/18/2000,ATW,WI,AGL,CE,Federal Contract Tower,25,30,26,0,81,0,0,18,0,18,25,30,44,0,99,8,0,8,107
12/19/2000,ATW,WI,AGL,CE,Federal Contract Tower,25,48,30,0,103,0,0,44,0,44,25,48,74,0,147,32,0,32,179
12/20/2000,ATW,WI,AGL,CE,Federal Contract Tower,24,36,25,0,85,0,0,16,0,16,24,36,41,0,101,20,0,20,121
12/21/2000,ATW,WI,AGL,CE,Federal Contract Tower,20,30,25,0,75,0,0,22,0,22,20,30,47,0,97,20,0,20,117
12/22/2000,ATW,WI,AGL,CE,Federal Contract Tower,26,36,26,0,88,2,0,32,0,34,28,36,58,0,122,0,0,0,122
12/23/2000,ATW,WI,AGL,CE,Federal Contract Tower,19,27,19,0,65,1,0,2,0,3,20,27,21,0,68,0,0,0,68
12/24/2000,ATW,WI,AGL,CE,Federal Contract Tower,14,17,13,0,44,9,0,4,0,13,23,17,17,0,57,2,0,2,59
12/25/2000,ATW,WI,AGL,CE,Federal Contract Tower,14,22,9,0,45,4,6,0,0,10,18,28,9,0,55,0,0,0,55
12/26/2000,ATW,WI,AGL,CE,Federal Contract Tower,20,31,19,0,70,4,1,5,0,10,24,32,24,0,80,6,0,6,86
12/27/2000,ATW,WI,AGL,CE,Federal Contract Tower,25,40,25,0,90,0,0,33,0,33,25,40,58,0,123,44,0,44,167
12/28/2000,ATW,WI,AGL,CE,Federal Contract Tower,22,39,24,0,85,0,5,10,0,15,22,44,34,0,100,34,2,36,136
12/29/2000,ATW,WI,AGL,CE,Federal Contract Tower,19,31,7,0,57,0,12,0,0,12,19,43,7,0,69,0,0,0,69
12/30/2000,ATW,WI,AGL,CE,Federal Contract Tower,18,28,17,0,63,0,1,71,0,72,18,29,88,0,135,104,0,104,239
12/31/2000,ATW,WI,AGL,CE,Federal Contract Tower,15,24,15,0,54,6,3,31,0,40,21,27,46,0,94,68,0,68,162
01/01/2001,ATW,WI,AGL,CE,Federal Contract Tower,14,21,14,0,49,4,6,29,0,39,18,27,43,0,88,38,0,38,126
01/02/2001,ATW,WI,AGL,CE,Federal Contract Tower,22,33,23,0,78,6,3,38,0,47,28,36,61,0,125,10,0,10,135
01/03/2001,ATW,WI,AGL,CE,Federal Contract Tower,26,37,27,0,90,0,0,7,0,7,26,37,34,0,97,10,0,10,107
01/04/2001,ATW,WI,AGL,CE,Federal Contract Tower,24,35,24,0,83,1,0,4,0,5,25,35,28,0,88,10,0,10,98
01/05/2001,ATW,WI,AGL,CE,Federal Contract Tower,25,37,25,0,87,0,0,16,0,16,25,37,41,0,103,58,0,58,161
01/06/2001,ATW,WI,AGL,CE,Federal Contract Tower,18,27,18,0,63,2,0,40,0,42,20,27,58,0,105,54,0,54,159
01/07/2001,ATW,WI,AGL,CE,Federal Contract Tower,20,30,21,0,71,1,5,37,0,43,21,35,58,0,114,32,0,32,146
01/08/2001,ATW,WI,AGL,CE,Federal Contract Tower,25,37,25,0,87,1,3,13,0,17,26,40,38,0,104,34,0,34,138
01/09/2001,ATW,WI,AGL,CE,Federal Contract Tower,27,43,29,0,99,0,1,29,0,30,27,44,58,0,129,10,0,10,139
01/10/2001,ATW,WI,AGL,CE,Federal Contract Tower,28,51,36,0,115,0,0,52,2,54,28,51,88,2,169,32,0,32,201
01/11/2001,ATW,WI,AGL,CE,Federal Contract Tower,28,49,34,0,111,0,2,7,0,9,28,51,41,0,120,28,0,28,148
01/12/2001,ATW,WI,AGL,CE,Federal Contract Tower,27,40,21,0,88,1,5,0,0,6,28,45,21,0,94,0,0,0,94
01/13/2001,ATW,WI,AGL,CE,Federal Contract Tower,20,30,13,0,63,0,7,0,0,7,20,37,13,0,70,0,0,0,70
01/14/2001,ATW,WI,AGL,CE,Federal Contract Tower,15,23,5,0,43,2,7,0,0,9,17,30,5,0,52,0,0,0,52
01/15/2001,ATW,WI,AGL,CE,Federal Contract Tower,26,34,26,0,86,1,0,5,0,6,27,34,31,0,92,0,0,0,92
01/16/2001,ATW,WI,AGL,CE,Federal Contract Tower,26,38,27,0,91,0,0,19,0,19,26,38,46,0,110,32,0,32,142
01/17/2001,ATW,WI,AGL,CE,Federal Contract Tower,27,39,30,0,96,0,0,43,0,43,27,39,73,0,139,90,0,90,229
01/18/2001,ATW,WI,AGL,CE,Federal Contract Tower,28,36,34,0,98,0,0,22,0,22,28,36,56,0,120,12,0,12,132
01/19/2001,ATW,WI,AGL,CE,Federal Contract Tower,25,39,27,0,91,1,0,45,0,46,26,39,72,0,137,46,0,46,183
01/20/2001,ATW,WI,AGL,CE,Federal Contract Tower,18,29,20,0,67,4,4,48,0,56,22,33,68,0,123,74,0,74,197
01/21/2001,ATW,WI,AGL,CE,Federal Contract Tower,22,33,24,0,79,3,0,59,0,62,25,33,83,0,141,116,0,116,257
01/22/2001,ATW,WI,AGL,CE,Federal Contract Tower,23,41,28,0,92,0,0,38,0,38,23,41,66,0,130,16,0,16,146
01/23/2001,ATW,WI,AGL,CE,Federal Contract Tower,29,45,30,0,104,2,0,11,0,13,31,45,41,0,117,46,0,46,163
01/24/2001,ATW,WI,AGL,CE,Federal Contract Tower,32,40,35,0,107,2,0,19,0,21,34,40,54,0,128,14,0,14,142
01/25/2001,ATW,WI,AGL,CE,Federal Contract Tower,22,43,29,0,94,0,2,35,0,37,22,45,64,0,131,54,0,54,185
01/26/2001,ATW,WI,AGL,CE,Federal Contract Tower,23,37,25,0,85,1,6,1,0,8,24,43,26,0,93,30,0,30,123
01/27/2001,ATW,WI,AGL,CE,Federal Contract Tower,18,26,19,0,63,3,0,33,0,36,21,26,52,0,99,22,0,22,121
01/28/2001,ATW,WI,AGL,CE,Federal Contract Tower,15,24,16,0,55,6,5,54,0,65,21,29,70,0,120,32,0,32,152
01/29/2001,ATW,WI,AGL,CE,Federal Contract Tower,20,31,21,0,72,2,0,0,0,2,22,31,21,0,74,0,0,0,74
01/30/2001,ATW,WI,AGL,CE,Federal Contract Tower,20,35,25,0,80,0,0,13,0,13,20,35,38,0,93,42,0,42,135
01/31/2001,ATW,WI,AGL,CE,Federal Contract Tower,26,45,30,0,101,0,5,3,0,8,26,50,33,0,109,6,0,6,115
02/01/2001,ATW,WI,AGL,CE,Federal Contract Tower,23,44,28,0,95,0,1,20,0,21,23,45,48,0,116,18,0,18,134
02/02/2001,ATW,WI,AGL,CE,Federal Contract Tower,26,39,25,0,90,1,7,35,0,43,27,46,60,0,133,30,0,30,163
02/03/2001,ATW,WI,AGL,CE,Federal Contract Tower,18,28,18,0,64,0,8,4,0,12,18,36,22,0,76,18,0,18,94
02/04/2001,ATW,WI,AGL,CE,Federal Contract Tower,14,22,4,0,40,0,12,0,0,12,14,34,4,0,52,2,0,2,54
02/05/2001,ATW,WI,AGL,CE,Federal Contract Tower,36,43,35,0,114,13,0,6,0,19,49,43,41,0,133,6,0,6,139
02/06/2001,ATW,WI,AGL,CE,Federal Contract Tower,28,47,30,0,105,0,0,24,0,24,28,47,54,0,129,46,0,46,175
02/07/2001,ATW,WI,AGL,CE,Federal Contract Tower,25,40,29,0,94,0,0,25,0,25,25,40,54,0,119,16,0,16,135
02/08/2001,ATW,WI,AGL,CE,Federal Contract Tower,22,28,21,0,71,4,0,1,0,5,26,28,22,0,76,0,0,0,76
02/09/2001,ATW,WI,AGL,CE,Federal Contract Tower,21,31,21,0,73,1,0,5,0,6,22,31,26,0,79,0,0,0,79
02/10/2001,ATW,WI,AGL,CE,Federal Contract Tower,19,29,19,0,67,1,2,44,0,47,20,31,63,0,114,76,0,76,190
02/11/2001,ATW,WI,AGL,CE,Federal Contract Tower,17,25,16,0,58,1,6,22,0,29,18,31,38,0,87,34,0,34,121
02/12/2001,ATW,WI,AGL,CE,Federal Contract Tower,24,39,25,0,88,0,1,15,0,16,24,40,40,0,104,24,0,24,128
02/13/2001,ATW,WI,AGL,CE,Federal Contract Tower,26,42,27,0,95,0,3,0,0,3,26,45,27,0,98,2,0,2,100
02/14/2001,ATW,WI,AGL,CE,Federal Contract Tower,30,46,32,0,108,0,0,21,0,21,30,46,53,0,129,48,0,48,177
02/15/2001,ATW,WI,AGL,CE,Federal Contract Tower,27,45,32,0,104,0,0,32,0,32,27,45,64,0,136,36,0,36,172
02/16/2001,ATW,WI,AGL,CE,Federal Contract Tower,24,40,25,0,89,0,8,11,0,19,24,48,36,0,108,50,0,50,158
02/17/2001,ATW,WI,AGL,CE,Federal Contract Tower,16,27,17,0,60,4,8,36,0,48,20,35,53,0,108,74,0,74,182
02/18/2001,ATW,WI,AGL,CE,Federal Contract Tower,17,28,18,0,63,1,4,14,0,19,18,32,32,0,82,24,0,24,106
02/19/2001,ATW,WI,AGL,CE,Federal Contract Tower,24,39,25,0,88,1,0,4,0,5,25,39,29,0,93,8,0,8,101
02/20/2001,ATW,WI,AGL,CE,Federal Contract Tower,25,37,27,0,89,0,0,26,0,26,25,37,53,0,115,4,0,4,119
02/21/2001,ATW,WI,AGL,CE,Federal Contract Tower,27,37,31,0,95,0,0,46,0,46,27,37,77,0,141,18,0,18,159
02/22/2001,ATW,WI,AGL,CE,Federal Contract Tower,28,37,30,0,95,0,0,12,0,12,28,37,42,0,107,0,0,0,107
02/23/2001,ATW,WI,AGL,CE,Federal Contract Tower,27,37,30,0,94,0,0,57,0,57,27,37,87,0,151,32,0,32,183
02/24/2001,ATW,WI,AGL,CE,Federal Contract Tower,14,23,5,0,42,3,6,0,0,9,17,29,5,0,51,0,0,0,51
02/25/2001,ATW,WI,AGL,CE,Federal Contract Tower,13,21,1,0,35,3,9,0,0,12,16,30,1,0,47,0,0,0,47
02/26/2001,ATW,WI,AGL,CE,Federal Contract Tower,26,41,28,0,95,0,0,22,0,22,26,41,50,0,117,24,0,24,141
02/27/2001,ATW,WI,AGL,CE,Federal Contract Tower,26,46,28,0,100,0,3,51,0,54,26,49,79,0,154,42,0,42,196
02/28/2001,ATW,WI,AGL,CE,Federal Contract Tower,27,44,27,0,98,0,3,30,0,33,27,47,57,0,131,60,0,60,191
03/01/2001,ATW,WI,AGL,CE,Federal Contract Tower,22,37,26,0,85,3,5,23,0,31,25,42,49,0,116,40,0,40,156
03/02/2001,ATW,WI,AGL,CE,Federal Contract Tower,26,44,30,0,100,0,9,33,0,42,26,53,63,0,142,14,0,14,156
03/03/2001,ATW,WI,AGL,CE,Federal Contract Tower,17,35,24,0,76,0,0,83,0,83,17,35,107,0,159,62,0,62,221
03/04/2001,ATW,WI,AGL,CE,Federal Contract Tower,14,27,19,0,60,0,10,30,0,40,14,37,49,0,100,42,0,42,142
03/05/2001,ATW,WI,AGL,CE,Federal Contract Tower,25,41,29,0,95,0,0,15,0,15,25,41,44,0,110,8,0,8,118
03/06/2001,ATW,WI,AGL,CE,Federal Contract Tower,26,40,33,0,99,0,0,46,0,46,26,40,79,0,145,38,0,38,183
03/07/2001,ATW,WI,AGL,CE,Federal Contract Tower,23,53,37,0,113,0,0,39,0,39,23,53,76,0,152,62,0,62,214
03/08/2001,ATW,WI,AGL,CE,Federal Contract Tower,24,45,32,0,101,0,7,1,0,8,24,52,33,0,109,18,0,18,127
03/09/2001,ATW,WI,AGL,CE,Federal Contract Tower,25,42,29,0,96,2,2,47,2,53,27,44,76,2,149,80,2,82,231
03/10/2001,ATW,WI,AGL,CE,Federal Contract Tower,18,31,21,0,70,0,4,6,0,10,18,35,27,0,80,66,0,66,146
03/11/2001,ATW,WI,AGL,CE,Federal Contract Tower,17,31,22,0,70,0,4,68,0,72,17,35,90,0,142,58,0,58,200
03/12/2001,ATW,WI,AGL,CE,Federal Contract Tower,15,25,4,0,44,7,7,0,0,14,22,32,4,0,58,0,0,0,58
03/13/2001,ATW,WI,AGL,CE,Federal Contract Tower,24,44,34,0,102,0,0,10,0,10,24,44,44,0,112,42,0,42,154
03/14/2001,ATW,WI,AGL,CE,Federal Contract Tower,28,47,33,0,108,0,0,6,0,6,28,47,39,0,114,0,0,0,114
03/15/2001,ATW,WI,AGL,CE,Federal Contract Tower,22,42,29,0,93,0,0,6,0,6,22,42,35,0,99,16,0,16,115
03/16/2001,ATW,WI,AGL,CE,Federal Contract Tower,21,39,27,0,87,1,0,5,0,6,22,39,32,0,93,8,0,8,101
03/17/2001,ATW,WI,AGL,CE,Federal Contract Tower,18,33,21,0,72,1,0,66,0,67,19,33,87,0,139,114,0,114,253
03/18/2001,ATW,WI,AGL,CE,Federal Contract Tower,14,26,17,0,57,3,6,60,0,69,17,32,77,0,126,96,0,96,222
03/19/2001,ATW,WI,AGL,CE,Federal Contract Tower,24,39,29,0,92,1,0,25,0,26,25,39,54,0,118,34,0,34,152
03/20/2001,ATW,WI,AGL,CE,Federal Contract Tower,18,33,23,0,74,3,0,41,0,44,21,33,64,0,118,52,0,52,170
03/21/2001,ATW,WI,AGL,CE,Federal Contract Tower,25,50,35,0,110,0,0,28,0,28,25,50,63,0,138,60,0,60,198
03/22/2001,ATW,WI,AGL,CE,Federal Contract Tower,26,50,35,0,111,0,0,24,0,24,26,50,59,0,135,54,0,54,189
03/23/2001,ATW,WI,AGL,CE,Federal Contract Tower,24,45,30,0,99,0,3,18,0,21,24,48,48,0,120,56,4,60,180
03/24/2001,ATW,WI,AGL,CE,Federal Contract Tower,20,37,24,0,81,0,4,30,0,34,20,41,54,0,115,26,0,26,141
03/25/2001,ATW,WI,AGL,CE,Federal Contract Tower,14,26,7,0,47,3,10,0,0,13,17,36,7,0,60,10,0,10,70
03/26/2001,ATW,WI,AGL,CE,Federal Contract Tower,20,32,24,0,76,1,0,32,0,33,21,32,56,0,109,18,0,18,127
03/27/2001,ATW,WI,AGL,CE,Federal Contract Tower,26,43,32,0,101,0,0,44,0,44,26,43,76,0,145,26,0,26,171
03/28/2001,ATW,WI,AGL,CE,Federal Contract Tower,25,29,32,0,86,2,0,39,0,41,27,29,71,0,127,42,0,42,169
03/29/2001,ATW,WI,AGL,CE,Federal Contract Tower,22,30,27,0,79,4,0,8,0,12,26,30,35,0,91,6,0,6,97
03/30/2001,ATW,WI,AGL,CE,Federal Contract Tower,25,46,32,0,103,0,0,6,0,6,25,46,38,0,109,12,0,12,121
03/31/2001,ATW,WI,AGL,CE,Federal Contract Tower,15,23,19,0,57,3,0,10,0,13,18,23,29,0,70,48,0,48,118
04/01/2001,ATW,WI,AGL,CE,Federal Contract Tower,16,26,18,0,60,0,0,25,0,25,16,26,43,0,85,14,0,14,99
04/02/2001,ATW,WI,AGL,CE,Federal Contract Tower,19,42,21,0,82,0,0,8,0,8,19,42,29,0,90,6,0,6,96
04/03/2001,ATW,WI,AGL,CE,Federal Contract Tower,23,40,32,0,95,0,0,13,0,13,23,40,45,0,108,12,0,12,120
04/04/2001,ATW,WI,AGL,CE,Federal Contract Tower,22,38,25,0,85,0,0,70,0,70,22,38,95,0,155,48,0,48,203
04/05/2001,ATW,WI,AGL,CE,Federal Contract Tower,19,42,24,0,85,0,0,16,0,16,19,42,40,0,101,26,0,26,127
04/06/2001,ATW,WI,AGL,CE,Federal Contract Tower,17,42,17,0,76,0,0,14,0,14,17,42,31,0,90,8,0,8,98
04/07/2001,ATW,WI,AGL,CE,Federal Contract Tower,13,27,6,0,46,0,0,0,0,0,13,27,6,0,46,0,0,0,46
04/08/2001,ATW,WI,AGL,CE,Federal Contract Tower,12,29,12,0,53,0,0,38,0,38,12,29,50,0,91,12,0,12,103
04/09/2001,ATW,WI,AGL,CE,Federal Contract Tower,21,33,41,0,95,0,0,7,0,7,21,33,48,0,102,6,0,6,108
04/10/2001,ATW,WI,AGL,CE,Federal Contract Tower,21,41,30,0,92,0,0,56,0,56,21,41,86,0,148,40,0,40,188
04/11/2001,ATW,WI,AGL,CE,Federal Contract Tower,21,29,35,0,85,0,0,4,0,4,21,29,39,0,89,0,0,0,89
04/12/2001,ATW,WI,AGL,CE,Federal Contract Tower,24,32,32,0,88,0,0,3,0,3,24,32,35,0,91,0,0,0,91
04/13/2001,ATW,WI,AGL,CE,Federal Contract Tower,22,39,17,0,78,0,0,93,0,93,22,39,110,0,171,120,0,120,291
04/14/2001,ATW,WI,AGL,CE,Federal Contract Tower,17,26,20,0,63,0,0,44,0,44,17,26,64,0,107,70,0,70,177
04/15/2001,ATW,WI,AGL,CE,Federal Contract Tower,18,27,14,0,59,0,0,8,0,8,18,27,22,0,67,14,0,14,81
04/16/2001,ATW,WI,AGL,CE,Federal Contract Tower,21,36,22,0,79,0,0,7,0,7,21,36,29,0,86,0,0,0,86
04/17/2001,ATW,WI,AGL,CE,Federal Contract Tower,25,44,22,0,91,0,0,42,0,42,25,44,64,0,133,48,0,48,181
04/18/2001,ATW,WI,AGL,CE,Federal Contract Tower,25,41,35,0,101,0,0,54,0,54,25,41,89,0,155,40,2,42,197
04/19/2001,ATW,WI,AGL,CE,Federal Contract Tower,21,42,32,0,95,0,0,40,0,40,21,42,72,0,135,50,0,50,185
04/20/2001,ATW,WI,AGL,CE,Federal Contract Tower,23,41,30,0,94,0,0,7,0,7,23,41,37,0,101,0,0,0,101
04/21/2001,ATW,WI,AGL,CE,Federal Contract Tower,19,23,13,0,55,0,0,2,0,2,19,23,15,0,57,0,0,0,57
04/22/2001,ATW,WI,AGL,CE,Federal Contract Tower,19,25,17,0,61,0,0,9,0,9,19,25,26,0,70,14,0,14,84
04/23/2001,ATW,WI,AGL,CE,Federal Contract Tower,18,31,31,0,80,0,0,2,0,2,18,31,33,0,82,8,0,8,90
04/24/2001,ATW,WI,AGL,CE,Federal Contract Tower,22,37,40,0,99,0,0,69,0,69,22,37,109,0,168,74,0,74,242
04/25/2001,ATW,WI,AGL,CE,Federal Contract Tower,24,47,24,0,95,0,0,77,0,77,24,47,101,0,172,74,0,74,246
04/26/2001,ATW,WI,AGL,CE,Federal Contract Tower,23,41,32,0,96,0,0,37,0,37,23,41,69,0,133,32,0,32,165
04/27/2001,ATW,WI,AGL,CE,Federal Contract Tower,22,41,31,0,94,0,0,63,0,63,22,41,94,0,157,142,0,142,299
04/28/2001,ATW,WI,AGL,CE,Federal Contract Tower,20,33,29,0,82,0,0,62,0,62,20,33,91,0,144,100,0,100,244
04/29/2001,ATW,WI,AGL,CE,Federal Contract Tower,14,25,17,0,56,2,3,65,0,70,16,28,82,0,126,28,0,28,154
04/30/2001,ATW,WI,AGL,CE,Federal Contract Tower,22,38,29,0,89,0,0,18,0,18,22,38,47,0,107,8,0,8,115
05/01/2001,ATW,WI,AGL,CE,Federal Contract Tower,22,41,40,0,103,1,0,41,0,42,23,41,81,0,145,38,0,38,183
05/02/2001,ATW,WI,AGL,CE,Federal Contract Tower,17,37,40,0,94,0,1,21,0,22,17,38,61,0,116,18,0,18,134
05/03/2001,ATW,WI,AGL,CE,Federal Contract Tower,24,27,46,0,97,0,1,10,0,11,24,28,56,0,108,32,0,32,140
05/04/2001,ATW,WI,AGL,CE,Federal Contract Tower,22,28,47,0,97,0,1,29,0,30,22,29,76,0,127,30,0,30,157
05/05/2001,ATW,WI,AGL,CE,Federal Contract Tower,13,23,16,0,52,0,0,36,0,36,13,23,52,0,88,34,0,34,122
05/06/2001,ATW,WI,AGL,CE,Federal Contract Tower,12,24,14,0,50,0,0,36,0,36,12,24,50,0,86,28,0,28,114
05/07/2001,ATW,WI,AGL,CE,Federal Contract Tower,22,32,28,0,82,0,0,12,0,12,22,32,40,0,94,46,0,46,140
05/08/2001,ATW,WI,AGL,CE,Federal Contract Tower,24,43,38,0,105,0,0,33,0,33,24,43,71,0,138,20,0,20,158
05/09/2001,ATW,WI,AGL,CE,Federal Contract Tower,26,37,30,0,93,0,0,54,0,54,26,37,84,0,147,28,0,28,175
05/10/2001,ATW,WI,AGL,CE,Federal Contract Tower,23,40,28,0,91,0,0,26,0,26,23,40,54,0,117,6,0,6,123
05/11/2001,ATW,WI,AGL,CE,Federal Contract Tower,23,44,36,0,103,0,0,25,0,25,23,44,61,0,128,28,0,28,156
05/12/2001,ATW,WI,AGL,CE,Federal Contract Tower,15,30,23,0,68,0,0,68,0,68,15,30,91,0,136,118,0,118,254
05/13/2001,ATW,WI,AGL,CE,Federal Contract Tower,16,25,14,0,55,0,0,32,0,32,16,25,46,0,87,42,0,42,129
05/14/2001,ATW,WI,AGL,CE,Federal Contract Tower,19,40,25,0,84,0,0,38,0,38,19,40,63,0,122,4,0,4,126
05/15/2001,ATW,WI,AGL,CE,Federal Contract Tower,23,30,30,0,83,0,0,33,0,33,23,30,63,0,116,62,0,62,178
05/16/2001,ATW,WI,AGL,CE,Federal Contract Tower,25,29,57,0,111,0,0,51,0,51,25,29,108,0,162,70,0,70,232
05/17/2001,ATW,WI,AGL,CE,Federal Contract Tower,22,35,57,0,114,0,0,32,0,32,22,35,89,0,146,38,0,38,184
05/18/2001,ATW,WI,AGL,CE,Federal Contract Tower,21,29,41,0,91,0,0,53,0,53,21,29,94,0,144,96,0,96,240
05/19/2001,ATW,WI,AGL,CE,Federal Contract Tower,17,27,34,0,78,0,0,89,0,89,17,27,123,0,167,146,0,146,313
05/20/2001,ATW,WI,AGL,CE,Federal Contract Tower,16,24,12,0,52,0,0,39,0,39,16,24,51,0,91,116,0,116,207
05/21/2001,ATW,WI,AGL,CE,Federal Contract Tower,17,34,33,0,84,0,0,6,0,6,17,34,39,0,90,22,0,22,112
05/22/2001,ATW,WI,AGL,CE,Federal Contract Tower,21,43,20,0,84,0,0,18,0,18,21,43,38,0,102,22,0,22,124
05/23/2001,ATW,WI,AGL,CE,Federal Contract Tower,22,36,39,0,97,0,0,7,0,7,22,36,46,0,104,0,0,0,104
05/24/2001,ATW,WI,AGL,CE,Federal Contract Tower,20,42,46,0,108,0,0,2,0,2,20,42,48,0,110,0,0,0,110
05/25/2001,ATW,WI,AGL,CE,Federal Contract Tower,23,40,25,0,88,0,0,26,0,26,23,40,51,0,114,18,0,18,132
05/26/2001,ATW,WI,AGL,CE,Federal Contract Tower,18,28,8,0,54,0,0,16,0,16,18,28,24,0,70,16,0,16,86
05/27/2001,ATW,WI,AGL,CE,Federal Contract Tower,13,22,13,0,48,0,0,39,0,39,13,22,52,0,87,36,0,36,123
05/28/2001,ATW,WI,AGL,CE,Federal Contract Tower,18,24,14,0,56,0,0,59,0,59,18,24,73,0,115,96,0,96,211
05/29/2001,ATW,WI,AGL,CE,Federal Contract Tower,24,28,38,0,90,0,0,82,0,82,24,28,120,0,172,56,0,56,228
05/30/2001,ATW,WI,AGL,CE,Federal Contract Tower,24,33,58,0,115,0,0,75,0,75,24,33,133,0,190,34,0,34,224
05/31/2001,ATW,WI,AGL,CE,Federal Contract Tower,22,37,43,0,102,0,0,23,0,23,22,37,66,0,125,34,0,34,159
06/01/2001,ATW,WI,AGL,CE,Federal Contract Tower,21,41,22,0,84,0,1,17,0,18,21,42,39,0,102,12,0,12,114
06/02/2001,ATW,WI,AGL,CE,Federal Contract Tower,16,28,20,2,66,0,1,6,0,7,16,29,26,2,73,0,0,0,73
06/03/2001,ATW,WI,AGL,CE,Federal Contract Tower,17,25,23,0,65,0,1,40,0,41,17,26,63,0,106,62,0,62,168
06/04/2001,ATW,WI,AGL,CE,Federal Contract Tower,22,34,35,0,91,0,0,24,0,24,22,34,59,0,115,20,0,20,135
06/05/2001,ATW,WI,AGL,CE,Federal Contract Tower,20,42,28,0,90,0,1,3,0,4,20,43,31,0,94,0,0,0,94
06/06/2001,ATW,WI,AGL,CE,Federal Contract Tower,21,37,49,0,107,0,1,35,0,36,21,38,84,0,143,26,0,26,169
06/07/2001,ATW,WI,AGL,CE,Federal Contract Tower,22,42,39,0,103,0,1,39,0,40,22,43,78,0,143,50,0,50,193
06/08/2001,ATW,WI,AGL,CE,Federal Contract Tower,21,39,41,0,101,0,0,79,0,79,21,39,120,0,180,112,12,124,304
06/09/2001,ATW,WI,AGL,CE,Federal Contract Tower,15,27,9,0,51,0,1,59,0,60,15,28,68,0,111,60,0,60,171
06/10/2001,ATW,WI,AGL,CE,Federal Contract Tower,17,26,28,0,71,0,1,19,0,20,17,27,47,0,91,12,0,12,103
06/11/2001,ATW,WI,AGL,CE,Federal Contract Tower,17,28,29,0,74,6,0,27,0,33,23,28,56,0,107,28,0,28,135
06/12/2001,ATW,WI,AGL,CE,Federal Contract Tower,19,38,36,0,93,0,1,20,0,21,19,39,56,0,114,24,0,24,138
06/13/2001,ATW,WI,AGL,CE,Federal Contract Tower,22,37,32,0,91,0,1,24,0,25,22,38,56,0,116,42,0,42,158
06/14/2001,ATW,WI,AGL,CE,Federal Contract Tower,22,38,33,0,93,0,1,23,0,24,22,39,56,0,117,38,0,38,155
06/15/2001,ATW,WI,AGL,CE,Federal Contract Tower,20,39,56,0,115,0,1,0,0,1,20,40,56,0,116,6,0,6,122
06/16/2001,ATW,WI,AGL,CE,Federal Contract Tower,16,28,11,0,55,0,0,48,0,48,16,28,59,0,103,76,0,76,179
06/17/2001,ATW,WI,AGL,CE,Federal Contract Tower,14,27,17,0,58,0,0,68,0,68,14,27,85,0,126,84,0,84,210
06/18/2001,ATW,WI,AGL,CE,Federal Contract Tower,22,37,36,0,95,0,0,12,0,12,22,37,48,0,107,30,0,30,137
06/19/2001,ATW,WI,AGL,CE,Federal Contract Tower,23,39,41,0,103,0,0,45,0,45,23,39,86,0,148,34,0,34,182
06/20/2001,ATW,WI,AGL,CE,Federal Contract Tower,21,45,54,0,120,0,0,36,0,36,21,45,90,0,156,72,0,72,228
06/21/2001,ATW,WI,AGL,CE,Federal Contract Tower,21,47,47,0,115,0,0,18,0,18,21,47,65,0,133,30,0,30,163
06/22/2001,ATW,WI,AGL,CE,Federal Contract Tower,20,44,38,0,102,0,2,82,0,84,20,46,120,0,186,40,0,40,226
06/23/2001,ATW,WI,AGL,CE,Federal Contract Tower,17,30,11,0,58,0,0,0,0,0,17,30,11,0,58,86,0,86,144
06/24/2001,ATW,WI,AGL,CE,Federal Contract Tower,15,25,24,0,64,0,0,53,0,53,15,25,77,0,117,46,0,46,163
06/25/2001,ATW,WI,AGL,CE,Federal Contract Tower,20,36,36,0,92,0,0,69,0,69,20,36,105,0,161,46,0,46,207
06/26/2001,ATW,WI,AGL,CE,Federal Contract Tower,23,38,32,0,93,0,0,24,0,24,23,38,56,0,117,48,0,48,165
06/27/2001,ATW,WI,AGL,CE,Federal Contract Tower,23,36,34,0,93,0,0,36,0,36,23,36,70,0,129,30,0,30,159
06/28/2001,ATW,WI,AGL,CE,Federal Contract Tower,21,36,37,0,94,0,0,44,0,44,21,36,81,0,138,52,0,52,190
06/29/2001,ATW,WI,AGL,CE,Federal Contract Tower,19,40,19,0,78,0,0,37,0,37,19,40,56,0,115,30,2,32,147
06/30/2001,ATW,WI,AGL,CE,Federal Contract Tower,17,28,16,0,61,0,0,46,0,46,17,28,62,0,107,118,0,118,225
07/01/2001,ATW,WI,AGL,CE,Federal Contract Tower,17,24,6,0,47,0,0,40,0,40,17,24,46,0,87,14,0,14,101
07/02/2001,ATW,WI,AGL,CE,Federal Contract Tower,19,36,23,0,78,0,0,42,0,42,19,36,65,0,120,26,0,26,146
07/03/2001,ATW,WI,AGL,CE,Federal Contract Tower,24,39,16,0,79,0,0,52,0,52,24,39,68,0,131,74,0,74,205
07/04/2001,ATW,WI,AGL,CE,Federal Contract Tower,19,28,8,0,55,0,0,36,0,36,19,28,44,0,91,24,0,24,115
07/05/2001,ATW,WI,AGL,CE,Federal Contract Tower,19,35,23,0,77,0,0,48,0,48,19,35,71,0,125,18,0,18,143
07/06/2001,ATW,WI,AGL,CE,Federal Contract Tower,17,37,37,0,91,6,4,21,2,33,23,41,58,2,124,20,0,20,144
07/07/2001,ATW,WI,AGL,CE,Federal Contract Tower,21,34,11,0,66,0,0,47,0,47,21,34,58,0,113,56,0,56,169
07/08/2001,ATW,WI,AGL,CE,Federal Contract Tower,14,34,7,0,55,0,0,65,0,65,14,34,72,0,120,64,0,64,184
07/09/2001,ATW,WI,AGL,CE,Federal Contract Tower,15,42,22,0,79,0,0,48,0,48,15,42,70,0,127,42,0,42,169
07/10/2001,ATW,WI,AGL,CE,Federal Contract Tower,21,43,32,0,96,0,0,41,0,41,21,43,73,0,137,56,0,56,193
07/11/2001,ATW,WI,AGL,CE,Federal Contract Tower,22,37,42,0,101,0,0,65,0,65,22,37,107,0,166,104,0,104,270
07/12/2001,ATW,WI,AGL,CE,Federal Contract Tower,22,34,27,0,83,0,0,65,0,65,22,34,92,0,148,52,0,52,200
07/13/2001,ATW,WI,AGL,CE,Federal Contract Tower,20,40,29,0,89,0,0,49,0,49,20,40,78,0,138,72,0,72,210
07/14/2001,ATW,WI,AGL,CE,Federal Contract Tower,23,45,13,0,81,0,0,67,0,67,23,45,80,0,148,102,0,102,250
07/15/2001,ATW,WI,AGL,CE,Federal Contract Tower,16,36,17,0,69,0,0,56,0,56,16,36,73,0,125,98,0,98,223
07/16/2001,ATW,WI,AGL,CE,Federal Contract Tower,20,48,28,0,96,0,0,80,0,80,20,48,108,0,176,86,0,86,262
07/17/2001,ATW,WI,AGL,CE,Federal Contract Tower,23,48,20,0,91,0,0,20,0,20,23,48,40,0,111,66,0,66,177
07/18/2001,ATW,WI,AGL,CE,Federal Contract Tower,23,49,37,0,109,0,0,17,0,17,23,49,54,0,126,52,0,52,178
07/19/2001,ATW,WI,AGL,CE,Federal Contract Tower,23,57,39,0,119,0,0,21,0,21,23,57,60,0,140,16,2,18,158
07/20/2001,ATW,WI,AGL,CE,Federal Contract Tower,21,46,46,0,113,0,0,22,0,22,21,46,68,0,135,26,0,26,161
07/21/2001,ATW,WI,AGL,CE,Federal Contract Tower,16,32,12,0,60,0,0,82,0,82,16,32,94,0,142,42,0,42,184
07/22/2001,ATW,WI,AGL,CE,Federal Contract Tower,14,32,27,0,73,0,0,53,0,53,14,32,80,0,126,12,0,12,138
07/23/2001,ATW,WI,AGL,CE,Federal Contract Tower,16,57,59,0,132,0,0,119,0,119,16,57,178,0,251,4,0,4,255
07/24/2001,ATW,WI,AGL,CE,Federal Contract Tower,26,50,56,0,132,0,0,147,0,147,26,50,203,0,279,0,0,0,279
07/25/2001,ATW,WI,AGL,CE,Federal Contract Tower,24,66,93,0,183,0,0,151,0,151,24,66,244,0,334,44,0,44,378
07/26/2001,ATW,WI,AGL,CE,Federal Contract Tower,24,54,115,0,193,0,6,270,0,276,24,60,385,0,469,0,0,0,469
07/27/2001,ATW,WI,AGL,CE,Federal Contract Tower,21,54,102,0,177,0,0,223,0,223,21,54,325,0,400,44,0,44,444
07/28/2001,ATW,WI,AGL,CE,Federal Contract Tower,18,36,94,0,148,0,0,41,0,41,18,36,135,0,189,8,0,8,197
07/29/2001,ATW,WI,AGL,CE,Federal Contract Tower,16,36,169,0,221,0,0,114,0,114,16,36,283,0,335,12,0,12,347
07/30/2001,ATW,WI,AGL,CE,Federal Contract Tower,19,45,85,0,149,0,0,115,0,115,19,45,200,0,264,6,0,6,270
07/31/2001,ATW,WI,AGL,CE,Federal Contract Tower,21,50,30,0,101,0,0,38,0,38,21,50,68,0,139,62,2,64,203
08/01/2001,ATW,WI,AGL,CE,Federal Contract Tower,22,47,30,0,99,0,0,17,0,17,22,47,47,0,116,2,0,2,118
08/02/2001,ATW,WI,AGL,CE,Federal Contract Tower,18,52,48,0,118,0,0,51,0,51,18,52,99,0,169,12,0,12,181
08/03/2001,ATW,WI,AGL,CE,Federal Contract Tower,19,58,26,0,103,0,0,77,0,77,19,58,103,0,180,104,0,104,284
08/04/2001,ATW,WI,AGL,CE,Federal Contract Tower,15,37,14,0,66,0,0,71,0,71,15,37,85,0,137,76,0,76,213
08/05/2001,ATW,WI,AGL,CE,Federal Contract Tower,14,35,12,0,61,0,0,67,0,67,14,35,79,0,128,54,0,54,182
08/06/2001,ATW,WI,AGL,CE,Federal Contract Tower,19,45,25,0,89,0,0,54,0,54,19,45,79,0,143,90,0,90,233
08/07/2001,ATW,WI,AGL,CE,Federal Contract Tower,19,54,38,0,111,0,0,41,0,41,19,54,79,0,152,56,0,56,208
08/08/2001,ATW,WI,AGL,CE,Federal Contract Tower,21,51,53,0,125,0,0,38,0,38,21,51,91,0,163,12,0,12,175
08/09/2001,ATW,WI,AGL,CE,Federal Contract Tower,19,51,35,0,105,0,0,17,0,17,19,51,52,0,122,4,2,6,128
08/10/2001,ATW,WI,AGL,CE,Federal Contract Tower,17,46,29,0,92,0,6,46,0,52,17,52,75,0,144,46,0,46,190
08/11/2001,ATW,WI,AGL,CE,Federal Contract Tower,11,29,18,0,58,2,7,83,0,92,13,36,101,0,150,18,0,18,168
08/12/2001,ATW,WI,AGL,CE,Federal Contract Tower,15,36,15,0,66,0,0,61,0,61,15,36,76,0,127,58,0,58,185
08/13/2001,ATW,WI,AGL,CE,Federal Contract Tower,18,50,29,0,97,0,0,45,0,45,18,50,74,0,142,12,0,12,154
08/14/2001,ATW,WI,AGL,CE,Federal Contract Tower,22,49,17,0,88,0,0,65,0,65,22,49,82,0,153,68,0,68,221
08/15/2001,ATW,WI,AGL,CE,Federal Contract Tower,21,56,30,0,107,0,0,11,0,11,21,56,41,0,118,24,0,24,142
08/16/2001,ATW,WI,AGL,CE,Federal Contract Tower,21,49,38,0,108,0,0,20,0,20,21,49,58,0,128,4,0,4,132
08/17/2001,ATW,WI,AGL,CE,Federal Contract Tower,20,53,24,4,101,0,0,54,0,54,20,53,78,4,155,60,2,62,217
08/18/2001,ATW,WI,AGL,CE,Federal Contract Tower,12,34,28,6,80,0,0,2,0,2,12,34,30,6,82,4,0,4,86
08/19/2001,ATW,WI,AGL,CE,Federal Contract Tower,16,41,19,0,76,0,0,53,0,53,16,41,72,0,129,32,0,32,161
08/20/2001,ATW,WI,AGL,CE,Federal Contract Tower,17,44,27,0,88,0,0,49,0,49,17,44,76,0,137,24,0,24,161
08/21/2001,ATW,WI,AGL,CE,Federal Contract Tower,19,56,29,0,104,0,0,71,0,71,19,56,100,0,175,56,0,56,231
08/22/2001,ATW,WI,AGL,CE,Federal Contract Tower,18,52,36,0,106,0,0,22,0,22,18,52,58,0,128,22,0,22,150
08/23/2001,ATW,WI,AGL,CE,Federal Contract Tower,23,55,53,0,131,0,0,21,0,21,23,55,74,0,152,6,2,8,160
08/24/2001,ATW,WI,AGL,CE,Federal Contract Tower,23,55,31,0,109,0,0,18,0,18,23,55,49,0,127,16,0,16,143
08/25/2001,ATW,WI,AGL,CE,Federal Contract Tower,16,41,26,0,83,0,0,0,0,0,16,41,26,0,83,10,0,10,93
08/26/2001,ATW,WI,AGL,CE,Federal Contract Tower,14,38,21,0,73,0,0,56,0,56,14,38,77,0,129,96,0,96,225
08/27/2001,ATW,WI,AGL,CE,Federal Contract Tower,16,46,46,0,108,0,0,42,0,42,16,46,88,0,150,20,0,20,170
08/28/2001,ATW,WI,AGL,CE,Federal Contract Tower,20,49,23,0,92,0,0,107,0,107,20,49,130,0,199,114,0,114,313
08/29/2001,ATW,WI,AGL,CE,Federal Contract Tower,21,51,32,0,104,0,0,65,0,65,21,51,97,0,169,8,0,8,177
08/30/2001,ATW,WI,AGL,CE,Federal Contract Tower,20,49,35,0,104,0,0,48,0,48,20,49,83,0,152,22,0,22,174
08/31/2001,ATW,WI,AGL,CE,Federal Contract Tower,20,50,29,0,99,0,0,70,0,70,20,50,99,0,169,26,0,26,195
09/01/2001,ATW,WI,AGL,CE,Federal Contract Tower,13,30,7,0,50,0,0,71,0,71,13,30,78,0,121,86,0,86,207
09/02/2001,ATW,WI,AGL,CE,Federal Contract Tower,10,32,2,0,44,0,0,32,0,32,10,32,34,0,76,92,0,92,168
09/03/2001,ATW,WI,AGL,CE,Federal Contract Tower,15,36,8,0,59,0,0,32,0,32,15,36,40,0,91,30,0,30,121
09/04/2001,ATW,WI,AGL,CE,Federal Contract Tower,19,48,25,0,92,0,0,54,0,54,19,48,79,0,146,36,0,36,182
09/05/2001,ATW,WI,AGL,CE,Federal Contract Tower,21,43,43,0,107,0,0,75,0,75,21,43,118,0,182,52,0,52,234
09/06/2001,ATW,WI,AGL,CE,Federal Contract Tower,19,57,37,0,113,0,0,35,0,35,19,57,72,0,148,14,0,14,162
09/07/2001,ATW,WI,AGL,CE,Federal Contract Tower,18,57,27,0,102,0,0,4,0,4,18,57,31,0,106,0,0,0,106
09/08/2001,ATW,WI,AGL,CE,Federal Contract Tower,13,42,16,0,71,0,0,10,0,10,13,42,26,0,81,2,0,2,83
09/09/2001,ATW,WI,AGL,CE,Federal Contract Tower,14,34,10,0,58,0,0,13,0,13,14,34,23,0,71,24,0,24,95
09/10/2001,ATW,WI,AGL,CE,Federal Contract Tower,19,45,32,0,96,0,0,51,0,51,19,45,83,0,147,22,0,22,169
09/11/2001,ATW,WI,AGL,CE,Federal Contract Tower,4,12,7,0,23,2,3,7,0,12,6,15,14,0,35,6,0,6,41
09/12/2001,ATW,WI,AGL,CE,Federal Contract Tower,0,0,0,0,0,0,0,0,0,0,0,0,0,0,0,0,0,0,0
09/13/2001,ATW,WI,AGL,CE,Federal Contract Tower,6,28,0,0,34,0,0,1,0,1,6,28,1,0,35,0,0,0,35
09/14/2001,ATW,WI,AGL,CE,Federal Contract Tower,18,61,3,0,82,0,0,0,0,0,18,61,3,0,82,0,0,0,82
09/15/2001,ATW,WI,AGL,CE,Federal Contract Tower,12,36,35,0,83,0,0,0,0,0,12,36,35,0,83,0,0,0,83
09/16/2001,ATW,WI,AGL,CE,Federal Contract Tower,11,39,25,0,75,0,0,1,0,1,11,39,26,0,76,0,0,0,76
09/17/2001,ATW,WI,AGL,CE,Federal Contract Tower,17,49,24,0,90,0,0,0,0,0,17,49,24,0,90,0,0,0,90
09/18/2001,ATW,WI,AGL,CE,Federal Contract Tower,18,52,34,0,104,0,0,0,0,0,18,52,34,0,104,0,0,0,104
09/19/2001,ATW,WI,AGL,CE,Federal Contract Tower,20,58,29,0,107,0,0,0,0,0,20,58,29,0,107,0,0,0,107
09/20/2001,ATW,WI,AGL,CE,Federal Contract Tower,20,45,39,0,104,0,0,15,0,15,20,45,54,0,119,0,0,0,119
09/21/2001,ATW,WI,AGL,CE,Federal Contract Tower,21,42,25,0,88,0,0,14,0,14,21,42,39,0,102,0,0,0,102
09/22/2001,ATW,WI,AGL,CE,Federal Contract Tower,14,34,21,0,69,0,0,66,0,66,14,34,87,0,135,0,0,0,135
09/23/2001,ATW,WI,AGL,CE,Federal Contract Tower,12,35,14,0,61,0,0,0,0,0,12,35,14,0,61,0,0,0,61
09/24/2001,ATW,WI,AGL,CE,Federal Contract Tower,19,41,29,0,89,0,0,11,0,11,19,41,40,0,100,0,0,0,100
09/25/2001,ATW,WI,AGL,CE,Federal Contract Tower,22,51,38,0,111,0,0,39,0,39,22,51,77,0,150,32,0,32,182
09/26/2001,ATW,WI,AGL,CE,Federal Contract Tower,19,46,26,0,91,0,0,31,0,31,19,46,57,0,122,18,0,18,140
09/27/2001,ATW,WI,AGL,CE,Federal Contract Tower,19,47,37,0,103,0,0,58,0,58,19,47,95,0,161,28,0,28,189
09/28/2001,ATW,WI,AGL,CE,Federal Contract Tower,19,43,32,0,94,0,0,28,0,28,19,43,60,0,122,20,0,20,142
09/29/2001,ATW,WI,AGL,CE,Federal Contract Tower,13,34,17,0,64,0,0,129,0,129,13,34,146,0,193,90,0,90,283
09/30/2001,ATW,WI,AGL,CE,Federal Contract Tower,13,34,21,0,68,0,0,56,0,56,13,34,77,0,124,104,0,104,228
10/01/2001,ATW,WI,AGL,CE,Federal Contract Tower,17,41,27,0,85,0,0,35,0,35,17,41,62,0,120,36,0,36,156
10/02/2001,ATW,WI,AGL,CE,Federal Contract Tower,21,53,45,0,119,0,0,83,0,83,21,53,128,0,202,42,0,42,244
10/03/2001,ATW,WI,AGL,CE,Federal Contract Tower,21,52,38,2,113,0,0,14,0,14,21,52,52,2,127,8,0,8,135
10/04/2001,ATW,WI,AGL,CE,Federal Contract Tower,18,47,38,2,105,0,0,34,0,34,18,47,72,2,139,8,2,10,149
10/05/2001,ATW,WI,AGL,CE,Federal Contract Tower,20,45,30,0,95,0,0,45,0,45,20,45,75,0,140,14,0,14,154
10/06/2001,ATW,WI,AGL,CE,Federal Contract Tower,16,32,10,2,60,0,0,41,0,41,16,32,51,2,101,44,4,48,149
10/07/2001,ATW,WI,AGL,CE,Federal Contract Tower,8,40,14,0,62,0,0,57,0,57,8,40,71,0,119,94,0,94,213
10/08/2001,ATW,WI,AGL,CE,Federal Contract Tower,17,45,22,0,84,0,0,19,0,19,17,45,41,0,103,34,0,34,137
10/09/2001,ATW,WI,AGL,CE,Federal Contract Tower,20,52,26,0,98,0,0,16,0,16,20,52,42,0,114,10,0,10,124
10/10/2001,ATW,WI,AGL,CE,Federal Contract Tower,20,49,31,0,100,0,1,0,2,3,20,50,31,2,103,0,0,0,103
10/11/2001,ATW,WI,AGL,CE,Federal Contract Tower,39,46,39,0,124,0,0,48,0,48,39,46,87,0,172,38,0,38,210
10/12/2001,ATW,WI,AGL,CE,Federal Contract Tower,19,49,38,0,106,0,0,12,0,12,19,49,50,0,118,80,0,80,198
10/13/2001,ATW,WI,AGL,CE,Federal Contract Tower,17,37,17,0,71,0,0,0,0,0,17,37,17,0,71,0,0,0,71
10/14/2001,ATW,WI,AGL,CE,Federal Contract Tower,15,34,12,0,61,0,0,25,0,25,15,34,37,0,86,36,0,36,122
10/15/2001,ATW,WI,AGL,CE,Federal Contract Tower,19,38,39,0,96,0,0,13,0,13,19,38,52,0,109,50,0,50,159
10/16/2001,ATW,WI,AGL,CE,Federal Contract Tower,21,51,33,0,105,0,0,36,0,36,21,51,69,0,141,26,0,26,167
10/17/2001,ATW,WI,AGL,CE,Federal Contract Tower,22,59,25,0,106,0,0,95,0,95,22,59,120,0,201,78,0,78,279
10/18/2001,ATW,WI,AGL,CE,Federal Contract Tower,19,55,26,0,100,0,0,14,0,14,19,55,40,0,114,24,0,24,138
10/19/2001,ATW,WI,AGL,CE,Federal Contract Tower,19,49,47,0,115,0,0,36,0,36,19,49,83,0,151,56,0,56,207
10/20/2001,ATW,WI,AGL,CE,Federal Contract Tower,13,36,11,0,60,0,0,89,0,89,13,36,100,0,149,62,0,62,211
10/21/2001,ATW,WI,AGL,CE,Federal Contract Tower,14,32,17,0,63,0,0,59,0,59,14,32,76,0,122,64,0,64,186
10/22/2001,ATW,WI,AGL,CE,Federal Contract Tower,19,43,20,0,82,0,0,15,0,15,19,43,35,0,97,6,0,6,103
10/23/2001,ATW,WI,AGL,CE,Federal Contract Tower,22,48,38,0,108,0,0,6,0,6,22,48,44,0,114,16,0,16,130
10/24/2001,ATW,WI,AGL,CE,Federal Contract Tower,23,51,45,0,119,0,0,0,0,0,23,51,45,0,119,0,0,0,119
10/25/2001,ATW,WI,AGL,CE,Federal Contract Tower,20,48,25,0,93,0,0,5,0,5,20,48,30,0,98,0,0,0,98
10/26/2001,ATW,WI,AGL,CE,Federal Contract Tower,19,47,29,0,95,0,0,21,0,21,19,47,50,0,116,2,0,2,118
10/27/2001,ATW,WI,AGL,CE,Federal Contract Tower,12,32,15,0,59,0,0,56,0,56,12,32,71,0,115,82,0,82,197
10/28/2001,ATW,WI,AGL,CE,Federal Contract Tower,14,35,9,0,58,0,0,26,0,26,14,35,35,0,84,4,0,4,88
10/29/2001,ATW,WI,AGL,CE,Federal Contract Tower,18,47,28,0,93,0,0,20,0,20,18,47,48,0,113,28,0,28,141
10/30/2001,ATW,WI,AGL,CE,Federal Contract Tower,22,48,34,0,104,0,0,14,0,14,22,48,48,0,118,42,0,42,160
10/31/2001,ATW,WI,AGL,CE,Federal Contract Tower,20,49,36,0,105,0,0,17,0,17,20,49,53,0,122,28,0,28,150
11/01/2001,ATW,WI,AGL,CE,Federal Contract Tower,14,60,31,0,105,0,0,15,0,15,14,60,46,0,120,46,0,46,166
11/02/2001,ATW,WI,AGL,CE,Federal Contract Tower,14,60,32,0,106,0,0,16,0,16,14,60,48,0,122,20,0,20,142
11/03/2001,ATW,WI,AGL,CE,Federal Contract Tower,9,42,19,0,70,0,0,63,0,63,9,42,82,0,133,76,0,76,209
11/04/2001,ATW,WI,AGL,CE,Federal Contract Tower,11,39,10,0,60,0,0,120,0,120,11,39,130,0,180,62,0,62,242
11/05/2001,ATW,WI,AGL,CE,Federal Contract Tower,12,49,36,0,97,0,0,32,0,32,12,49,68,0,129,6,0,6,135
11/06/2001,ATW,WI,AGL,CE,Federal Contract Tower,15,62,28,0,105,0,0,25,0,25,15,62,53,0,130,18,0,18,148
11/07/2001,ATW,WI,AGL,CE,Federal Contract Tower,18,59,34,0,111,0,0,0,0,0,18,59,34,0,111,0,0,0,111
11/08/2001,ATW,WI,AGL,CE,Federal Contract Tower,15,60,25,0,100,0,0,8,0,8,15,60,33,0,108,20,0,20,128
11/09/2001,ATW,WI,AGL,CE,Federal Contract Tower,16,64,33,0,113,0,0,33,0,33,16,64,66,0,146,26,0,26,172
11/10/2001,ATW,WI,AGL,CE,Federal Contract Tower,9,39,8,0,56,0,0,54,0,54,9,39,62,0,110,46,0,46,156
11/11/2001,ATW,WI,AGL,CE,Federal Contract Tower,10,39,10,0,59,0,0,60,0,60,10,39,70,0,119,52,0,52,171
11/12/2001,ATW,WI,AGL,CE,Federal Contract Tower,11,57,37,0,105,0,0,38,0,38,11,57,75,0,143,18,0,18,161
11/13/2001,ATW,WI,AGL,CE,Federal Contract Tower,15,58,31,0,104,0,0,1,0,1,15,58,32,0,105,0,0,0,105
11/14/2001,ATW,WI,AGL,CE,Federal Contract Tower,15,57,36,0,108,0,0,0,0,0,15,57,36,0,108,4,0,4,112
11/15/2001,ATW,WI,AGL,CE,Federal Contract Tower,14,61,40,0,115,0,0,10,0,10,14,61,50,0,125,102,0,102,227
11/16/2001,ATW,WI,AGL,CE,Federal Contract Tower,14,53,29,0,96,0,0,30,0,30,14,53,59,0,126,90,0,90,216
11/17/2001,ATW,WI,AGL,CE,Federal Contract Tower,12,37,25,0,74,0,0,82,0,82,12,37,107,0,156,98,0,98,254
11/18/2001,ATW,WI,AGL,CE,Federal Contract Tower,10,42,11,0,63,0,0,24,0,24,10,42,35,0,87,34,0,34,121
11/19/2001,ATW,WI,AGL,CE,Federal Contract Tower,12,57,21,0,90,0,0,18,0,18,12,57,39,0,108,22,0,22,130
11/20/2001,ATW,WI,AGL,CE,Federal Contract Tower,14,59,29,0,102,0,0,47,0,47,14,59,76,0,149,42,0,42,191
11/21/2001,ATW,WI,AGL,CE,Federal Contract Tower,15,50,28,0,93,0,0,43,0,43,15,50,71,0,136,48,0,48,184
11/22/2001,ATW,WI,AGL,CE,Federal Contract Tower,10,35,6,0,51,0,0,45,0,45,10,35,51,0,96,8,0,8,104
11/23/2001,ATW,WI,AGL,CE,Federal Contract Tower,12,32,6,0,50,0,0,66,0,66,12,32,72,0,116,62,0,62,178
11/24/2001,ATW,WI,AGL,CE,Federal Contract Tower,9,35,15,0,59,0,0,1,0,1,9,35,16,0,60,0,0,0,60
11/25/2001,ATW,WI,AGL,CE,Federal Contract Tower,12,44,22,0,78,0,0,5,0,5,12,44,27,0,83,6,0,6,89
11/26/2001,ATW,WI,AGL,CE,Federal Contract Tower,14,46,41,0,101,0,0,6,0,6,14,46,47,0,107,6,0,6,113
11/27/2001,ATW,WI,AGL,CE,Federal Contract Tower,13,64,20,0,97,0,0,0,0,0,13,64,20,0,97,0,0,0,97
11/28/2001,ATW,WI,AGL,CE,Federal Contract Tower,14,64,29,0,107,0,0,0,0,0,14,64,29,0,107,0,0,0,107
11/29/2001,ATW,WI,AGL,CE,Federal Contract Tower,14,57,39,0,110,0,0,0,0,0,14,57,39,0,110,0,0,0,110
11/30/2001,ATW,WI,AGL,CE,Federal Contract Tower,13,58,38,0,109,0,0,0,0,0,13,58,38,0,109,0,0,0,109
12/01/2001,ATW,WI,AGL,CE,Federal Contract Tower,9,42,19,0,70,1,0,26,0,27,10,42,45,0,97,22,0,22,119
12/02/2001,ATW,WI,AGL,CE,Federal Contract Tower,9,43,10,0,62,1,0,6,0,7,10,43,16,0,69,8,0,8,77
12/03/2001,ATW,WI,AGL,CE,Federal Contract Tower,12,51,27,0,90,0,0,40,0,40,12,51,67,0,130,28,0,28,158
12/04/2001,ATW,WI,AGL,CE,Federal Contract Tower,15,56,41,0,112,0,0,30,0,30,15,56,71,0,142,22,0,22,164
12/05/2001,ATW,WI,AGL,CE,Federal Contract Tower,14,55,39,0,108,0,0,3,0,3,14,55,42,0,111,0,0,0,111
12/06/2001,ATW,WI,AGL,CE,Federal Contract Tower,13,56,40,0,109,0,0,30,0,30,13,56,70,0,139,46,0,46,185
12/07/2001,ATW,WI,AGL,CE,Federal Contract Tower,14,53,34,0,101,0,0,38,0,38,14,53,72,0,139,8,0,8,147
12/08/2001,ATW,WI,AGL,CE,Federal Contract Tower,11,36,21,0,68,0,0,12,0,12,11,36,33,0,80,16,0,16,96
12/09/2001,ATW,WI,AGL,CE,Federal Contract Tower,8,42,6,2,58,0,0,50,0,50,8,42,56,2,108,64,4,68,176
12/10/2001,ATW,WI,AGL,CE,Federal Contract Tower,15,51,28,0,94,0,0,16,0,16,15,51,44,0,110,26,0,26,136
12/11/2001,ATW,WI,AGL,CE,Federal Contract Tower,16,58,25,0,99,0,0,45,0,45,16,58,70,0,144,80,0,80,224
12/12/2001,ATW,WI,AGL,CE,Federal Contract Tower,13,57,43,0,113,0,0,12,0,12,13,57,55,0,125,6,0,6,131
12/13/2001,ATW,WI,AGL,CE,Federal Contract Tower,15,60,28,0,103,0,2,0,0,2,15,62,28,0,105,0,0,0,105
12/14/2001,ATW,WI,AGL,CE,Federal Contract Tower,15,57,28,5,105,0,0,16,0,16,15,57,44,5,121,6,0,6,127
12/15/2001,ATW,WI,AGL,CE,Federal Contract Tower,8,34,12,0,54,0,0,0,0,0,8,34,12,0,54,0,0,0,54
12/16/2001,ATW,WI,AGL,CE,Federal Contract Tower,10,31,5,0,46,0,0,0,0,0,10,31,5,0,46,0,0,0,46
12/17/2001,ATW,WI,AGL,CE,Federal Contract Tower,13,47,39,0,99,0,0,0,0,0,13,47,39,0,99,0,0,0,99
12/18/2001,ATW,WI,AGL,CE,Federal Contract Tower,18,51,35,0,104,0,0,48,0,48,18,51,83,0,152,84,0,84,236
12/19/2001,ATW,WI,AGL,CE,Federal Contract Tower,13,55,40,0,108,0,0,32,0,32,13,55,72,0,140,40,0,40,180
12/20/2001,ATW,WI,AGL,CE,Federal Contract Tower,16,46,24,0,86,0,0,36,0,36,16,46,60,0,122,24,0,24,146
12/21/2001,ATW,WI,AGL,CE,Federal Contract Tower,15,47,24,0,86,0,0,67,0,67,15,47,91,0,153,24,0,24,177
12/22/2001,ATW,WI,AGL,CE,Federal Contract Tower,13,36,4,0,53,0,0,21,0,21,13,36,25,0,74,20,0,20,94
12/23/2001,ATW,WI,AGL,CE,Federal Contract Tower,11,32,11,0,54,0,0,2,0,2,11,32,13,0,56,28,0,28,84
12/24/2001,ATW,WI,AGL,CE,Federal Contract Tower,14,35,0,0,49,0,0,2,0,2,14,35,2,0,51,0,0,0,51
12/25/2001,ATW,WI,AGL,CE,Federal Contract Tower,12,37,0,0,49,0,0,6,0,6,12,37,6,0,55,0,0,0,55
12/26/2001,ATW,WI,AGL,CE,Federal Contract Tower,15,45,19,0,79,0,0,14,0,14,15,45,33,0,93,16,0,16,109
12/27/2001,ATW,WI,AGL,CE,Federal Contract Tower,16,50,24,0,90,0,0,10,0,10,16,50,34,0,100,68,0,68,168
12/28/2001,ATW,WI,AGL,CE,Federal Contract Tower,15,52,10,0,77,0,0,22,0,22,15,52,32,0,99,30,0,30,129
12/29/2001,ATW,WI,AGL,CE,Federal Contract Tower,14,35,13,0,62,0,0,93,0,93,14,35,106,0,155,114,0,114,269
12/30/2001,ATW,WI,AGL,CE,Federal Contract Tower,13,33,4,0,50,0,0,22,0,22,13,33,26,0,72,6,0,6,78
12/31/2001,ATW,WI,AGL,CE,Federal Contract Tower,13,33,12,0,58,0,0,48,0,48,13,33,60,0,106,36,0,36,142
01/01/2002,ATW,WI,AGL,CE,Federal Contract Tower,12,34,6,0,52,0,0,34,0,34,12,34,40,0,86,20,0,20,106
01/02/2002,ATW,WI,AGL,CE,Federal Contract Tower,20,42,17,0,79,0,0,33,0,33,20,42,50,0,112,40,0,40,152
01/03/2002,ATW,WI,AGL,CE,Federal Contract Tower,20,44,35,0,99,0,0,89,4,93,20,44,124,4,192,18,0,18,210
01/04/2002,ATW,WI,AGL,CE,Federal Contract Tower,21,45,15,0,81,0,0,43,0,43,21,45,58,0,124,20,0,20,144
01/05/2002,ATW,WI,AGL,CE,Federal Contract Tower,13,35,3,0,51,0,0,57,0,57,13,35,60,0,108,86,0,86,194
01/06/2002,ATW,WI,AGL,CE,Federal Contract Tower,11,33,16,0,60,0,1,27,0,28,11,34,43,0,88,10,0,10,98
01/07/2002,ATW,WI,AGL,CE,Federal Contract Tower,20,39,27,0,86,0,0,14,0,14,20,39,41,0,100,20,0,20,120
01/08/2002,ATW,WI,AGL,CE,Federal Contract Tower,21,47,26,0,94,0,0,25,0,25,21,47,51,0,119,30,0,30,149
01/09/2002,ATW,WI,AGL,CE,Federal Contract Tower,21,48,31,0,100,0,0,35,0,35,21,48,66,0,135,4,0,4,139
01/10/2002,ATW,WI,AGL,CE,Federal Contract Tower,20,51,40,0,111,0,0,19,0,19,20,51,59,0,130,12,0,12,142
01/11/2002,ATW,WI,AGL,CE,Federal Contract Tower,20,44,34,0,98,0,1,38,0,39,20,45,72,0,137,28,2,30,167
01/12/2002,ATW,WI,AGL,CE,Federal Contract Tower,14,36,8,0,58,0,0,29,0,29,14,36,37,0,87,34,0,34,121
01/13/2002,ATW,WI,AGL,CE,Federal Contract Tower,13,31,11,0,55,0,0,53,0,53,13,31,64,0,108,100,2,102,210
01/14/2002,ATW,WI,AGL,CE,Federal Contract Tower,19,42,33,0,94,0,0,0,0,0,19,42,33,0,94,0,0,0,94
01/15/2002,ATW,WI,AGL,CE,Federal Contract Tower,19,47,27,0,93,0,0,9,0,9,19,47,36,0,102,24,0,24,126
01/16/2002,ATW,WI,AGL,CE,Federal Contract Tower,17,43,34,0,94,0,0,1,0,1,17,43,35,0,95,0,0,0,95
01/17/2002,ATW,WI,AGL,CE,Federal Contract Tower,20,55,35,0,110,0,0,20,2,22,20,55,55,2,132,26,0,26,158
01/18/2002,ATW,WI,AGL,CE,Federal Contract Tower,19,48,19,0,86,0,0,35,0,35,19,48,54,0,121,32,0,32,153
01/19/2002,ATW,WI,AGL,CE,Federal Contract Tower,12,33,14,0,59,0,0,13,0,13,12,33,27,0,72,22,0,22,94
01/20/2002,ATW,WI,AGL,CE,Federal Contract Tower,13,32,7,0,52,0,0,23,0,23,13,32,30,0,75,112,0,112,187
01/21/2002,ATW,WI,AGL,CE,Federal Contract Tower,18,41,22,0,81,0,0,24,0,24,18,41,46,0,105,34,0,34,139
01/22/2002,ATW,WI,AGL,CE,Federal Contract Tower,20,44,35,0,99,0,0,33,0,33,20,44,68,0,132,18,0,18,150
01/23/2002,ATW,WI,AGL,CE,Federal Contract Tower,21,58,30,0,109,0,0,28,0,28,21,58,58,0,137,30,0,30,167
01/24/2002,ATW,WI,AGL,CE,Federal Contract Tower,22,54,36,0,112,0,0,50,0,50,22,54,86,0,162,16,0,16,178
01/25/2002,ATW,WI,AGL,CE,Federal Contract Tower,19,55,25,0,99,0,1,35,0,36,19,56,60,0,135,4,0,4,139
01/26/2002,ATW,WI,AGL,CE,Federal Contract Tower,14,33,20,0,67,0,0,69,0,69,14,33,89,0,136,80,0,80,216
01/27/2002,ATW,WI,AGL,CE,Federal Contract Tower,14,38,13,0,65,0,0,64,0,64,14,38,77,0,129,142,0,142,271
01/28/2002,ATW,WI,AGL,CE,Federal Contract Tower,19,44,29,0,92,0,0,4,0,4,19,44,33,0,96,0,0,0,96
01/29/2002,ATW,WI,AGL,CE,Federal Contract Tower,20,46,22,0,88,0,0,6,0,6,20,46,28,0,94,0,0,0,94
01/30/2002,ATW,WI,AGL,CE,Federal Contract Tower,21,48,34,0,103,0,0,13,0,13,21,48,47,0,116,4,0,4,120
01/31/2002,ATW,WI,AGL,CE,Federal Contract Tower,16,39,21,0,76,0,0,0,0,0,16,39,21,0,76,0,0,0,76
02/01/2002,ATW,WI,AGL,CE,Federal Contract Tower,17,46,20,0,83,0,0,18,0,18,17,46,38,0,101,6,0,6,107
02/02/2002,ATW,WI,AGL,CE,Federal Contract Tower,12,32,7,0,51,0,0,43,0,43,12,32,50,0,94,142,0,142,236
02/03/2002,ATW,WI,AGL,CE,Federal Contract Tower,12,34,5,0,51,0,0,14,0,14,12,34,19,0,65,56,0,56,121
02/04/2002,ATW,WI,AGL,CE,Federal Contract Tower,16,42,30,0,88,0,0,38,0,38,16,42,68,0,126,36,0,36,162
02/05/2002,ATW,WI,AGL,CE,Federal Contract Tower,22,46,28,0,96,0,0,41,0,41,22,46,69,0,137,4,0,4,141
02/06/2002,ATW,WI,AGL,CE,Federal Contract Tower,17,47,22,0,86,0,0,18,0,18,17,47,40,0,104,10,0,10,114
02/07/2002,ATW,WI,AGL,CE,Federal Contract Tower,18,49,34,0,101,0,0,54,0,54,18,49,88,0,155,80,0,80,235
02/08/2002,ATW,WI,AGL,CE,Federal Contract Tower,20,48,33,0,101,0,0,44,0,44,20,48,77,0,145,76,0,76,221
02/09/2002,ATW,WI,AGL,CE,Federal Contract Tower,10,30,13,0,53,0,0,0,0,0,10,30,13,0,53,0,0,0,53
02/10/2002,ATW,WI,AGL,CE,Federal Contract Tower,11,34,5,0,50,0,0,16,0,16,11,34,21,0,66,6,0,6,72
02/11/2002,ATW,WI,AGL,CE,Federal Contract Tower,19,44,31,0,94,0,0,22,0,22,19,44,53,0,116,10,0,10,126
02/12/2002,ATW,WI,AGL,CE,Federal Contract Tower,19,42,27,0,88,0,0,3,0,3,19,42,30,0,91,0,0,0,91
02/13/2002,ATW,WI,AGL,CE,Federal Contract Tower,19,49,37,0,105,0,0,28,0,28,19,49,65,0,133,18,2,20,153
02/14/2002,ATW,WI,AGL,CE,Federal Contract Tower,18,52,32,0,102,0,0,28,0,28,18,52,60,0,130,18,0,18,148
02/15/2002,ATW,WI,AGL,CE,Federal Contract Tower,22,46,35,0,103,0,1,21,0,22,22,47,56,0,125,44,0,44,169
02/16/2002,ATW,WI,AGL,CE,Federal Contract Tower,11,34,15,0,60,0,0,45,0,45,11,34,60,0,105,114,0,114,219
02/17/2002,ATW,WI,AGL,CE,Federal Contract Tower,11,34,15,0,60,0,0,45,0,45,11,34,60,0,105,150,0,150,255
02/18/2002,ATW,WI,AGL,CE,Federal Contract Tower,18,39,25,0,82,0,0,46,0,46,18,39,71,0,128,20,0,20,148
02/19/2002,ATW,WI,AGL,CE,Federal Contract Tower,20,47,17,0,84,0,0,0,0,0,20,47,17,0,84,0,0,0,84
02/20/2002,ATW,WI,AGL,CE,Federal Contract Tower,18,45,30,0,93,0,0,0,0,0,18,45,30,0,93,0,0,0,93
02/21/2002,ATW,WI,AGL,CE,Federal Contract Tower,19,44,37,0,100,0,0,10,0,10,19,44,47,0,110,22,0,22,132
02/22/2002,ATW,WI,AGL,CE,Federal Contract Tower,18,43,24,4,89,0,0,52,0,52,18,43,76,4,141,16,0,16,157
02/23/2002,ATW,WI,AGL,CE,Federal Contract Tower,10,32,9,0,51,0,0,34,0,34,10,32,43,0,85,44,0,44,129
02/24/2002,ATW,WI,AGL,CE,Federal Contract Tower,11,37,7,0,55,0,0,25,0,25,11,37,32,0,80,34,0,34,114
02/25/2002,ATW,WI,AGL,CE,Federal Contract Tower,17,46,35,0,98,0,0,10,0,10,17,46,45,0,108,16,0,16,124
02/26/2002,ATW,WI,AGL,CE,Federal Contract Tower,19,49,32,0,100,0,0,4,0,4,19,49,36,0,104,4,0,4,108
02/27/2002,ATW,WI,AGL,CE,Federal Contract Tower,15,46,24,0,85,0,0,47,0,47,15,46,71,0,132,20,0,20,152
02/28/2002,ATW,WI,AGL,CE,Federal Contract Tower,19,51,49,0,119,0,0,15,0,15,19,51,64,0,134,42,0,42,176
03/01/2002,ATW,WI,AGL,CE,Federal Contract Tower,18,46,30,0,94,0,0,31,0,31,18,46,61,0,125,50,0,50,175
03/02/2002,ATW,WI,AGL,CE,Federal Contract Tower,9,29,6,0,44,0,0,0,0,0,9,29,6,0,44,0,0,0,44
03/03/2002,ATW,WI,AGL,CE,Federal Contract Tower,11,32,4,0,47,0,0,3,0,3,11,32,7,0,50,4,2,6,56
03/04/2002,ATW,WI,AGL,CE,Federal Contract Tower,16,49,32,0,97,0,0,14,0,14,16,49,46,0,111,22,0,22,133
03/05/2002,ATW,WI,AGL,CE,Federal Contract Tower,18,45,36,0,99,0,0,14,0,14,18,45,50,0,113,16,0,16,129
03/06/2002,ATW,WI,AGL,CE,Federal Contract Tower,20,46,36,0,102,0,0,8,0,8,20,46,44,0,110,10,0,10,120
03/07/2002,ATW,WI,AGL,CE,Federal Contract Tower,19,41,23,0,83,0,0,11,0,11,19,41,34,0,94,28,0,28,122
03/08/2002,ATW,WI,AGL,CE,Federal Contract Tower,15,30,15,0,60,0,0,0,0,0,15,30,15,0,60,0,0,0,60
03/09/2002,ATW,WI,AGL,CE,Federal Contract Tower,10,39,9,0,58,0,0,1,0,1,10,39,10,0,59,0,0,0,59
03/10/2002,ATW,WI,AGL,CE,Federal Contract Tower,11,32,9,0,52,0,0,13,0,13,11,32,22,0,65,0,0,0,65
03/11/2002,ATW,WI,AGL,CE,Federal Contract Tower,16,48,48,0,112,0,0,33,0,33,16,48,81,0,145,58,0,58,203
03/12/2002,ATW,WI,AGL,CE,Federal Contract Tower,19,46,38,0,103,0,0,52,0,52,19,46,90,0,155,52,0,52,207
03/13/2002,ATW,WI,AGL,CE,Federal Contract Tower,18,47,26,0,91,0,0,38,0,38,18,47,64,0,129,32,0,32,161
03/14/2002,ATW,WI,AGL,CE,Federal Contract Tower,17,36,24,0,77,0,0,3,1,4,17,36,27,1,81,0,0,0,81
03/15/2002,ATW,WI,AGL,CE,Federal Contract Tower,18,43,17,0,78,0,0,7,0,7,18,43,24,0,85,0,0,0,85
03/16/2002,ATW,WI,AGL,CE,Federal Contract Tower,10,33,3,0,46,0,0,89,0,89,10,33,92,0,135,82,0,82,217
03/17/2002,ATW,WI,AGL,CE,Federal Contract Tower,11,34,10,0,55,0,0,27,0,27,11,34,37,0,82,40,0,40,122
03/18/2002,ATW,WI,AGL,CE,Federal Contract Tower,16,39,40,0,95,0,0,21,0,21,16,39,61,0,116,0,0,0,116
03/19/2002,ATW,WI,AGL,CE,Federal Contract Tower,18,50,29,0,97,1,0,0,0,1,19,50,29,0,98,0,0,0,98
03/20/2002,ATW,WI,AGL,CE,Federal Contract Tower,19,44,30,0,93,0,0,12,0,12,19,44,42,0,105,4,0,4,109
03/21/2002,ATW,WI,AGL,CE,Federal Contract Tower,17,44,37,0,98,0,0,8,0,8,17,44,45,0,106,10,0,10,116
03/22/2002,ATW,WI,AGL,CE,Federal Contract Tower,17,47,33,0,97,0,0,26,0,26,17,47,59,0,123,8,0,8,131
03/23/2002,ATW,WI,AGL,CE,Federal Contract Tower,8,35,11,0,54,0,0,61,0,61,8,35,72,0,115,50,0,50,165
03/24/2002,ATW,WI,AGL,CE,Federal Contract Tower,9,31,12,0,52,0,0,32,0,32,9,31,44,0,84,64,0,64,148
03/25/2002,ATW,WI,AGL,CE,Federal Contract Tower,14,49,41,0,104,0,0,8,0,8,14,49,49,0,112,22,0,22,134
03/26/2002,ATW,WI,AGL,CE,Federal Contract Tower,15,41,33,0,89,0,8,30,0,38,15,49,63,0,127,62,0,62,189
03/27/2002,ATW,WI,AGL,CE,Federal Contract Tower,18,45,33,0,96,0,0,50,0,50,18,45,83,0,146,54,0,54,200
03/28/2002,ATW,WI,AGL,CE,Federal Contract Tower,19,48,32,0,99,0,0,11,0,11,19,48,43,0,110,18,0,18,128
03/29/2002,ATW,WI,AGL,CE,Federal Contract Tower,18,45,19,0,82,0,0,38,0,38,18,45,57,0,120,42,0,42,162
03/30/2002,ATW,WI,AGL,CE,Federal Contract Tower,12,33,17,0,62,0,0,31,0,31,12,33,48,0,93,28,0,28,121
03/31/2002,ATW,WI,AGL,CE,Federal Contract Tower,11,33,8,0,52,0,0,15,0,15,11,33,23,0,67,8,0,8,75
04/01/2002,ATW,WI,AGL,CE,Federal Contract Tower,17,36,21,0,74,1,0,11,0,12,18,36,32,0,86,14,0,14,100
04/02/2002,ATW,WI,AGL,CE,Federal Contract Tower,18,43,24,0,85,1,0,0,0,1,19,43,24,0,86,0,0,0,86
04/03/2002,ATW,WI,AGL,CE,Federal Contract Tower,18,48,35,0,101,1,0,15,0,16,19,48,50,0,117,6,0,6,123
04/04/2002,ATW,WI,AGL,CE,Federal Contract Tower,19,42,30,0,91,0,1,40,0,41,19,43,70,0,132,36,0,36,168
04/05/2002,ATW,WI,AGL,CE,Federal Contract Tower,19,45,27,0,91,0,1,27,0,28,19,46,54,0,119,12,0,12,131
04/06/2002,ATW,WI,AGL,CE,Federal Contract Tower,13,30,13,0,56,0,1,62,0,63,13,31,75,0,119,52,0,52,171
04/07/2002,ATW,WI,AGL,CE,Federal Contract Tower,12,31,11,0,54,0,0,0,0,0,12,31,11,0,54,0,0,0,54
04/08/2002,ATW,WI,AGL,CE,Federal Contract Tower,16,52,39,0,107,0,0,0,0,0,16,52,39,0,107,0,0,0,107
04/09/2002,ATW,WI,AGL,CE,Federal Contract Tower,22,50,49,0,121,0,0,60,0,60,22,50,109,0,181,22,0,22,203
04/10/2002,ATW,WI,AGL,CE,Federal Contract Tower,20,41,49,2,112,0,0,48,0,48,20,41,97,2,160,50,2,52,212
04/11/2002,ATW,WI,AGL,CE,Federal Contract Tower,18,46,29,0,93,0,0,24,0,24,18,46,53,0,117,8,0,8,125
04/12/2002,ATW,WI,AGL,CE,Federal Contract Tower,16,48,34,0,98,0,0,34,0,34,16,48,68,0,132,28,0,28,160
04/13/2002,ATW,WI,AGL,CE,Federal Contract Tower,11,34,8,0,53,0,0,84,0,84,11,34,92,0,137,64,0,64,201
04/14/2002,ATW,WI,AGL,CE,Federal Contract Tower,11,32,10,0,53,0,0,12,0,12,11,32,22,0,65,40,0,40,105
04/15/2002,ATW,WI,AGL,CE,Federal Contract Tower,17,41,44,0,102,0,0,26,0,26,17,41,70,0,128,32,0,32,160
04/16/2002,ATW,WI,AGL,CE,Federal Contract Tower,19,44,28,0,91,0,1,36,0,37,19,45,64,0,128,50,0,50,178
04/17/2002,ATW,WI,AGL,CE,Federal Contract Tower,18,51,50,0,119,0,0,44,0,44,18,51,94,0,163,52,0,52,215
04/18/2002,ATW,WI,AGL,CE,Federal Contract Tower,16,56,36,0,108,0,0,9,0,9,16,56,45,0,117,18,0,18,135
04/19/2002,ATW,WI,AGL,CE,Federal Contract Tower,17,51,33,0,101,0,0,35,0,35,17,51,68,0,136,30,0,30,166
04/20/2002,ATW,WI,AGL,CE,Federal Contract Tower,10,32,11,0,53,0,0,85,0,85,10,32,96,0,138,61,0,61,199
04/21/2002,ATW,WI,AGL,CE,Federal Contract Tower,11,32,10,0,53,0,0,1,0,1,11,32,11,0,54,0,0,0,54
04/22/2002,ATW,WI,AGL,CE,Federal Contract Tower,16,44,40,0,100,0,0,27,0,27,16,44,67,0,127,60,0,60,187
04/23/2002,ATW,WI,AGL,CE,Federal Contract Tower,18,43,40,0,101,0,0,65,0,65,18,43,105,0,166,68,0,68,234
04/24/2002,ATW,WI,AGL,CE,Federal Contract Tower,18,50,33,0,101,0,0,12,0,12,18,50,45,0,113,0,0,0,113
04/25/2002,ATW,WI,AGL,CE,Federal Contract Tower,18,44,54,0,116,0,0,30,0,30,18,44,84,0,146,12,0,12,158
04/26/2002,ATW,WI,AGL,CE,Federal Contract Tower,16,53,23,0,92,0,0,54,0,54,16,53,77,0,146,70,0,70,216
04/27/2002,ATW,WI,AGL,CE,Federal Contract Tower,13,29,3,0,45,0,0,9,0,9,13,29,12,0,54,78,0,78,132
04/28/2002,ATW,WI,AGL,CE,Federal Contract Tower,12,31,13,0,56,0,0,5,0,5,12,31,18,0,61,42,0,42,103
04/29/2002,ATW,WI,AGL,CE,Federal Contract Tower,18,43,31,2,94,0,0,34,0,34,18,43,65,2,128,0,0,0,128
04/30/2002,ATW,WI,AGL,CE,Federal Contract Tower,18,49,39,2,108,0,0,0,0,0,18,49,39,2,108,62,0,62,170
05/01/2002,ATW,WI,AGL,CE,Federal Contract Tower,18,48,33,0,99,0,0,45,0,45,18,48,78,0,144,76,0,76,220
05/02/2002,ATW,WI,AGL,CE,Federal Contract Tower,17,45,41,0,103,0,3,40,0,43,17,48,81,0,146,20,0,20,166
05/03/2002,ATW,WI,AGL,CE,Federal Contract Tower,17,44,34,0,95,0,0,58,0,58,17,44,92,0,153,56,0,56,209
05/04/2002,ATW,WI,AGL,CE,Federal Contract Tower,10,34,8,0,52,0,0,60,0,60,10,34,68,0,112,60,0,60,172
05/05/2002,ATW,WI,AGL,CE,Federal Contract Tower,12,29,17,0,58,0,0,48,0,48,12,29,65,0,106,74,0,74,180
05/06/2002,ATW,WI,AGL,CE,Federal Contract Tower,16,47,32,0,95,0,0,14,0,14,16,47,46,0,109,18,0,18,127
05/07/2002,ATW,WI,AGL,CE,Federal Contract Tower,20,42,39,0,101,0,0,24,0,24,20,42,63,0,125,68,0,68,193
05/08/2002,ATW,WI,AGL,CE,Federal Contract Tower,22,40,39,0,101,0,0,3,0,3,22,40,42,0,104,0,0,0,104
05/09/2002,ATW,WI,AGL,CE,Federal Contract Tower,21,41,37,0,99,0,0,8,0,8,21,41,45,0,107,6,0,6,113
05/10/2002,ATW,WI,AGL,CE,Federal Contract Tower,18,45,39,0,102,0,0,40,0,40,18,45,79,0,142,16,0,16,158
05/11/2002,ATW,WI,AGL,CE,Federal Contract Tower,11,35,8,0,54,0,0,19,0,19,11,35,27,0,73,46,0,46,119
05/12/2002,ATW,WI,AGL,CE,Federal Contract Tower,14,30,20,0,64,0,0,5,0,5,14,30,25,0,69,0,0,0,69
05/13/2002,ATW,WI,AGL,CE,Federal Contract Tower,18,43,51,0,112,0,0,24,0,24,18,43,75,0,136,36,0,36,172
05/14/2002,ATW,WI,AGL,CE,Federal Contract Tower,18,45,32,0,95,0,0,52,0,52,18,45,84,0,147,56,0,56,203
05/15/2002,ATW,WI,AGL,CE,Federal Contract Tower,18,44,40,0,102,0,0,40,0,40,18,44,80,0,142,24,0,24,166
05/16/2002,ATW,WI,AGL,CE,Federal Contract Tower,18,42,50,0,110,0,0,39,0,39,18,42,89,0,149,32,0,32,181
05/17/2002,ATW,WI,AGL,CE,Federal Contract Tower,18,42,27,0,87,0,0,36,0,36,18,42,63,0,123,60,0,60,183
05/18/2002,ATW,WI,AGL,CE,Federal Contract Tower,12,31,8,0,51,0,0,72,0,72,12,31,80,0,123,70,0,70,193
05/19/2002,ATW,WI,AGL,CE,Federal Contract Tower,13,31,14,0,58,0,0,54,0,54,13,31,68,0,112,60,0,60,172
05/20/2002,ATW,WI,AGL,CE,Federal Contract Tower,17,43,36,0,96,0,0,50,0,50,17,43,86,0,146,76,0,76,222
05/21/2002,ATW,WI,AGL,CE,Federal Contract Tower,19,43,46,0,108,0,1,84,0,85,19,44,130,0,193,94,0,94,287
05/22/2002,ATW,WI,AGL,CE,Federal Contract Tower,18,53,36,0,107,0,0,30,0,30,18,53,66,0,137,0,2,2,139
05/23/2002,ATW,WI,AGL,CE,Federal Contract Tower,18,49,49,0,116,0,0,14,0,14,18,49,63,0,130,6,0,6,136
05/24/2002,ATW,WI,AGL,CE,Federal Contract Tower,18,47,43,0,108,0,0,57,0,57,18,47,100,0,165,72,0,72,237
05/25/2002,ATW,WI,AGL,CE,Federal Contract Tower,10,33,11,0,54,0,0,13,0,13,10,33,24,0,67,0,0,0,67
05/26/2002,ATW,WI,AGL,CE,Federal Contract Tower,10,18,14,0,42,0,0,42,0,42,10,18,56,0,84,54,0,54,138
05/27/2002,ATW,WI,AGL,CE,Federal Contract Tower,10,33,27,0,70,0,0,41,0,41,10,33,68,0,111,86,0,86,197
05/28/2002,ATW,WI,AGL,CE,Federal Contract Tower,16,42,33,0,91,0,0,46,0,46,16,42,79,0,137,40,0,40,177
05/29/2002,ATW,WI,AGL,CE,Federal Contract Tower,21,45,35,4,105,0,1,21,0,22,21,46,56,4,127,46,0,46,173
05/30/2002,ATW,WI,AGL,CE,Federal Contract Tower,19,49,54,0,122,0,0,27,0,27,19,49,81,0,149,34,0,34,183
05/31/2002,ATW,WI,AGL,CE,Federal Contract Tower,18,47,16,0,81,0,0,74,0,74,18,47,90,0,155,98,0,98,253
06/01/2002,ATW,WI,AGL,CE,Federal Contract Tower,13,30,15,0,58,0,0,51,0,51,13,30,66,0,109,92,0,92,201
06/02/2002,ATW,WI,AGL,CE,Federal Contract Tower,11,32,18,0,61,0,0,46,0,46,11,32,64,0,107,64,0,64,171
06/03/2002,ATW,WI,AGL,CE,Federal Contract Tower,13,41,36,0,90,0,0,0,0,0,13,41,36,0,90,0,0,0,90
06/04/2002,ATW,WI,AGL,CE,Federal Contract Tower,17,47,35,0,99,0,0,0,0,0,17,47,35,0,99,0,0,0,99
06/05/2002,ATW,WI,AGL,CE,Federal Contract Tower,20,41,39,0,100,0,0,42,0,42,20,41,81,0,142,18,0,18,160
06/06/2002,ATW,WI,AGL,CE,Federal Contract Tower,19,43,38,0,100,0,0,61,0,61,19,43,99,0,161,60,0,60,221
06/07/2002,ATW,WI,AGL,CE,Federal Contract Tower,18,40,40,2,100,0,2,52,0,54,18,42,92,2,154,18,0,18,172
06/08/2002,ATW,WI,AGL,CE,Federal Contract Tower,12,30,27,0,69,0,0,57,0,57,12,30,84,0,126,46,0,46,172
06/09/2002,ATW,WI,AGL,CE,Federal Contract Tower,16,32,20,2,70,0,0,68,0,68,16,32,88,2,138,26,0,26,164
06/10/2002,ATW,WI,AGL,CE,Federal Contract Tower,17,42,39,0,98,0,5,15,0,20,17,47,54,0,118,16,0,16,134
06/11/2002,ATW,WI,AGL,CE,Federal Contract Tower,17,47,26,0,90,0,0,11,0,11,17,47,37,0,101,38,0,38,139
06/12/2002,ATW,WI,AGL,CE,Federal Contract Tower,19,45,48,0,112,0,0,34,0,34,19,45,82,0,146,30,0,30,176
06/13/2002,ATW,WI,AGL,CE,Federal Contract Tower,19,45,38,0,102,0,0,11,0,11,19,45,49,0,113,40,0,40,153
06/14/2002,ATW,WI,AGL,CE,Federal Contract Tower,16,50,38,0,104,0,0,13,0,13,16,50,51,0,117,8,0,8,125
06/15/2002,ATW,WI,AGL,CE,Federal Contract Tower,11,32,7,0,50,0,0,33,0,33,11,32,40,0,83,26,0,26,109
06/16/2002,ATW,WI,AGL,CE,Federal Contract Tower,10,31,12,0,53,0,0,42,0,42,10,31,54,0,95,20,0,20,115
06/17/2002,ATW,WI,AGL,CE,Federal Contract Tower,18,47,24,0,89,0,0,41,0,41,18,47,65,0,130,22,0,22,152
06/18/2002,ATW,WI,AGL,CE,Federal Contract Tower,20,44,34,0,98,0,0,42,0,42,20,44,76,0,140,42,0,42,182
06/19/2002,ATW,WI,AGL,CE,Federal Contract Tower,19,43,39,0,101,0,0,22,0,22,19,43,61,0,123,34,0,34,157
06/20/2002,ATW,WI,AGL,CE,Federal Contract Tower,18,36,27,0,81,0,0,38,0,38,18,36,65,0,119,42,0,42,161
06/21/2002,ATW,WI,AGL,CE,Federal Contract Tower,22,38,31,0,91,0,0,9,0,9,22,38,40,0,100,20,0,20,120
06/22/2002,ATW,WI,AGL,CE,Federal Contract Tower,21,30,13,0,64,0,0,10,0,10,21,30,23,0,74,10,0,10,84
06/23/2002,ATW,WI,AGL,CE,Federal Contract Tower,13,31,19,0,63,0,0,36,0,36,13,31,55,0,99,18,0,18,117
06/24/2002,ATW,WI,AGL,CE,Federal Contract Tower,17,42,40,0,99,0,0,31,0,31,17,42,71,0,130,38,0,38,168
06/25/2002,ATW,WI,AGL,CE,Federal Contract Tower,17,51,44,0,112,0,0,20,0,20,17,51,64,0,132,26,0,26,158
06/26/2002,ATW,WI,AGL,CE,Federal Contract Tower,17,47,34,0,98,0,0,11,0,11,17,47,45,0,109,26,0,26,135
06/27/2002,ATW,WI,AGL,CE,Federal Contract Tower,17,46,52,0,115,0,0,51,0,51,17,46,103,0,166,90,2,92,258
06/28/2002,ATW,WI,AGL,CE,Federal Contract Tower,17,45,36,0,98,0,0,54,0,54,17,45,90,0,152,56,0,56,208
06/29/2002,ATW,WI,AGL,CE,Federal Contract Tower,11,30,17,0,58,0,0,65,0,65,11,30,82,0,123,54,0,54,177
06/30/2002,ATW,WI,AGL,CE,Federal Contract Tower,12,27,18,0,57,0,0,31,0,31,12,27,49,0,88,28,0,28,116
07/01/2002,ATW,WI,AGL,CE,Federal Contract Tower,16,39,33,0,88,0,0,38,0,38,16,39,71,0,126,38,0,38,164
07/02/2002,ATW,WI,AGL,CE,Federal Contract Tower,18,45,36,0,99,0,0,33,0,33,18,45,69,0,132,46,0,46,178
07/03/2002,ATW,WI,AGL,CE,Federal Contract Tower,17,49,27,0,93,0,0,47,0,47,17,49,74,0,140,16,0,16,156
07/04/2002,ATW,WI,AGL,CE,Federal Contract Tower,14,22,11,0,47,0,0,34,0,34,14,22,45,0,81,18,0,18,99
07/05/2002,ATW,WI,AGL,CE,Federal Contract Tower,12,30,17,0,59,0,0,73,0,73,12,30,90,0,132,50,0,50,182
07/06/2002,ATW,WI,AGL,CE,Federal Contract Tower,12,29,8,0,49,0,0,44,0,44,12,29,52,0,93,30,0,30,123
07/07/2002,ATW,WI,AGL,CE,Federal Contract Tower,12,32,19,0,63,0,0,45,0,45,12,32,64,0,108,48,0,48,156
07/08/2002,ATW,WI,AGL,CE,Federal Contract Tower,17,44,28,0,89,0,0,5,0,5,17,44,33,0,94,6,0,6,100
07/09/2002,ATW,WI,AGL,CE,Federal Contract Tower,19,50,55,0,124,0,0,10,0,10,19,50,65,0,134,42,0,42,176
07/10/2002,ATW,WI,AGL,CE,Federal Contract Tower,22,39,43,0,104,0,0,21,0,21,22,39,64,0,125,22,0,22,147
07/11/2002,ATW,WI,AGL,CE,Federal Contract Tower,20,40,40,0,100,0,0,65,0,65,20,40,105,0,165,16,0,16,181
07/12/2002,ATW,WI,AGL,CE,Federal Contract Tower,22,43,40,0,105,0,0,82,0,82,22,43,122,0,187,40,0,40,227
07/13/2002,ATW,WI,AGL,CE,Federal Contract Tower,13,30,6,0,49,0,0,66,0,66,13,30,72,0,115,52,0,52,167
07/14/2002,ATW,WI,AGL,CE,Federal Contract Tower,15,32,17,0,64,0,0,40,0,40,15,32,57,0,104,22,0,22,126
07/15/2002,ATW,WI,AGL,CE,Federal Contract Tower,17,45,45,0,107,0,0,60,0,60,17,45,105,0,167,80,0,80,247
07/16/2002,ATW,WI,AGL,CE,Federal Contract Tower,20,44,48,0,112,0,0,75,0,75,20,44,123,0,187,50,0,50,237
07/17/2002,ATW,WI,AGL,CE,Federal Contract Tower,22,44,45,0,111,0,0,66,0,66,22,44,111,0,177,70,0,70,247
07/18/2002,ATW,WI,AGL,CE,Federal Contract Tower,20,54,43,0,117,0,0,14,0,14,20,54,57,0,131,16,0,16,147
07/19/2002,ATW,WI,AGL,CE,Federal Contract Tower,19,46,58,0,123,0,0,50,0,50,19,46,108,0,173,24,0,24,197
07/20/2002,ATW,WI,AGL,CE,Federal Contract Tower,11,30,19,0,60,0,0,53,0,53,11,30,72,0,113,22,0,22,135
07/21/2002,ATW,WI,AGL,CE,Federal Contract Tower,17,24,24,0,65,0,0,61,0,61,17,24,85,0,126,0,0,0,126
07/22/2002,ATW,WI,AGL,CE,Federal Contract Tower,19,48,63,0,130,0,0,90,0,90,19,48,153,0,220,0,0,0,220
07/23/2002,ATW,WI,AGL,CE,Federal Contract Tower,22,43,76,0,141,0,0,129,0,129,22,43,205,0,270,0,0,0,270
07/24/2002,ATW,WI,AGL,CE,Federal Contract Tower,21,41,90,0,152,0,0,308,0,308,21,41,398,0,460,2,0,2,462
07/25/2002,ATW,WI,AGL,CE,Federal Contract Tower,21,46,118,0,185,0,0,336,0,336,21,46,454,0,521,0,0,0,521
07/26/2002,ATW,WI,AGL,CE,Federal Contract Tower,20,48,129,0,197,0,0,282,0,282,20,48,411,0,479,0,0,0,479
07/27/2002,ATW,WI,AGL,CE,Federal Contract Tower,14,39,86,0,139,0,0,264,0,264,14,39,350,0,403,4,0,4,407
07/28/2002,ATW,WI,AGL,CE,Federal Contract Tower,12,30,97,0,139,0,0,301,0,301,12,30,398,0,440,6,0,6,446
07/29/2002,ATW,WI,AGL,CE,Federal Contract Tower,18,45,92,0,155,0,0,202,0,202,18,45,294,0,357,56,0,56,413
07/30/2002,ATW,WI,AGL,CE,Federal Contract Tower,20,47,55,0,122,0,0,103,0,103,20,47,158,0,225,64,0,64,289
07/31/2002,ATW,WI,AGL,CE,Federal Contract Tower,20,44,30,0,94,0,0,41,0,41,20,44,71,0,135,88,0,88,223
08/01/2002,ATW,WI,AGL,CE,Federal Contract Tower,20,34,41,0,95,0,0,53,0,53,20,34,94,0,148,20,0,20,168
08/02/2002,ATW,WI,AGL,CE,Federal Contract Tower,19,40,39,0,98,0,0,60,0,60,19,40,99,0,158,64,0,64,222
08/03/2002,ATW,WI,AGL,CE,Federal Contract Tower,12,30,18,0,60,0,0,71,0,71,12,30,89,0,131,92,0,92,223
08/04/2002,ATW,WI,AGL,CE,Federal Contract Tower,13,28,31,0,72,0,0,49,0,49,13,28,80,0,121,42,0,42,163
08/05/2002,ATW,WI,AGL,CE,Federal Contract Tower,18,35,44,0,97,0,0,33,0,33,18,35,77,0,130,28,0,28,158
08/06/2002,ATW,WI,AGL,CE,Federal Contract Tower,23,41,25,0,89,0,0,55,0,55,23,41,80,0,144,58,0,58,202
08/07/2002,ATW,WI,AGL,CE,Federal Contract Tower,20,39,49,0,108,0,0,78,0,78,20,39,127,0,186,112,0,112,298
08/08/2002,ATW,WI,AGL,CE,Federal Contract Tower,21,44,38,0,103,0,0,55,0,55,21,44,93,0,158,34,0,34,192
08/09/2002,ATW,WI,AGL,CE,Federal Contract Tower,19,40,40,0,99,0,0,70,0,70,19,40,110,0,169,90,0,90,259
08/10/2002,ATW,WI,AGL,CE,Federal Contract Tower,11,31,9,0,51,0,0,54,0,54,11,31,63,0,105,20,0,20,125
08/11/2002,ATW,WI,AGL,CE,Federal Contract Tower,14,29,18,0,61,0,0,42,0,42,14,29,60,0,103,12,0,12,115
08/12/2002,ATW,WI,AGL,CE,Federal Contract Tower,16,41,44,0,101,0,3,23,0,26,16,44,67,0,127,10,0,10,137
08/13/2002,ATW,WI,AGL,CE,Federal Contract Tower,18,45,55,0,118,0,0,17,0,17,18,45,72,0,135,14,0,14,149
08/14/2002,ATW,WI,AGL,CE,Federal Contract Tower,21,43,44,0,108,0,0,70,0,70,21,43,114,0,178,100,0,100,278
08/15/2002,ATW,WI,AGL,CE,Federal Contract Tower,20,38,46,0,104,0,0,37,0,37,20,38,83,0,141,36,0,36,177
08/16/2002,ATW,WI,AGL,CE,Federal Contract Tower,18,45,40,0,103,0,0,70,0,70,18,45,110,0,173,70,0,70,243
08/17/2002,ATW,WI,AGL,CE,Federal Contract Tower,11,30,8,0,49,0,0,14,0,14,11,30,22,0,63,12,0,12,75
08/18/2002,ATW,WI,AGL,CE,Federal Contract Tower,17,27,27,0,71,0,0,40,0,40,17,27,67,0,111,46,0,46,157
08/19/2002,ATW,WI,AGL,CE,Federal Contract Tower,17,46,50,0,113,0,0,75,0,75,17,46,125,0,188,50,0,50,238
08/20/2002,ATW,WI,AGL,CE,Federal Contract Tower,18,41,35,0,94,0,0,85,0,85,18,41,120,0,179,70,0,70,249
08/21/2002,ATW,WI,AGL,CE,Federal Contract Tower,20,50,23,0,93,0,0,1,0,1,20,50,24,0,94,0,0,0,94
08/22/2002,ATW,WI,AGL,CE,Federal Contract Tower,18,51,46,0,115,0,0,8,0,8,18,51,54,0,123,14,0,14,137
08/23/2002,ATW,WI,AGL,CE,Federal Contract Tower,17,43,36,0,96,0,0,0,0,0,17,43,36,0,96,0,0,0,96
08/24/2002,ATW,WI,AGL,CE,Federal Contract Tower,12,36,27,0,75,0,0,47,0,47,12,36,74,0,122,62,0,62,184
08/25/2002,ATW,WI,AGL,CE,Federal Contract Tower,14,31,25,0,70,0,0,41,0,41,14,31,66,0,111,54,0,54,165
08/26/2002,ATW,WI,AGL,CE,Federal Contract Tower,18,39,38,0,95,0,0,55,0,55,18,39,93,0,150,94,0,94,244
08/27/2002,ATW,WI,AGL,CE,Federal Contract Tower,20,53,38,0,111,0,0,20,0,20,20,53,58,0,131,10,0,10,141
08/28/2002,ATW,WI,AGL,CE,Federal Contract Tower,20,55,37,0,112,0,0,54,2,56,20,55,91,2,168,12,0,12,180
08/29/2002,ATW,WI,AGL,CE,Federal Contract Tower,22,43,49,0,114,0,0,69,0,69,22,43,118,0,183,68,0,68,251
08/30/2002,ATW,WI,AGL,CE,Federal Contract Tower,22,44,40,0,106,0,0,73,0,73,22,44,113,0,179,72,0,72,251
08/31/2002,ATW,WI,AGL,CE,Federal Contract Tower,10,31,11,0,52,0,0,46,0,46,10,31,57,0,98,66,0,66,164
09/01/2002,ATW,WI,AGL,CE,Federal Contract Tower,13,26,6,0,45,0,0,44,0,44,13,26,50,0,89,54,0,54,143
09/02/2002,ATW,WI,AGL,CE,Federal Contract Tower,10,36,5,0,51,0,0,12,0,12,10,36,17,0,63,2,0,2,65
09/03/2002,ATW,WI,AGL,CE,Federal Contract Tower,19,41,36,0,96,0,0,25,0,25,19,41,61,0,121,50,0,50,171
09/04/2002,ATW,WI,AGL,CE,Federal Contract Tower,20,47,43,0,110,0,0,51,0,51,20,47,94,0,161,40,0,40,201
09/05/2002,ATW,WI,AGL,CE,Federal Contract Tower,20,40,33,0,93,0,0,43,0,43,20,40,76,0,136,44,0,44,180
09/06/2002,ATW,WI,AGL,CE,Federal Contract Tower,17,44,34,0,95,0,0,23,0,23,17,44,57,0,118,14,0,14,132
09/07/2002,ATW,WI,AGL,CE,Federal Contract Tower,15,31,22,0,68,0,0,74,0,74,15,31,96,0,142,76,0,76,218
09/08/2002,ATW,WI,AGL,CE,Federal Contract Tower,17,30,16,0,63,0,0,59,0,59,17,30,75,0,122,10,0,10,132
09/09/2002,ATW,WI,AGL,CE,Federal Contract Tower,19,40,38,0,97,0,0,35,0,35,19,40,73,0,132,12,0,12,144
09/10/2002,ATW,WI,AGL,CE,Federal Contract Tower,20,36,39,0,95,0,0,16,0,16,20,36,55,0,111,8,0,8,119
09/11/2002,ATW,WI,AGL,CE,Federal Contract Tower,16,44,40,0,100,0,0,42,0,42,16,44,82,0,142,16,0,16,158
09/12/2002,ATW,WI,AGL,CE,Federal Contract Tower,22,42,40,0,104,0,0,64,0,64,22,42,104,0,168,72,0,72,240
09/13/2002,ATW,WI,AGL,CE,Federal Contract Tower,19,48,33,0,100,0,0,39,0,39,19,48,72,0,139,24,0,24,163
09/14/2002,ATW,WI,AGL,CE,Federal Contract Tower,11,39,14,0,64,0,0,24,2,26,11,39,38,2,90,32,8,40,130
09/15/2002,ATW,WI,AGL,CE,Federal Contract Tower,15,31,19,0,65,0,0,38,0,38,15,31,57,0,103,22,0,22,125
09/16/2002,ATW,WI,AGL,CE,Federal Contract Tower,19,54,40,0,113,0,0,33,2,35,19,54,73,2,148,30,0,30,178
09/17/2002,ATW,WI,AGL,CE,Federal Contract Tower,21,45,50,0,116,0,0,51,0,51,21,45,101,0,167,42,0,42,209
09/18/2002,ATW,WI,AGL,CE,Federal Contract Tower,22,45,37,0,104,0,0,11,0,11,22,45,48,0,115,16,0,16,131
09/19/2002,ATW,WI,AGL,CE,Federal Contract Tower,20,40,49,0,109,0,0,6,0,6,20,40,55,0,115,16,0,16,131
09/20/2002,ATW,WI,AGL,CE,Federal Contract Tower,19,44,42,0,105,0,0,6,0,6,19,44,48,0,111,0,0,0,111
09/21/2002,ATW,WI,AGL,CE,Federal Contract Tower,16,28,19,0,63,0,0,71,0,71,16,28,90,0,134,72,0,72,206
09/22/2002,ATW,WI,AGL,CE,Federal Contract Tower,13,31,11,0,55,0,0,36,0,36,13,31,47,0,91,20,0,20,111
09/23/2002,ATW,WI,AGL,CE,Federal Contract Tower,18,50,35,0,103,0,0,29,0,29,18,50,64,0,132,2,0,2,134
09/24/2002,ATW,WI,AGL,CE,Federal Contract Tower,20,42,57,0,119,0,0,44,0,44,20,42,101,0,163,40,0,40,203
09/25/2002,ATW,WI,AGL,CE,Federal Contract Tower,21,48,45,0,114,0,0,18,0,18,21,48,63,0,132,32,0,32,164
09/26/2002,ATW,WI,AGL,CE,Federal Contract Tower,21,39,47,0,107,0,0,5,0,5,21,39,52,0,112,2,0,2,114
09/27/2002,ATW,WI,AGL,CE,Federal Contract Tower,19,40,27,0,86,0,0,30,0,30,19,40,57,0,116,42,0,42,158
09/28/2002,ATW,WI,AGL,CE,Federal Contract Tower,14,29,18,0,61,0,0,60,0,60,14,29,78,0,121,24,1,25,146
09/29/2002,ATW,WI,AGL,CE,Federal Contract Tower,16,33,16,0,65,0,0,13,0,13,16,33,29,0,78,62,0,62,140
09/30/2002,ATW,WI,AGL,CE,Federal Contract Tower,16,43,23,0,82,0,0,17,0,17,16,43,40,0,99,6,0,6,105
10/01/2002,ATW,WI,AGL,CE,Federal Contract Tower,21,41,37,0,99,0,2,36,0,38,21,43,73,0,137,50,0,50,187
10/02/2002,ATW,WI,AGL,CE,Federal Contract Tower,23,42,48,0,113,0,2,2,0,4,23,44,50,0,117,0,0,0,117
10/03/2002,ATW,WI,AGL,CE,Federal Contract Tower,20,40,44,0,104,0,2,32,0,34,20,42,76,0,138,20,0,20,158
10/04/2002,ATW,WI,AGL,CE,Federal Contract Tower,20,34,29,0,83,0,2,5,0,7,20,36,34,0,90,0,0,0,90
10/05/2002,ATW,WI,AGL,CE,Federal Contract Tower,13,25,15,0,53,0,2,59,0,61,13,27,74,0,114,66,0,66,180
10/06/2002,ATW,WI,AGL,CE,Federal Contract Tower,14,26,16,0,56,0,2,4,0,6,14,28,20,0,62,16,0,16,78
10/07/2002,ATW,WI,AGL,CE,Federal Contract Tower,19,38,43,0,100,0,2,34,0,36,19,40,77,0,136,50,0,50,186
10/08/2002,ATW,WI,AGL,CE,Federal Contract Tower,19,38,37,0,94,0,2,16,0,18,19,40,53,0,112,4,0,4,116
10/09/2002,ATW,WI,AGL,CE,Federal Contract Tower,21,38,41,0,100,0,1,47,0,48,21,39,88,0,148,44,0,44,192
10/10/2002,ATW,WI,AGL,CE,Federal Contract Tower,21,43,44,0,108,0,1,20,0,21,21,44,64,0,129,6,0,6,135
10/11/2002,ATW,WI,AGL,CE,Federal Contract Tower,18,43,36,0,97,0,1,55,0,56,18,44,91,0,153,60,0,60,213
10/12/2002,ATW,WI,AGL,CE,Federal Contract Tower,14,26,12,2,54,0,1,29,0,30,14,27,41,2,84,0,0,0,84
10/13/2002,ATW,WI,AGL,CE,Federal Contract Tower,14,29,14,0,57,0,1,41,0,42,14,30,55,0,99,18,0,18,117
10/14/2002,ATW,WI,AGL,CE,Federal Contract Tower,18,32,46,0,96,0,1,33,0,34,18,33,79,0,130,10,0,10,140
10/15/2002,ATW,WI,AGL,CE,Federal Contract Tower,20,37,35,0,92,0,1,23,0,24,20,38,58,0,116,20,0,20,136
10/16/2002,ATW,WI,AGL,CE,Federal Contract Tower,20,35,30,0,85,0,1,54,0,55,20,36,84,0,140,70,0,70,210
10/17/2002,ATW,WI,AGL,CE,Federal Contract Tower,22,40,28,0,90,0,1,45,0,46,22,41,73,0,136,40,0,40,176
10/18/2002,ATW,WI,AGL,CE,Federal Contract Tower,20,42,36,0,98,0,1,5,0,6,20,43,41,0,104,0,0,0,104
10/19/2002,ATW,WI,AGL,CE,Federal Contract Tower,14,25,18,0,57,0,1,26,0,27,14,26,44,0,84,74,0,74,158
10/20/2002,ATW,WI,AGL,CE,Federal Contract Tower,12,28,53,0,93,0,0,0,0,0,12,28,53,0,93,70,0,70,163
10/21/2002,ATW,WI,AGL,CE,Federal Contract Tower,19,33,29,0,81,0,4,8,0,12,19,37,37,0,93,0,0,0,93
10/22/2002,ATW,WI,AGL,CE,Federal Contract Tower,22,43,42,0,107,0,1,5,0,6,22,44,47,0,113,2,0,2,115
10/23/2002,ATW,WI,AGL,CE,Federal Contract Tower,21,42,34,0,97,0,1,38,0,39,21,43,72,0,136,20,0,20,156
10/24/2002,ATW,WI,AGL,CE,Federal Contract Tower,20,43,41,0,104,0,1,23,0,24,20,44,64,0,128,48,0,48,176
10/25/2002,ATW,WI,AGL,CE,Federal Contract Tower,19,41,32,0,92,0,1,1,0,2,19,42,33,0,94,0,0,0,94
10/26/2002,ATW,WI,AGL,CE,Federal Contract Tower,13,27,21,0,61,0,1,36,0,37,13,28,57,0,98,32,0,32,130
10/27/2002,ATW,WI,AGL,CE,Federal Contract Tower,16,29,10,0,55,0,1,75,0,76,16,30,85,0,131,18,0,18,149
10/28/2002,ATW,WI,AGL,CE,Federal Contract Tower,18,39,38,0,95,0,1,33,0,34,18,40,71,0,129,48,0,48,177
10/29/2002,ATW,WI,AGL,CE,Federal Contract Tower,20,43,39,0,102,0,1,33,0,34,20,44,72,0,136,32,0,32,168
10/30/2002,ATW,WI,AGL,CE,Federal Contract Tower,20,44,38,0,102,0,1,22,0,23,20,45,60,0,125,30,0,30,155
10/31/2002,ATW,WI,AGL,CE,Federal Contract Tower,20,43,24,0,87,0,1,21,0,22,20,44,45,0,109,12,0,12,121
11/01/2002,ATW,WI,AGL,CE,Federal Contract Tower,19,41,38,0,98,0,0,34,0,34,19,41,72,0,132,32,0,32,164
11/02/2002,ATW,WI,AGL,CE,Federal Contract Tower,12,31,19,0,62,0,0,66,0,66,12,31,85,0,128,94,0,94,222
11/03/2002,ATW,WI,AGL,CE,Federal Contract Tower,14,30,20,0,64,0,0,61,0,61,14,30,81,0,125,38,0,38,163
11/04/2002,ATW,WI,AGL,CE,Federal Contract Tower,19,42,38,0,99,0,0,53,0,53,19,42,91,0,152,36,0,36,188
11/05/2002,ATW,WI,AGL,CE,Federal Contract Tower,17,43,35,0,95,0,0,0,0,0,17,43,35,0,95,0,0,0,95
11/06/2002,ATW,WI,AGL,CE,Federal Contract Tower,20,47,44,0,111,0,0,14,0,14,20,47,58,0,125,0,0,0,125
11/07/2002,ATW,WI,AGL,CE,Federal Contract Tower,19,45,52,0,116,0,0,37,0,37,19,45,89,0,153,10,0,10,163
11/08/2002,ATW,WI,AGL,CE,Federal Contract Tower,21,43,27,0,91,0,0,46,0,46,21,43,73,0,137,48,0,48,185
11/09/2002,ATW,WI,AGL,CE,Federal Contract Tower,13,30,26,0,69,0,0,33,0,33,13,30,59,0,102,104,0,104,206
11/10/2002,ATW,WI,AGL,CE,Federal Contract Tower,14,27,14,0,55,0,0,8,0,8,14,27,22,0,63,22,0,22,85
11/11/2002,ATW,WI,AGL,CE,Federal Contract Tower,19,42,30,0,91,0,0,11,0,11,19,42,41,0,102,26,0,26,128
11/12/2002,ATW,WI,AGL,CE,Federal Contract Tower,20,39,40,0,99,0,0,26,0,26,20,39,66,0,125,36,0,36,161
11/13/2002,ATW,WI,AGL,CE,Federal Contract Tower,20,42,27,0,89,0,0,35,0,35,20,42,62,0,124,50,0,50,174
11/14/2002,ATW,WI,AGL,CE,Federal Contract Tower,20,41,30,0,91,0,0,24,0,24,20,41,54,0,115,106,0,106,221
11/15/2002,ATW,WI,AGL,CE,Federal Contract Tower,20,42,30,0,92,0,0,42,0,42,20,42,72,0,134,58,0,58,192
11/16/2002,ATW,WI,AGL,CE,Federal Contract Tower,13,31,23,0,67,0,0,66,0,66,13,31,89,0,133,74,0,74,207
11/17/2002,ATW,WI,AGL,CE,Federal Contract Tower,18,35,16,0,69,0,0,81,0,81,18,35,97,0,150,70,0,70,220
11/18/2002,ATW,WI,AGL,CE,Federal Contract Tower,18,40,34,0,92,0,0,7,0,7,18,40,41,0,99,10,0,10,109
11/19/2002,ATW,WI,AGL,CE,Federal Contract Tower,17,49,41,0,107,0,0,49,0,49,17,49,90,0,156,34,0,34,190
11/20/2002,ATW,WI,AGL,CE,Federal Contract Tower,20,45,37,0,102,0,0,34,0,34,20,45,71,0,136,44,0,44,180
11/21/2002,ATW,WI,AGL,CE,Federal Contract Tower,21,43,34,0,98,0,0,13,0,13,21,43,47,0,111,58,0,58,169
11/22/2002,ATW,WI,AGL,CE,Federal Contract Tower,20,45,40,0,105,0,0,36,0,36,20,45,76,0,141,40,0,40,181
11/23/2002,ATW,WI,AGL,CE,Federal Contract Tower,15,32,14,0,61,0,0,37,0,37,15,32,51,0,98,54,0,54,152
11/24/2002,ATW,WI,AGL,CE,Federal Contract Tower,16,38,8,0,62,0,0,56,0,56,16,38,64,0,118,68,0,68,186
11/25/2002,ATW,WI,AGL,CE,Federal Contract Tower,18,40,25,0,83,0,0,21,0,21,18,40,46,0,104,36,0,36,140
11/26/2002,ATW,WI,AGL,CE,Federal Contract Tower,18,45,44,0,107,0,0,22,0,22,18,45,66,0,129,16,0,16,145
11/27/2002,ATW,WI,AGL,CE,Federal Contract Tower,21,40,32,0,93,0,0,28,0,28,21,40,60,0,121,42,0,42,163
11/28/2002,ATW,WI,AGL,CE,Federal Contract Tower,10,25,0,0,35,0,0,17,0,17,10,25,17,0,52,2,0,2,54
11/29/2002,ATW,WI,AGL,CE,Federal Contract Tower,12,28,6,0,46,0,0,15,0,15,12,28,21,0,61,2,0,2,63
11/30/2002,ATW,WI,AGL,CE,Federal Contract Tower,15,26,0,0,41,0,0,5,0,5,15,26,5,0,46,2,0,2,48
12/01/2002,ATW,WI,AGL,CE,Federal Contract Tower,16,33,23,0,72,0,0,22,0,22,16,33,45,0,94,42,0,42,136
12/02/2002,ATW,WI,AGL,CE,Federal Contract Tower,15,37,25,0,77,0,0,30,0,30,15,37,55,0,107,16,0,16,123
12/03/2002,ATW,WI,AGL,CE,Federal Contract Tower,22,41,31,0,94,0,0,41,0,41,22,41,72,0,135,36,0,36,171
12/04/2002,ATW,WI,AGL,CE,Federal Contract Tower,19,42,24,0,85,0,0,25,0,25,19,42,49,0,110,40,0,40,150
12/05/2002,ATW,WI,AGL,CE,Federal Contract Tower,20,42,30,0,92,0,0,17,0,17,20,42,47,0,109,40,0,40,149
12/06/2002,ATW,WI,AGL,CE,Federal Contract Tower,20,42,27,0,89,0,0,36,0,36,20,42,63,0,125,30,0,30,155
12/07/2002,ATW,WI,AGL,CE,Federal Contract Tower,15,28,9,0,52,0,0,43,0,43,15,28,52,0,95,34,0,34,129
12/08/2002,ATW,WI,AGL,CE,Federal Contract Tower,15,30,16,0,61,0,0,92,0,92,15,30,108,0,153,70,0,70,223
12/09/2002,ATW,WI,AGL,CE,Federal Contract Tower,18,39,33,0,90,0,0,37,0,37,18,39,70,0,127,24,0,24,151
12/10/2002,ATW,WI,AGL,CE,Federal Contract Tower,19,43,35,0,97,0,0,43,0,43,19,43,78,0,140,30,0,30,170
12/11/2002,ATW,WI,AGL,CE,Federal Contract Tower,0,41,38,0,79,22,0,82,0,104,22,41,120,0,183,64,2,66,249
12/12/2002,ATW,WI,AGL,CE,Federal Contract Tower,20,48,33,0,101,0,0,9,0,9,20,48,42,0,110,28,0,28,138
12/13/2002,ATW,WI,AGL,CE,Federal Contract Tower,19,46,23,0,88,0,0,5,0,5,19,46,28,0,93,0,0,0,93
12/14/2002,ATW,WI,AGL,CE,Federal Contract Tower,15,29,16,0,60,0,0,90,0,90,15,29,106,0,150,54,0,54,204
12/15/2002,ATW,WI,AGL,CE,Federal Contract Tower,15,30,10,0,55,0,0,41,0,41,15,30,51,0,96,56,0,56,152
12/16/2002,ATW,WI,AGL,CE,Federal Contract Tower,19,41,31,0,91,0,0,19,0,19,19,41,50,0,110,50,0,50,160
12/17/2002,ATW,WI,AGL,CE,Federal Contract Tower,20,47,41,0,108,0,0,15,0,15,20,47,56,0,123,8,0,8,131
12/18/2002,ATW,WI,AGL,CE,Federal Contract Tower,21,46,28,0,95,0,0,4,0,4,21,46,32,0,99,0,0,0,99
12/19/2002,ATW,WI,AGL,CE,Federal Contract Tower,20,42,28,0,90,0,0,20,0,20,20,42,48,0,110,8,0,8,118
12/20/2002,ATW,WI,AGL,CE,Federal Contract Tower,18,27,46,0,91,0,0,5,0,5,18,27,51,0,96,4,0,4,100
12/21/2002,ATW,WI,AGL,CE,Federal Contract Tower,13,31,5,0,49,0,0,41,0,41,13,31,46,0,90,10,0,10,100
12/22/2002,ATW,WI,AGL,CE,Federal Contract Tower,13,28,12,0,53,1,6,0,0,7,14,34,12,0,60,4,0,4,64
12/23/2002,ATW,WI,AGL,CE,Federal Contract Tower,14,30,16,0,60,7,4,18,0,29,21,34,34,0,89,10,0,10,99
12/24/2002,ATW,WI,AGL,CE,Federal Contract Tower,15,31,18,0,64,0,0,25,0,25,15,31,43,0,89,50,0,50,139
12/25/2002,ATW,WI,AGL,CE,Federal Contract Tower,11,22,12,0,45,0,4,5,0,9,11,26,17,0,54,0,0,0,54
12/26/2002,ATW,WI,AGL,CE,Federal Contract Tower,16,32,19,0,67,4,10,52,0,66,20,42,71,0,133,20,0,20,153
12/27/2002,ATW,WI,AGL,CE,Federal Contract Tower,19,39,24,0,82,0,5,46,0,51,19,44,70,0,133,15,0,15,148
12/28/2002,ATW,WI,AGL,CE,Federal Contract Tower,12,31,12,0,55,0,1,0,0,1,12,32,12,0,56,0,0,0,56
12/29/2002,ATW,WI,AGL,CE,Federal Contract Tower,14,28,16,0,58,1,3,0,0,4,15,31,16,0,62,22,0,22,84
12/30/2002,ATW,WI,AGL,CE,Federal Contract Tower,15,32,17,0,64,3,9,0,0,12,18,41,17,0,76,0,0,0,76
12/31/2002,ATW,WI,AGL,CE,Federal Contract Tower,14,29,18,0,61,3,3,47,0,53,17,32,65,0,114,32,0,32,146
01/01/2003,ATW,WI,AGL,CE,Federal Contract Tower,14,31,13,0,58,0,1,26,0,27,14,32,39,0,85,20,0,20,105
01/02/2003,ATW,WI,AGL,CE,Federal Contract Tower,19,37,14,0,70,0,1,3,0,4,19,38,17,0,74,4,0,4,78
01/03/2003,ATW,WI,AGL,CE,Federal Contract Tower,22,40,22,0,84,0,1,36,0,37,22,41,58,0,121,48,0,48,169
01/04/2003,ATW,WI,AGL,CE,Federal Contract Tower,12,32,10,0,54,0,1,14,0,15,12,33,24,0,69,74,0,74,143
01/05/2003,ATW,WI,AGL,CE,Federal Contract Tower,15,30,9,0,54,0,1,0,0,1,15,31,9,0,55,0,0,0,55
01/06/2003,ATW,WI,AGL,CE,Federal Contract Tower,20,40,24,0,84,0,0,25,0,25,20,40,49,0,109,26,0,26,135
01/07/2003,ATW,WI,AGL,CE,Federal Contract Tower,21,44,30,0,95,0,0,33,0,33,21,44,63,0,128,16,0,16,144
01/08/2003,ATW,WI,AGL,CE,Federal Contract Tower,21,41,35,0,97,0,0,48,0,48,21,41,83,0,145,26,0,26,171
01/09/2003,ATW,WI,AGL,CE,Federal Contract Tower,20,43,43,0,106,0,0,12,0,12,20,43,55,0,118,8,0,8,126
01/10/2003,ATW,WI,AGL,CE,Federal Contract Tower,20,45,24,0,89,0,0,14,0,14,20,45,38,0,103,34,0,34,137
01/11/2003,ATW,WI,AGL,CE,Federal Contract Tower,15,32,7,0,54,0,0,32,0,32,15,32,39,0,86,40,0,40,126
01/12/2003,ATW,WI,AGL,CE,Federal Contract Tower,15,32,8,0,55,0,0,45,0,45,15,32,53,0,100,36,0,36,136
01/13/2003,ATW,WI,AGL,CE,Federal Contract Tower,18,43,31,0,92,0,0,21,0,21,18,43,52,0,113,50,0,50,163
01/14/2003,ATW,WI,AGL,CE,Federal Contract Tower,21,49,26,0,96,0,0,16,0,16,21,49,42,0,112,12,0,12,124
01/15/2003,ATW,WI,AGL,CE,Federal Contract Tower,20,40,27,0,87,0,0,16,0,16,20,40,43,0,103,14,0,14,117
01/16/2003,ATW,WI,AGL,CE,Federal Contract Tower,21,47,37,0,105,0,0,21,0,21,21,47,58,0,126,28,0,28,154
01/17/2003,ATW,WI,AGL,CE,Federal Contract Tower,18,43,34,0,95,0,0,29,0,29,18,43,63,0,124,52,0,52,176
01/18/2003,ATW,WI,AGL,CE,Federal Contract Tower,13,31,14,0,58,0,0,13,0,13,13,31,27,0,71,12,0,12,83
01/19/2003,ATW,WI,AGL,CE,Federal Contract Tower,16,29,7,0,52,0,0,10,0,10,16,29,17,0,62,2,0,2,64
01/20/2003,ATW,WI,AGL,CE,Federal Contract Tower,22,42,24,0,88,0,0,14,0,14,22,42,38,0,102,2,0,2,104
01/21/2003,ATW,WI,AGL,CE,Federal Contract Tower,23,49,17,0,89,0,0,34,0,34,23,49,51,0,123,16,0,16,139
01/22/2003,ATW,WI,AGL,CE,Federal Contract Tower,21,47,34,0,102,0,0,15,0,15,21,47,49,0,117,0,2,2,119
01/23/2003,ATW,WI,AGL,CE,Federal Contract Tower,20,44,24,0,88,0,0,23,0,23,20,44,47,0,111,30,0,30,141
01/24/2003,ATW,WI,AGL,CE,Federal Contract Tower,23,45,12,0,80,0,0,8,0,8,23,45,20,0,88,16,0,16,104
01/25/2003,ATW,WI,AGL,CE,Federal Contract Tower,20,31,11,0,62,0,0,10,0,10,20,31,21,0,72,50,0,50,122
01/26/2003,ATW,WI,AGL,CE,Federal Contract Tower,13,30,2,0,45,0,0,15,0,15,13,30,17,0,60,30,0,30,90
01/27/2003,ATW,WI,AGL,CE,Federal Contract Tower,19,38,37,0,94,0,0,14,0,14,19,38,51,0,108,2,0,2,110
01/28/2003,ATW,WI,AGL,CE,Federal Contract Tower,15,52,30,0,97,0,0,2,0,2,15,52,32,0,99,0,0,0,99
01/29/2003,ATW,WI,AGL,CE,Federal Contract Tower,19,44,49,0,112,0,0,65,4,69,19,44,114,4,181,42,0,42,223
01/30/2003,ATW,WI,AGL,CE,Federal Contract Tower,20,43,33,0,96,0,0,20,0,20,20,43,53,0,116,8,0,8,124
01/31/2003,ATW,WI,AGL,CE,Federal Contract Tower,16,47,12,0,75,0,0,2,0,2,16,47,14,0,77,30,0,30,107
02/01/2003,ATW,WI,AGL,CE,Federal Contract Tower,12,23,11,0,46,1,0,11,0,12,13,23,22,0,58,24,0,24,82
02/02/2003,ATW,WI,AGL,CE,Federal Contract Tower,11,27,9,0,47,1,0,0,0,1,12,27,9,0,48,0,0,0,48
02/03/2003,ATW,WI,AGL,CE,Federal Contract Tower,19,36,21,0,76,1,0,0,0,1,20,36,21,0,77,0,0,0,77
02/04/2003,ATW,WI,AGL,CE,Federal Contract Tower,19,41,29,0,89,1,0,4,0,5,20,41,33,0,94,6,0,6,100
02/05/2003,ATW,WI,AGL,CE,Federal Contract Tower,20,47,30,0,97,1,0,14,0,15,21,47,44,0,112,28,0,28,140
02/06/2003,ATW,WI,AGL,CE,Federal Contract Tower,23,38,35,0,96,0,1,19,0,20,23,39,54,0,116,36,0,36,152
02/07/2003,ATW,WI,AGL,CE,Federal Contract Tower,22,46,34,0,102,0,0,38,0,38,22,46,72,0,140,42,0,42,182
02/08/2003,ATW,WI,AGL,CE,Federal Contract Tower,15,26,6,0,47,0,1,5,0,6,15,27,11,0,53,16,0,16,69
02/09/2003,ATW,WI,AGL,CE,Federal Contract Tower,15,31,6,0,52,0,1,25,0,26,15,32,31,0,78,62,0,62,140
02/10/2003,ATW,WI,AGL,CE,Federal Contract Tower,18,40,22,0,80,0,1,14,0,15,18,41,36,0,95,8,0,8,103
02/11/2003,ATW,WI,AGL,CE,Federal Contract Tower,24,40,12,0,76,0,1,2,0,3,24,41,14,0,79,14,0,14,93
02/12/2003,ATW,WI,AGL,CE,Federal Contract Tower,21,45,24,0,90,0,1,6,0,7,21,46,30,0,97,14,0,14,111
02/13/2003,ATW,WI,AGL,CE,Federal Contract Tower,19,43,33,0,95,0,1,19,0,20,19,44,52,0,115,34,0,34,149
02/14/2003,ATW,WI,AGL,CE,Federal Contract Tower,17,41,24,0,82,0,1,27,0,28,17,42,51,0,110,14,0,14,124
02/15/2003,ATW,WI,AGL,CE,Federal Contract Tower,11,26,19,0,56,0,1,43,0,44,11,27,62,0,100,48,0,48,148
02/16/2003,ATW,WI,AGL,CE,Federal Contract Tower,11,30,11,0,52,0,1,55,0,56,11,31,66,0,108,70,0,70,178
02/17/2003,ATW,WI,AGL,CE,Federal Contract Tower,19,43,27,0,89,0,1,25,0,26,19,44,52,0,115,6,0,6,121
02/18/2003,ATW,WI,AGL,CE,Federal Contract Tower,21,38,24,0,83,0,0,10,0,10,21,38,34,0,93,36,0,36,129
02/19/2003,ATW,WI,AGL,CE,Federal Contract Tower,18,45,32,0,95,0,0,45,0,45,18,45,77,0,140,70,0,70,210
02/20/2003,ATW,WI,AGL,CE,Federal Contract Tower,17,45,31,0,93,0,0,33,0,33,17,45,64,0,126,12,0,12,138
02/21/2003,ATW,WI,AGL,CE,Federal Contract Tower,17,51,29,0,97,0,0,30,0,30,17,51,59,0,127,50,0,50,177
02/22/2003,ATW,WI,AGL,CE,Federal Contract Tower,11,24,2,0,37,0,0,9,0,9,11,24,11,0,46,28,0,28,74
02/23/2003,ATW,WI,AGL,CE,Federal Contract Tower,15,30,8,0,53,0,0,40,0,40,15,30,48,0,93,60,0,60,153
02/24/2003,ATW,WI,AGL,CE,Federal Contract Tower,15,43,28,0,86,0,0,4,0,4,15,43,32,0,90,8,0,8,98
02/25/2003,ATW,WI,AGL,CE,Federal Contract Tower,24,50,33,0,107,0,0,37,0,37,24,50,70,0,144,14,0,14,158
02/26/2003,ATW,WI,AGL,CE,Federal Contract Tower,18,41,26,0,85,0,0,47,0,47,18,41,73,0,132,74,0,74,206
02/27/2003,ATW,WI,AGL,CE,Federal Contract Tower,18,42,21,0,81,0,0,44,0,44,18,42,65,0,125,30,0,30,155
02/28/2003,ATW,WI,AGL,CE,Federal Contract Tower,18,46,34,0,98,0,0,48,0,48,18,46,82,0,146,88,0,88,234
03/01/2003,ATW,WI,AGL,CE,Federal Contract Tower,18,33,2,0,53,1,0,60,0,61,19,33,62,0,114,60,0,60,174
03/02/2003,ATW,WI,AGL,CE,Federal Contract Tower,13,34,6,0,53,0,0,22,0,22,13,34,28,0,75,20,0,20,95
03/03/2003,ATW,WI,AGL,CE,Federal Contract Tower,16,37,18,0,71,2,2,0,0,4,18,39,18,0,75,0,0,0,75
03/04/2003,ATW,WI,AGL,CE,Federal Contract Tower,17,49,24,0,90,0,0,6,0,6,17,49,30,0,96,10,0,10,106
03/05/2003,ATW,WI,AGL,CE,Federal Contract Tower,18,48,19,0,85,0,0,22,0,22,18,48,41,0,107,44,0,44,151
03/06/2003,ATW,WI,AGL,CE,Federal Contract Tower,18,43,12,0,73,0,0,27,0,27,18,43,39,0,100,26,0,26,126
03/07/2003,ATW,WI,AGL,CE,Federal Contract Tower,18,41,35,0,94,0,0,20,0,20,18,41,55,0,114,20,0,20,134
03/08/2003,ATW,WI,AGL,CE,Federal Contract Tower,13,25,6,0,44,0,0,4,0,4,13,25,10,0,48,0,0,0,48
03/09/2003,ATW,WI,AGL,CE,Federal Contract Tower,12,30,6,0,48,0,0,17,0,17,12,30,23,0,65,18,0,18,83
03/10/2003,ATW,WI,AGL,CE,Federal Contract Tower,16,41,27,0,84,0,0,30,0,30,16,41,57,0,114,12,0,12,126
03/11/2003,ATW,WI,AGL,CE,Federal Contract Tower,18,47,20,0,85,0,0,18,0,18,18,47,38,0,103,10,0,10,113
03/12/2003,ATW,WI,AGL,CE,Federal Contract Tower,18,44,25,0,87,0,0,11,0,11,18,44,36,0,98,22,0,22,120
03/13/2003,ATW,WI,AGL,CE,Federal Contract Tower,18,47,21,0,86,0,0,45,0,45,18,47,66,0,131,58,0,58,189
03/14/2003,ATW,WI,AGL,CE,Federal Contract Tower,17,42,21,0,80,0,0,27,0,27,17,42,48,0,107,44,0,44,151
03/15/2003,ATW,WI,AGL,CE,Federal Contract Tower,11,21,12,0,44,0,0,48,0,48,11,21,60,0,92,58,0,58,150
03/16/2003,ATW,WI,AGL,CE,Federal Contract Tower,12,35,24,0,71,0,0,41,0,41,12,35,65,0,112,68,0,68,180
03/17/2003,ATW,WI,AGL,CE,Federal Contract Tower,15,38,45,0,98,0,0,5,0,5,15,38,50,0,103,18,0,18,121
03/18/2003,ATW,WI,AGL,CE,Federal Contract Tower,18,43,41,0,102,0,0,4,0,4,18,43,45,0,106,0,0,0,106
03/19/2003,ATW,WI,AGL,CE,Federal Contract Tower,19,36,25,0,80,0,0,2,0,2,19,36,27,0,82,34,0,34,116
03/20/2003,ATW,WI,AGL,CE,Federal Contract Tower,12,22,8,0,42,0,0,0,0,0,12,22,8,0,42,0,0,0,42
03/21/2003,ATW,WI,AGL,CE,Federal Contract Tower,18,36,12,0,66,0,0,4,0,4,18,36,16,0,70,6,0,6,76
03/22/2003,ATW,WI,AGL,CE,Federal Contract Tower,11,32,10,0,53,0,0,12,0,12,11,32,22,0,65,0,0,0,65
03/23/2003,ATW,WI,AGL,CE,Federal Contract Tower,13,31,5,0,49,0,0,69,0,69,13,31,74,0,118,62,0,62,180
03/24/2003,ATW,WI,AGL,CE,Federal Contract Tower,17,40,25,0,82,0,0,17,0,17,17,40,42,0,99,10,0,10,109
03/25/2003,ATW,WI,AGL,CE,Federal Contract Tower,18,29,44,0,91,0,0,66,2,68,18,29,110,2,159,38,0,38,197
03/26/2003,ATW,WI,AGL,CE,Federal Contract Tower,18,42,34,0,94,0,0,72,0,72,18,42,106,0,166,40,0,40,206
03/27/2003,ATW,WI,AGL,CE,Federal Contract Tower,21,41,33,0,95,0,0,0,0,0,21,41,33,0,95,0,0,0,95
03/28/2003,ATW,WI,AGL,CE,Federal Contract Tower,18,40,15,0,73,0,0,2,0,2,18,40,17,0,75,0,0,0,75
03/29/2003,ATW,WI,AGL,CE,Federal Contract Tower,13,29,10,0,52,0,0,14,0,14,13,29,24,0,66,12,0,12,78
03/30/2003,ATW,WI,AGL,CE,Federal Contract Tower,15,28,23,0,66,0,0,25,0,25,15,28,48,0,91,90,0,90,181
03/31/2003,ATW,WI,AGL,CE,Federal Contract Tower,18,38,13,0,69,0,0,19,0,19,18,38,32,0,88,34,0,34,122
04/01/2003,ATW,WI,AGL,CE,Federal Contract Tower,18,37,30,0,85,0,0,16,0,16,18,37,46,0,101,46,0,46,147
04/02/2003,ATW,WI,AGL,CE,Federal Contract Tower,19,44,36,0,99,0,0,20,0,20,19,44,56,0,119,0,0,0,119
04/03/2003,ATW,WI,AGL,CE,Federal Contract Tower,18,38,18,0,74,0,0,0,0,0,18,38,18,0,74,0,0,0,74
04/04/2003,ATW,WI,AGL,CE,Federal Contract Tower,14,25,11,0,50,0,0,0,0,0,14,25,11,0,50,0,0,0,50
04/05/2003,ATW,WI,AGL,CE,Federal Contract Tower,15,29,13,0,57,0,0,29,0,29,15,29,42,0,86,46,0,46,132
04/06/2003,ATW,WI,AGL,CE,Federal Contract Tower,14,32,12,0,58,0,0,27,0,27,14,32,39,0,85,30,0,30,115
04/07/2003,ATW,WI,AGL,CE,Federal Contract Tower,15,35,9,0,59,0,0,4,0,4,15,35,13,0,63,10,0,10,73
04/08/2003,ATW,WI,AGL,CE,Federal Contract Tower,17,42,17,0,76,0,0,37,0,37,17,42,54,0,113,12,0,12,125
04/09/2003,ATW,WI,AGL,CE,Federal Contract Tower,18,41,40,0,99,0,0,36,0,36,18,41,76,0,135,56,0,56,191
04/10/2003,ATW,WI,AGL,CE,Federal Contract Tower,18,39,38,2,97,0,0,43,0,43,18,39,81,2,140,74,0,74,214
04/11/2003,ATW,WI,AGL,CE,Federal Contract Tower,17,44,30,0,91,0,0,62,0,62,17,44,92,0,153,94,0,94,247
04/12/2003,ATW,WI,AGL,CE,Federal Contract Tower,11,27,16,0,54,0,0,71,0,71,11,27,87,0,125,74,0,74,199
04/13/2003,ATW,WI,AGL,CE,Federal Contract Tower,10,32,22,0,64,0,0,75,0,75,10,32,97,0,139,46,0,46,185
04/14/2003,ATW,WI,AGL,CE,Federal Contract Tower,15,39,22,0,76,0,0,19,0,19,15,39,41,0,95,8,0,8,103
04/15/2003,ATW,WI,AGL,CE,Federal Contract Tower,19,45,29,0,93,0,0,13,0,13,19,45,42,0,106,26,0,26,132
04/16/2003,ATW,WI,AGL,CE,Federal Contract Tower,18,30,48,0,96,0,0,0,0,0,18,30,48,0,96,0,0,0,96
04/17/2003,ATW,WI,AGL,CE,Federal Contract Tower,18,30,45,0,93,0,0,10,0,10,18,30,55,0,103,26,0,26,129
04/18/2003,ATW,WI,AGL,CE,Federal Contract Tower,17,41,33,0,91,0,0,11,0,11,17,41,44,0,102,16,0,16,118
04/19/2003,ATW,WI,AGL,CE,Federal Contract Tower,10,32,5,0,47,0,0,0,0,0,10,32,5,0,47,0,0,0,47
04/20/2003,ATW,WI,AGL,CE,Federal Contract Tower,12,29,5,0,46,0,0,7,0,7,12,29,12,0,53,0,0,0,53
04/21/2003,ATW,WI,AGL,CE,Federal Contract Tower,18,43,21,0,82,0,0,5,0,5,18,43,26,0,87,0,0,0,87
04/22/2003,ATW,WI,AGL,CE,Federal Contract Tower,18,46,37,0,101,0,0,46,0,46,18,46,83,0,147,16,0,16,163
04/23/2003,ATW,WI,AGL,CE,Federal Contract Tower,16,39,33,0,88,0,0,38,0,38,16,39,71,0,126,38,0,38,164
04/24/2003,ATW,WI,AGL,CE,Federal Contract Tower,20,48,33,0,101,0,0,46,0,46,20,48,79,0,147,24,0,24,171
04/25/2003,ATW,WI,AGL,CE,Federal Contract Tower,17,45,29,0,91,0,0,49,0,49,17,45,78,0,140,44,0,44,184
04/26/2003,ATW,WI,AGL,CE,Federal Contract Tower,11,34,8,0,53,0,0,63,0,63,11,34,71,0,116,50,0,50,166
04/27/2003,ATW,WI,AGL,CE,Federal Contract Tower,12,31,6,0,49,0,0,39,0,39,12,31,45,0,88,20,0,20,108
04/28/2003,ATW,WI,AGL,CE,Federal Contract Tower,15,45,26,0,86,0,0,37,0,37,15,45,63,0,123,16,0,16,139
04/29/2003,ATW,WI,AGL,CE,Federal Contract Tower,20,45,21,0,86,0,0,32,0,32,20,45,53,0,118,50,0,50,168
04/30/2003,ATW,WI,AGL,CE,Federal Contract Tower,21,43,30,0,94,0,0,31,0,31,21,43,61,0,125,0,0,0,125
05/01/2003,ATW,WI,AGL,CE,Federal Contract Tower,18,54,33,0,105,0,0,35,0,35,18,54,68,0,140,38,0,38,178
05/02/2003,ATW,WI,AGL,CE,Federal Contract Tower,18,49,46,0,113,0,0,53,0,53,18,49,99,0,166,56,0,56,222
05/03/2003,ATW,WI,AGL,CE,Federal Contract Tower,11,33,16,0,60,0,0,105,0,105,11,33,121,0,165,44,0,44,209
05/04/2003,ATW,WI,AGL,CE,Federal Contract Tower,13,32,15,0,60,0,0,33,0,33,13,32,48,0,93,8,0,8,101
05/05/2003,ATW,WI,AGL,CE,Federal Contract Tower,16,42,26,0,84,0,1,0,0,1,16,43,26,0,85,0,0,0,85
05/06/2003,ATW,WI,AGL,CE,Federal Contract Tower,18,44,44,0,106,0,0,7,0,7,18,44,51,0,113,18,0,18,131
05/07/2003,ATW,WI,AGL,CE,Federal Contract Tower,20,50,37,0,107,0,0,5,0,5,20,50,42,0,112,0,0,0,112
05/08/2003,ATW,WI,AGL,CE,Federal Contract Tower,19,43,41,0,103,0,0,57,0,57,19,43,98,0,160,56,0,56,216
05/09/2003,ATW,WI,AGL,CE,Federal Contract Tower,21,45,44,0,110,0,0,8,0,8,21,45,52,0,118,10,0,10,128
05/10/2003,ATW,WI,AGL,CE,Federal Contract Tower,12,29,16,0,57,0,0,42,0,42,12,29,58,0,99,84,0,84,183
05/11/2003,ATW,WI,AGL,CE,Federal Contract Tower,10,25,5,0,40,0,0,0,0,0,10,25,5,0,40,10,0,10,50
05/12/2003,ATW,WI,AGL,CE,Federal Contract Tower,16,37,24,0,77,0,0,9,0,9,16,37,33,0,86,12,0,12,98
05/13/2003,ATW,WI,AGL,CE,Federal Contract Tower,18,42,24,0,84,0,0,58,4,62,18,42,82,4,146,44,0,44,190
05/14/2003,ATW,WI,AGL,CE,Federal Contract Tower,20,46,32,0,98,0,0,16,0,16,20,46,48,0,114,24,0,24,138
05/15/2003,ATW,WI,AGL,CE,Federal Contract Tower,18,45,33,0,96,0,0,43,0,43,18,45,76,0,139,24,0,24,163
05/16/2003,ATW,WI,AGL,CE,Federal Contract Tower,17,48,25,0,90,0,0,48,0,48,17,48,73,0,138,28,0,28,166
05/17/2003,ATW,WI,AGL,CE,Federal Contract Tower,13,31,39,0,83,0,0,7,0,7,13,31,46,0,90,20,0,20,110
05/18/2003,ATW,WI,AGL,CE,Federal Contract Tower,12,31,21,0,64,0,0,84,0,84,12,31,105,0,148,36,0,36,184
05/19/2003,ATW,WI,AGL,CE,Federal Contract Tower,17,35,31,0,83,0,0,1,0,1,17,35,32,0,84,6,0,6,90
05/20/2003,ATW,WI,AGL,CE,Federal Contract Tower,21,41,36,0,98,0,0,32,0,32,21,41,68,0,130,60,0,60,190
05/21/2003,ATW,WI,AGL,CE,Federal Contract Tower,18,42,50,0,110,0,0,55,2,57,18,42,105,2,167,62,0,62,229
05/22/2003,ATW,WI,AGL,CE,Federal Contract Tower,18,45,23,0,86,0,0,33,0,33,18,45,56,0,119,70,0,70,189
05/23/2003,ATW,WI,AGL,CE,Federal Contract Tower,17,49,27,0,93,0,0,40,4,44,17,49,67,4,137,44,2,46,183
05/24/2003,ATW,WI,AGL,CE,Federal Contract Tower,12,33,5,0,50,0,0,38,0,38,12,33,43,0,88,40,0,40,128
05/25/2003,ATW,WI,AGL,CE,Federal Contract Tower,10,25,2,0,37,0,0,44,0,44,10,25,46,0,81,12,0,12,93
05/26/2003,ATW,WI,AGL,CE,Federal Contract Tower,13,32,13,0,58,0,0,43,0,43,13,32,56,0,101,16,0,16,117
05/27/2003,ATW,WI,AGL,CE,Federal Contract Tower,16,40,18,0,74,0,0,22,0,22,16,40,40,0,96,34,0,34,130
05/28/2003,ATW,WI,AGL,CE,Federal Contract Tower,17,50,35,0,102,0,0,10,0,10,17,50,45,0,112,0,0,0,112
05/29/2003,ATW,WI,AGL,CE,Federal Contract Tower,20,49,27,0,96,0,0,38,0,38,20,49,65,0,134,28,0,28,162
05/30/2003,ATW,WI,AGL,CE,Federal Contract Tower,18,41,25,0,84,0,0,2,0,2,18,41,27,0,86,0,0,0,86
05/31/2003,ATW,WI,AGL,CE,Federal Contract Tower,12,32,12,0,56,0,0,29,0,29,12,32,41,0,85,22,0,22,107
06/01/2003,ATW,WI,AGL,CE,Federal Contract Tower,13,30,4,0,47,0,0,58,0,58,13,30,62,0,105,28,0,28,133
06/02/2003,ATW,WI,AGL,CE,Federal Contract Tower,16,39,25,0,80,0,0,32,0,32,16,39,57,0,112,32,0,32,144
06/03/2003,ATW,WI,AGL,CE,Federal Contract Tower,18,45,29,0,92,0,0,29,0,29,18,45,58,0,121,28,0,28,149
06/04/2003,ATW,WI,AGL,CE,Federal Contract Tower,19,44,34,0,97,0,0,46,0,46,19,44,80,0,143,30,0,30,173
06/05/2003,ATW,WI,AGL,CE,Federal Contract Tower,21,45,25,0,91,0,0,33,2,35,21,45,58,2,126,34,0,34,160
06/06/2003,ATW,WI,AGL,CE,Federal Contract Tower,17,43,25,0,85,0,0,10,0,10,17,43,35,0,95,20,0,20,115
06/07/2003,ATW,WI,AGL,CE,Federal Contract Tower,10,24,13,0,47,2,3,0,0,5,12,27,13,0,52,28,0,28,80
06/08/2003,ATW,WI,AGL,CE,Federal Contract Tower,12,29,21,0,62,0,0,6,0,6,12,29,27,0,68,0,0,0,68
06/09/2003,ATW,WI,AGL,CE,Federal Contract Tower,18,43,23,0,84,0,0,32,0,32,18,43,55,0,116,18,0,18,134
06/10/2003,ATW,WI,AGL,CE,Federal Contract Tower,20,44,25,0,89,0,0,0,0,0,20,44,25,0,89,0,0,0,89
06/11/2003,ATW,WI,AGL,CE,Federal Contract Tower,19,41,39,0,99,0,0,18,0,18,19,41,57,0,117,28,0,28,145
06/12/2003,ATW,WI,AGL,CE,Federal Contract Tower,18,44,24,0,86,0,0,54,0,54,18,44,78,0,140,96,0,96,236
06/13/2003,ATW,WI,AGL,CE,Federal Contract Tower,17,44,27,0,88,0,0,30,0,30,17,44,57,0,118,84,0,84,202
06/14/2003,ATW,WI,AGL,CE,Federal Contract Tower,13,28,16,0,57,0,0,76,0,76,13,28,92,0,133,34,0,34,167
06/15/2003,ATW,WI,AGL,CE,Federal Contract Tower,17,29,20,0,66,0,0,60,0,60,17,29,80,0,126,22,0,22,148
06/16/2003,ATW,WI,AGL,CE,Federal Contract Tower,17,40,32,0,89,0,0,25,2,27,17,40,57,2,116,48,0,48,164
06/17/2003,ATW,WI,AGL,CE,Federal Contract Tower,20,54,28,0,102,0,0,62,0,62,20,54,90,0,164,18,0,18,182
06/18/2003,ATW,WI,AGL,CE,Federal Contract Tower,19,42,35,0,96,0,0,41,0,41,19,42,76,0,137,38,0,38,175
06/19/2003,ATW,WI,AGL,CE,Federal Contract Tower,20,44,31,0,95,0,0,50,0,50,20,44,81,0,145,46,0,46,191
06/20/2003,ATW,WI,AGL,CE,Federal Contract Tower,20,48,24,0,92,0,0,28,0,28,20,48,52,0,120,34,0,34,154
06/21/2003,ATW,WI,AGL,CE,Federal Contract Tower,12,31,3,0,46,0,0,57,0,57,12,31,60,0,103,32,0,32,135
06/22/2003,ATW,WI,AGL,CE,Federal Contract Tower,14,29,12,0,55,0,0,40,0,40,14,29,52,0,95,34,0,34,129
06/23/2003,ATW,WI,AGL,CE,Federal Contract Tower,16,41,26,0,83,0,0,49,0,49,16,41,75,0,132,20,0,20,152
06/24/2003,ATW,WI,AGL,CE,Federal Contract Tower,1,46,26,0,73,0,0,36,0,36,1,46,62,0,109,88,0,88,197
06/25/2003,ATW,WI,AGL,CE,Federal Contract Tower,17,47,33,0,97,0,0,30,0,30,17,47,63,0,127,84,0,84,211
06/26/2003,ATW,WI,AGL,CE,Federal Contract Tower,19,46,20,0,85,0,0,36,0,36,19,46,56,0,121,12,0,12,133
06/27/2003,ATW,WI,AGL,CE,Federal Contract Tower,19,40,41,0,100,0,0,40,0,40,19,40,81,0,140,40,0,40,180
06/28/2003,ATW,WI,AGL,CE,Federal Contract Tower,16,38,23,0,77,0,0,1,0,1,16,38,24,0,78,0,0,0,78
06/29/2003,ATW,WI,AGL,CE,Federal Contract Tower,15,28,13,0,56,0,0,64,0,64,15,28,77,0,120,22,0,22,142
06/30/2003,ATW,WI,AGL,CE,Federal Contract Tower,17,41,37,0,95,0,0,39,0,39,17,41,76,0,134,26,0,26,160
07/01/2003,ATW,WI,AGL,CE,Federal Contract Tower,17,41,29,0,87,1,0,63,0,64,18,41,92,0,151,58,0,58,209
07/02/2003,ATW,WI,AGL,CE,Federal Contract Tower,17,40,26,0,83,1,0,31,0,32,18,40,57,0,115,112,0,112,227
07/03/2003,ATW,WI,AGL,CE,Federal Contract Tower,17,40,16,0,73,1,0,24,0,25,18,40,40,0,98,36,0,36,134
07/04/2003,ATW,WI,AGL,CE,Federal Contract Tower,13,26,1,0,40,1,0,26,0,27,14,26,27,0,67,14,0,14,81
07/05/2003,ATW,WI,AGL,CE,Federal Contract Tower,10,23,9,0,42,1,0,68,0,69,11,23,77,0,111,24,0,24,135
07/06/2003,ATW,WI,AGL,CE,Federal Contract Tower,9,30,12,0,51,1,0,4,0,5,10,30,16,0,56,4,0,4,60
07/07/2003,ATW,WI,AGL,CE,Federal Contract Tower,13,42,26,0,81,1,0,19,0,20,14,42,45,0,101,25,0,25,126
07/08/2003,ATW,WI,AGL,CE,Federal Contract Tower,14,45,23,0,82,1,0,30,0,31,15,45,53,0,113,18,0,18,131
07/09/2003,ATW,WI,AGL,CE,Federal Contract Tower,14,43,34,0,91,0,0,18,0,18,14,43,52,0,109,56,0,56,165
07/10/2003,ATW,WI,AGL,CE,Federal Contract Tower,17,41,38,0,96,0,0,0,0,0,17,41,38,0,96,0,0,0,96
07/11/2003,ATW,WI,AGL,CE,Federal Contract Tower,18,39,24,0,81,0,0,31,0,31,18,39,55,0,112,20,0,20,132
07/12/2003,ATW,WI,AGL,CE,Federal Contract Tower,13,31,5,0,49,0,0,40,0,40,13,31,45,0,89,24,0,24,113
07/13/2003,ATW,WI,AGL,CE,Federal Contract Tower,13,30,4,0,47,0,0,69,0,69,13,30,73,0,116,56,0,56,172
07/14/2003,ATW,WI,AGL,CE,Federal Contract Tower,17,40,26,0,83,0,0,50,0,50,17,40,76,0,133,40,0,40,173
07/15/2003,ATW,WI,AGL,CE,Federal Contract Tower,18,50,23,0,91,0,0,11,0,11,18,50,34,0,102,20,0,20,122
07/16/2003,ATW,WI,AGL,CE,Federal Contract Tower,18,46,33,0,97,0,0,74,0,74,18,46,107,0,171,54,0,54,225
07/17/2003,ATW,WI,AGL,CE,Federal Contract Tower,20,51,36,0,107,0,0,22,0,22,20,51,58,0,129,38,0,38,167
07/18/2003,ATW,WI,AGL,CE,Federal Contract Tower,17,46,23,0,86,0,0,72,0,72,17,46,95,0,158,78,0,78,236
07/19/2003,ATW,WI,AGL,CE,Federal Contract Tower,11,37,4,0,52,0,0,82,0,82,11,37,86,0,134,54,0,54,188
07/20/2003,ATW,WI,AGL,CE,Federal Contract Tower,14,36,14,0,64,0,0,26,0,26,14,36,40,0,90,26,0,26,116
07/21/2003,ATW,WI,AGL,CE,Federal Contract Tower,16,43,31,0,90,0,0,25,0,25,16,43,56,0,115,36,0,36,151
07/22/2003,ATW,WI,AGL,CE,Federal Contract Tower,18,46,45,0,109,0,0,78,0,78,18,46,123,0,187,70,0,70,257
07/23/2003,ATW,WI,AGL,CE,Federal Contract Tower,17,43,32,0,92,0,0,60,0,60,17,43,92,0,152,96,0,96,248
07/24/2003,ATW,WI,AGL,CE,Federal Contract Tower,18,49,41,0,108,0,0,60,0,60,18,49,101,0,168,46,0,46,214
07/25/2003,ATW,WI,AGL,CE,Federal Contract Tower,17,52,22,0,91,0,0,42,0,42,17,52,64,0,133,34,0,34,167
07/26/2003,ATW,WI,AGL,CE,Federal Contract Tower,11,37,9,0,57,0,0,42,0,42,11,37,51,0,99,14,0,14,113
07/27/2003,ATW,WI,AGL,CE,Federal Contract Tower,11,35,23,0,69,0,0,89,0,89,11,35,112,0,158,4,0,4,162
07/28/2003,ATW,WI,AGL,CE,Federal Contract Tower,17,47,39,0,103,0,0,142,0,142,17,47,181,0,245,16,0,16,261
07/29/2003,ATW,WI,AGL,CE,Federal Contract Tower,22,48,54,0,124,0,0,182,0,182,22,48,236,0,306,6,0,6,312
07/30/2003,ATW,WI,AGL,CE,Federal Contract Tower,19,54,81,0,154,0,0,170,0,170,19,54,251,0,324,0,0,0,324
07/31/2003,ATW,WI,AGL,CE,Federal Contract Tower,20,57,101,0,178,0,0,223,0,223,20,57,324,0,401,2,0,2,403
08/01/2003,ATW,WI,AGL,CE,Federal Contract Tower,15,46,142,0,203,0,0,215,0,215,15,46,357,0,418,2,0,2,420
08/02/2003,ATW,WI,AGL,CE,Federal Contract Tower,13,35,73,0,121,0,0,127,0,127,13,35,200,0,248,2,0,2,250
08/03/2003,ATW,WI,AGL,CE,Federal Contract Tower,11,34,115,0,160,0,0,56,0,56,11,34,171,0,216,6,0,6,222
08/04/2003,ATW,WI,AGL,CE,Federal Contract Tower,17,46,70,0,133,0,0,71,0,71,17,46,141,0,204,24,0,24,228
08/05/2003,ATW,WI,AGL,CE,Federal Contract Tower,18,46,35,0,99,0,0,89,0,89,18,46,124,0,188,54,0,54,242
08/06/2003,ATW,WI,AGL,CE,Federal Contract Tower,16,42,25,0,83,0,0,59,0,59,16,42,84,0,142,32,0,32,174
08/07/2003,ATW,WI,AGL,CE,Federal Contract Tower,21,53,27,0,101,0,0,34,0,34,21,53,61,0,135,30,0,30,165
08/08/2003,ATW,WI,AGL,CE,Federal Contract Tower,17,49,24,0,90,0,0,43,0,43,17,49,67,0,133,42,0,42,175
08/09/2003,ATW,WI,AGL,CE,Federal Contract Tower,11,35,13,0,59,0,0,1,0,1,11,35,14,0,60,44,0,44,104
08/10/2003,ATW,WI,AGL,CE,Federal Contract Tower,13,32,13,0,58,0,0,31,0,31,13,32,44,0,89,32,0,32,121
08/11/2003,ATW,WI,AGL,CE,Federal Contract Tower,18,43,29,0,90,0,0,18,0,18,18,43,47,0,108,32,0,32,140
08/12/2003,ATW,WI,AGL,CE,Federal Contract Tower,18,49,27,0,94,0,0,48,0,48,18,49,75,0,142,68,0,68,210
08/13/2003,ATW,WI,AGL,CE,Federal Contract Tower,18,56,40,0,114,0,2,32,0,34,18,58,72,0,148,84,0,84,232
08/14/2003,ATW,WI,AGL,CE,Federal Contract Tower,18,47,40,0,105,0,0,56,0,56,18,47,96,0,161,70,0,70,231
08/15/2003,ATW,WI,AGL,CE,Federal Contract Tower,17,48,35,0,100,0,0,21,0,21,17,48,56,0,121,10,0,10,131
08/16/2003,ATW,WI,AGL,CE,Federal Contract Tower,11,35,8,0,54,0,0,40,0,40,11,35,48,0,94,38,0,38,132
08/17/2003,ATW,WI,AGL,CE,Federal Contract Tower,10,34,14,0,58,0,0,69,0,69,10,34,83,0,127,34,0,34,161
08/18/2003,ATW,WI,AGL,CE,Federal Contract Tower,19,38,40,0,97,0,0,35,0,35,19,38,75,0,132,62,0,62,194
08/19/2003,ATW,WI,AGL,CE,Federal Contract Tower,16,47,37,0,100,0,7,41,0,48,16,54,78,0,148,50,0,50,198
08/20/2003,ATW,WI,AGL,CE,Federal Contract Tower,18,51,38,0,107,3,0,34,0,37,21,51,72,0,144,72,0,72,216
08/21/2003,ATW,WI,AGL,CE,Federal Contract Tower,20,45,33,0,98,0,0,34,0,34,20,45,67,0,132,72,0,72,204
08/22/2003,ATW,WI,AGL,CE,Federal Contract Tower,20,49,19,0,88,0,0,44,0,44,20,49,63,0,132,70,0,70,202
08/23/2003,ATW,WI,AGL,CE,Federal Contract Tower,11,34,10,0,55,0,0,46,0,46,11,34,56,0,101,26,0,26,127
08/24/2003,ATW,WI,AGL,CE,Federal Contract Tower,12,37,14,0,63,0,0,51,0,51,12,37,65,0,114,30,0,30,144
08/25/2003,ATW,WI,AGL,CE,Federal Contract Tower,18,48,25,0,91,0,0,19,0,19,18,48,44,0,110,36,0,36,146
08/26/2003,ATW,WI,AGL,CE,Federal Contract Tower,17,49,40,0,106,2,7,39,0,48,19,56,79,0,154,30,0,30,184
08/27/2003,ATW,WI,AGL,CE,Federal Contract Tower,21,54,33,0,108,0,0,42,0,42,21,54,75,0,150,70,0,70,220
08/28/2003,ATW,WI,AGL,CE,Federal Contract Tower,18,51,31,0,100,0,0,22,0,22,18,51,53,0,122,48,0,48,170
08/29/2003,ATW,WI,AGL,CE,Federal Contract Tower,19,44,31,0,94,0,0,51,0,51,19,44,82,0,145,52,0,52,197
08/30/2003,ATW,WI,AGL,CE,Federal Contract Tower,11,33,10,0,54,0,0,57,0,57,11,33,67,0,111,74,0,74,185
08/31/2003,ATW,WI,AGL,CE,Federal Contract Tower,10,29,4,0,43,0,0,58,0,58,10,29,62,0,101,16,0,16,117
09/01/2003,ATW,WI,AGL,CE,Federal Contract Tower,11,41,10,0,62,1,0,40,0,41,12,41,50,0,103,40,0,40,143
09/02/2003,ATW,WI,AGL,CE,Federal Contract Tower,15,45,24,0,84,0,2,36,0,38,15,47,60,0,122,60,0,60,182
09/03/2003,ATW,WI,AGL,CE,Federal Contract Tower,19,42,16,0,77,0,1,33,0,34,19,43,49,0,111,78,0,78,189
09/04/2003,ATW,WI,AGL,CE,Federal Contract Tower,17,42,28,0,87,0,1,42,0,43,17,43,70,0,130,56,0,56,186
09/05/2003,ATW,WI,AGL,CE,Federal Contract Tower,17,45,23,0,85,0,1,68,0,69,17,46,91,0,154,96,0,96,250
09/06/2003,ATW,WI,AGL,CE,Federal Contract Tower,13,39,9,0,61,0,1,46,0,47,13,40,55,0,108,86,0,86,194
09/07/2003,ATW,WI,AGL,CE,Federal Contract Tower,12,36,17,0,65,0,1,35,0,36,12,37,52,0,101,32,0,32,133
09/08/2003,ATW,WI,AGL,CE,Federal Contract Tower,13,56,28,0,97,0,1,21,0,22,13,57,49,0,119,30,0,30,149
09/09/2003,ATW,WI,AGL,CE,Federal Contract Tower,15,51,28,0,94,0,1,29,0,30,15,52,57,0,124,28,0,28,152
09/10/2003,ATW,WI,AGL,CE,Federal Contract Tower,16,52,28,0,96,0,1,34,0,35,16,53,62,0,131,66,0,66,197
09/11/2003,ATW,WI,AGL,CE,Federal Contract Tower,14,54,41,0,109,0,1,14,0,15,14,55,55,0,124,30,0,30,154
09/12/2003,ATW,WI,AGL,CE,Federal Contract Tower,13,51,32,0,96,0,0,9,0,9,13,51,41,0,105,8,0,8,113
09/13/2003,ATW,WI,AGL,CE,Federal Contract Tower,13,40,12,0,65,0,0,0,0,0,13,40,12,0,65,0,0,0,65
09/14/2003,ATW,WI,AGL,CE,Federal Contract Tower,12,33,22,0,67,0,0,4,0,4,12,33,26,0,71,0,0,0,71
09/15/2003,ATW,WI,AGL,CE,Federal Contract Tower,15,50,27,0,92,0,0,33,0,33,15,50,60,0,125,66,0,66,191
09/16/2003,ATW,WI,AGL,CE,Federal Contract Tower,14,47,21,0,82,0,0,55,0,55,14,47,76,0,137,120,0,120,257
09/17/2003,ATW,WI,AGL,CE,Federal Contract Tower,15,49,38,0,102,0,0,22,0,22,15,49,60,0,124,6,0,6,130
09/18/2003,ATW,WI,AGL,CE,Federal Contract Tower,15,49,24,0,88,0,0,27,0,27,15,49,51,0,115,78,0,78,193
09/19/2003,ATW,WI,AGL,CE,Federal Contract Tower,15,49,28,0,92,0,0,20,0,20,15,49,48,0,112,48,0,48,160
09/20/2003,ATW,WI,AGL,CE,Federal Contract Tower,11,39,10,0,60,0,0,52,0,52,11,39,62,0,112,100,0,100,212
09/21/2003,ATW,WI,AGL,CE,Federal Contract Tower,12,36,11,0,59,0,0,42,0,42,12,36,53,0,101,42,0,42,143
09/22/2003,ATW,WI,AGL,CE,Federal Contract Tower,12,46,38,0,96,2,0,4,0,6,14,46,42,0,102,40,0,40,142
09/23/2003,ATW,WI,AGL,CE,Federal Contract Tower,17,59,36,0,112,0,0,32,0,32,17,59,68,0,144,76,0,76,220
09/24/2003,ATW,WI,AGL,CE,Federal Contract Tower,14,65,41,0,120,0,0,41,0,41,14,65,82,0,161,8,0,8,169
09/25/2003,ATW,WI,AGL,CE,Federal Contract Tower,14,55,33,0,102,0,0,41,0,41,14,55,74,0,143,60,0,60,203
09/26/2003,ATW,WI,AGL,CE,Federal Contract Tower,14,48,25,0,87,0,0,14,0,14,14,48,39,0,101,12,0,12,113
09/27/2003,ATW,WI,AGL,CE,Federal Contract Tower,9,40,26,0,75,0,0,14,0,14,9,40,40,0,89,24,0,24,113
09/28/2003,ATW,WI,AGL,CE,Federal Contract Tower,10,39,17,0,66,0,0,19,0,19,10,39,36,0,85,24,0,24,109
09/29/2003,ATW,WI,AGL,CE,Federal Contract Tower,14,49,27,0,90,0,0,39,0,39,14,49,66,0,129,50,0,50,179
09/30/2003,ATW,WI,AGL,CE,Federal Contract Tower,14,52,30,0,96,0,0,36,0,36,14,52,66,0,132,40,0,40,172
10/01/2003,ATW,WI,AGL,CE,Federal Contract Tower,15,52,27,0,94,0,0,22,0,22,15,52,49,0,116,18,0,18,134
10/02/2003,ATW,WI,AGL,CE,Federal Contract Tower,16,53,28,0,97,2,0,32,0,34,18,53,60,0,131,32,0,32,163
10/03/2003,ATW,WI,AGL,CE,Federal Contract Tower,13,45,20,0,78,2,10,0,0,12,15,55,20,0,90,0,0,0,90
10/04/2003,ATW,WI,AGL,CE,Federal Contract Tower,9,28,14,0,51,1,5,16,0,22,10,33,30,0,73,14,0,14,87
10/05/2003,ATW,WI,AGL,CE,Federal Contract Tower,10,32,16,0,58,1,2,42,0,45,11,34,58,0,103,30,0,30,133
10/06/2003,ATW,WI,AGL,CE,Federal Contract Tower,13,45,25,0,83,0,0,25,0,25,13,45,50,0,108,82,0,82,190
10/07/2003,ATW,WI,AGL,CE,Federal Contract Tower,16,49,28,0,93,1,0,28,0,29,17,49,56,0,122,50,0,50,172
10/08/2003,ATW,WI,AGL,CE,Federal Contract Tower,14,55,30,0,99,0,0,27,0,27,14,55,57,0,126,44,0,44,170
10/09/2003,ATW,WI,AGL,CE,Federal Contract Tower,13,55,28,0,96,0,2,34,0,36,13,57,62,0,132,38,0,38,170
10/10/2003,ATW,WI,AGL,CE,Federal Contract Tower,14,50,25,0,89,0,1,32,0,33,14,51,57,0,122,28,0,28,150
10/11/2003,ATW,WI,AGL,CE,Federal Contract Tower,9,30,15,0,54,3,6,35,0,44,12,36,50,0,98,26,0,26,124
10/12/2003,ATW,WI,AGL,CE,Federal Contract Tower,10,37,19,0,66,0,0,32,0,32,10,37,51,0,98,50,0,50,148
10/13/2003,ATW,WI,AGL,CE,Federal Contract Tower,13,46,27,0,86,0,0,38,0,38,13,46,65,0,124,70,0,70,194
10/14/2003,ATW,WI,AGL,CE,Federal Contract Tower,13,52,29,0,94,0,0,36,0,36,13,52,65,0,130,34,0,34,164
10/15/2003,ATW,WI,AGL,CE,Federal Contract Tower,14,57,29,0,100,0,0,33,0,33,14,57,62,0,133,42,0,42,175
10/16/2003,ATW,WI,AGL,CE,Federal Contract Tower,14,56,28,0,98,0,0,27,0,27,14,56,55,0,125,52,0,52,177
10/17/2003,ATW,WI,AGL,CE,Federal Contract Tower,12,44,22,0,78,0,7,23,0,30,12,51,45,0,108,20,0,20,128
10/18/2003,ATW,WI,AGL,CE,Federal Contract Tower,8,31,15,0,54,4,5,35,0,44,12,36,50,0,98,44,0,44,142
10/19/2003,ATW,WI,AGL,CE,Federal Contract Tower,8,30,15,0,53,3,7,70,0,80,11,37,85,0,133,32,0,32,165
10/20/2003,ATW,WI,AGL,CE,Federal Contract Tower,12,44,25,0,81,0,0,22,0,22,12,44,47,0,103,58,0,58,161
10/21/2003,ATW,WI,AGL,CE,Federal Contract Tower,14,55,27,0,96,0,7,12,0,19,14,62,39,0,115,76,0,76,191
10/22/2003,ATW,WI,AGL,CE,Federal Contract Tower,14,59,29,0,102,0,3,18,0,21,14,62,47,0,123,38,0,38,161
10/23/2003,ATW,WI,AGL,CE,Federal Contract Tower,14,51,26,0,91,0,0,5,0,5,14,51,31,0,96,36,0,36,132
10/24/2003,ATW,WI,AGL,CE,Federal Contract Tower,13,47,23,0,83,1,4,24,0,29,14,51,47,0,112,22,0,22,134
10/25/2003,ATW,WI,AGL,CE,Federal Contract Tower,7,27,13,0,47,3,5,22,0,30,10,32,35,0,77,60,0,60,137
10/26/2003,ATW,WI,AGL,CE,Federal Contract Tower,9,34,17,0,60,5,3,18,0,26,14,37,35,0,86,68,0,68,154
10/27/2003,ATW,WI,AGL,CE,Federal Contract Tower,13,48,27,0,88,0,0,25,0,25,13,48,52,0,113,108,0,108,221
10/28/2003,ATW,WI,AGL,CE,Federal Contract Tower,16,53,31,0,100,0,0,8,0,8,16,53,39,0,108,6,0,6,114
10/29/2003,ATW,WI,AGL,CE,Federal Contract Tower,15,52,29,0,96,0,0,25,0,25,15,52,54,0,121,16,0,16,137
10/30/2003,ATW,WI,AGL,CE,Federal Contract Tower,15,51,29,0,95,0,0,28,0,28,15,51,57,0,123,0,0,0,123
10/31/2003,ATW,WI,AGL,CE,Federal Contract Tower,13,47,25,0,85,0,0,7,0,7,13,47,32,0,92,0,0,0,92
11/01/2003,ATW,WI,AGL,CE,Federal Contract Tower,6,35,17,0,58,0,4,86,0,90,6,39,103,0,148,22,0,22,170
11/02/2003,ATW,WI,AGL,CE,Federal Contract Tower,10,36,19,0,65,0,0,1,0,1,10,36,20,0,66,0,0,0,66
11/03/2003,ATW,WI,AGL,CE,Federal Contract Tower,10,52,27,0,89,0,0,4,0,4,10,52,31,0,93,0,0,0,93
11/04/2003,ATW,WI,AGL,CE,Federal Contract Tower,11,40,17,0,68,3,1,0,0,4,14,41,17,0,72,0,0,0,72
11/05/2003,ATW,WI,AGL,CE,Federal Contract Tower,15,47,28,0,90,0,0,48,0,48,15,47,76,0,138,64,0,64,202
11/06/2003,ATW,WI,AGL,CE,Federal Contract Tower,13,52,29,0,94,0,0,60,0,60,13,52,89,0,154,66,0,66,220
11/07/2003,ATW,WI,AGL,CE,Federal Contract Tower,14,52,26,0,92,0,0,44,0,44,14,52,70,0,136,24,0,24,160
11/08/2003,ATW,WI,AGL,CE,Federal Contract Tower,8,36,18,0,62,0,7,24,0,31,8,43,42,0,93,52,0,52,145
11/09/2003,ATW,WI,AGL,CE,Federal Contract Tower,10,33,17,0,60,3,5,61,0,69,13,38,78,0,129,40,0,40,169
11/10/2003,ATW,WI,AGL,CE,Federal Contract Tower,12,44,26,0,82,0,0,25,0,25,12,44,51,0,107,16,0,16,123
11/11/2003,ATW,WI,AGL,CE,Federal Contract Tower,13,49,25,0,87,0,6,8,0,14,13,55,33,0,101,50,0,50,151
11/12/2003,ATW,WI,AGL,CE,Federal Contract Tower,13,42,23,0,78,0,0,5,0,5,13,42,28,0,83,2,0,2,85
11/13/2003,ATW,WI,AGL,CE,Federal Contract Tower,15,47,28,0,90,0,0,35,0,35,15,47,63,0,125,56,0,56,181
11/14/2003,ATW,WI,AGL,CE,Federal Contract Tower,14,53,28,0,95,0,0,50,0,50,14,53,78,0,145,60,0,60,205
11/15/2003,ATW,WI,AGL,CE,Federal Contract Tower,7,38,19,0,64,0,4,0,0,4,7,42,19,0,68,0,0,0,68
11/16/2003,ATW,WI,AGL,CE,Federal Contract Tower,8,33,11,0,52,1,5,0,0,6,9,38,11,0,58,0,0,0,58
11/17/2003,ATW,WI,AGL,CE,Federal Contract Tower,11,43,21,0,75,0,2,13,0,15,11,45,34,0,90,24,0,24,114
11/18/2003,ATW,WI,AGL,CE,Federal Contract Tower,14,55,28,0,97,0,0,11,0,11,14,55,39,0,108,34,0,34,142
11/19/2003,ATW,WI,AGL,CE,Federal Contract Tower,14,51,32,0,97,0,0,54,0,54,14,51,86,0,151,34,0,34,185
11/20/2003,ATW,WI,AGL,CE,Federal Contract Tower,15,50,30,0,95,0,0,50,0,50,15,50,80,0,145,28,0,28,173
11/21/2003,ATW,WI,AGL,CE,Federal Contract Tower,14,49,26,0,89,1,0,55,0,56,15,49,81,0,145,48,0,48,193
11/22/2003,ATW,WI,AGL,CE,Federal Contract Tower,5,33,15,0,53,0,8,0,0,8,5,41,15,0,61,8,0,8,69
11/23/2003,ATW,WI,AGL,CE,Federal Contract Tower,7,27,4,0,38,4,5,0,0,9,11,32,4,0,47,0,0,0,47
11/24/2003,ATW,WI,AGL,CE,Federal Contract Tower,10,46,22,0,78,0,4,0,0,4,10,50,22,0,82,20,0,20,102
11/25/2003,ATW,WI,AGL,CE,Federal Contract Tower,13,47,27,0,87,2,0,29,0,31,15,47,56,0,118,16,0,16,134
11/26/2003,ATW,WI,AGL,CE,Federal Contract Tower,11,44,21,0,76,4,4,46,0,54,15,48,67,0,130,48,0,48,178
11/27/2003,ATW,WI,AGL,CE,Federal Contract Tower,7,28,9,0,44,3,5,0,0,8,10,33,9,0,52,8,0,8,60
11/28/2003,ATW,WI,AGL,CE,Federal Contract Tower,7,29,14,0,50,4,3,3,0,10,11,32,17,0,60,8,0,8,68
11/29/2003,ATW,WI,AGL,CE,Federal Contract Tower,9,34,17,0,60,1,6,5,0,12,10,40,22,0,72,66,0,66,138
11/30/2003,ATW,WI,AGL,CE,Federal Contract Tower,9,34,17,0,60,3,5,34,0,42,12,39,51,0,102,70,0,70,172
12/01/2003,ATW,WI,AGL,CE,Federal Contract Tower,12,49,23,0,84,0,0,17,0,17,12,49,40,0,101,32,0,32,133
12/02/2003,ATW,WI,AGL,CE,Federal Contract Tower,15,55,23,0,93,2,2,40,0,44,17,57,63,0,137,40,0,40,177
12/03/2003,ATW,WI,AGL,CE,Federal Contract Tower,16,50,25,0,91,0,0,39,0,39,16,50,64,0,130,86,0,86,216
12/04/2003,ATW,WI,AGL,CE,Federal Contract Tower,14,53,23,0,90,0,0,32,0,32,14,53,55,0,122,32,0,32,154
12/05/2003,ATW,WI,AGL,CE,Federal Contract Tower,14,54,23,0,91,2,2,19,0,23,16,56,42,0,114,34,0,34,148
12/06/2003,ATW,WI,AGL,CE,Federal Contract Tower,9,34,14,0,57,5,2,73,0,80,14,36,87,0,137,110,0,110,247
12/07/2003,ATW,WI,AGL,CE,Federal Contract Tower,8,31,13,0,52,2,2,31,0,35,10,33,44,0,87,26,0,26,113
12/08/2003,ATW,WI,AGL,CE,Federal Contract Tower,12,51,24,0,87,0,0,30,0,30,12,51,54,0,117,16,0,16,133
12/09/2003,ATW,WI,AGL,CE,Federal Contract Tower,10,52,25,0,87,0,0,15,0,15,10,52,40,0,102,0,0,0,102
12/10/2003,ATW,WI,AGL,CE,Federal Contract Tower,12,50,18,0,80,0,4,0,0,4,12,54,18,0,84,0,0,0,84
12/11/2003,ATW,WI,AGL,CE,Federal Contract Tower,15,52,26,0,93,0,0,24,0,24,15,52,50,0,117,36,0,36,153
12/12/2003,ATW,WI,AGL,CE,Federal Contract Tower,15,58,26,0,99,0,0,37,0,37,15,58,63,0,136,20,0,20,156
12/13/2003,ATW,WI,AGL,CE,Federal Contract Tower,8,37,15,0,60,0,4,56,0,60,8,41,71,0,120,92,0,92,212
12/14/2003,ATW,WI,AGL,CE,Federal Contract Tower,7,30,7,0,44,4,6,0,0,10,11,36,7,0,54,0,0,0,54
12/15/2003,ATW,WI,AGL,CE,Federal Contract Tower,10,55,29,0,94,0,0,17,0,17,10,55,46,0,111,0,0,0,111
12/16/2003,ATW,WI,AGL,CE,Federal Contract Tower,9,59,26,0,94,0,6,1,0,7,9,65,27,0,101,0,0,0,101
12/17/2003,ATW,WI,AGL,CE,Federal Contract Tower,9,58,27,0,94,0,0,30,0,30,9,58,57,0,124,14,0,14,138
12/18/2003,ATW,WI,AGL,CE,Federal Contract Tower,10,63,26,0,99,0,0,14,0,14,10,63,40,0,113,10,0,10,123
12/19/2003,ATW,WI,AGL,CE,Federal Contract Tower,7,50,21,0,78,0,0,35,0,35,7,50,56,0,113,6,0,6,119
12/20/2003,ATW,WI,AGL,CE,Federal Contract Tower,6,44,20,0,70,0,0,94,0,94,6,44,114,0,164,56,0,56,220
12/21/2003,ATW,WI,AGL,CE,Federal Contract Tower,7,30,12,0,49,3,5,34,0,42,10,35,46,0,91,36,0,36,127
12/22/2003,ATW,WI,AGL,CE,Federal Contract Tower,10,43,19,0,72,2,1,15,0,18,12,44,34,0,90,20,0,20,110
12/23/2003,ATW,WI,AGL,CE,Federal Contract Tower,12,46,21,0,79,1,0,5,0,6,13,46,26,0,85,0,0,0,85
12/24/2003,ATW,WI,AGL,CE,Federal Contract Tower,10,40,15,0,65,6,4,0,0,10,16,44,15,0,75,8,0,8,83
12/25/2003,ATW,WI,AGL,CE,Federal Contract Tower,6,28,12,0,46,4,7,0,0,11,10,35,12,0,57,16,0,16,73
12/26/2003,ATW,WI,AGL,CE,Federal Contract Tower,9,38,16,0,63,3,10,59,0,72,12,48,75,0,135,28,0,28,163
12/27/2003,ATW,WI,AGL,CE,Federal Contract Tower,8,33,13,0,54,4,3,5,0,12,12,36,18,0,66,32,0,32,98
12/28/2003,ATW,WI,AGL,CE,Federal Contract Tower,9,36,15,0,60,5,0,11,0,16,14,36,26,0,76,24,0,24,100
12/29/2003,ATW,WI,AGL,CE,Federal Contract Tower,11,44,18,0,73,3,1,14,0,18,14,45,32,0,91,6,0,6,97
12/30/2003,ATW,WI,AGL,CE,Federal Contract Tower,10,42,17,0,69,4,7,12,0,23,14,49,29,0,92,20,0,20,112
12/31/2003,ATW,WI,AGL,CE,Federal Contract Tower,9,36,15,0,60,5,2,8,0,15,14,38,23,0,75,30,0,30,105
01/01/2004,ATW,WI,AGL,CE,Federal Contract Tower,8,28,12,0,48,2,8,8,0,18,10,36,20,0,66,36,0,36,102
01/02/2004,ATW,WI,AGL,CE,Federal Contract Tower,14,48,19,0,81,1,0,0,0,1,15,48,19,0,82,0,0,0,82
01/03/2004,ATW,WI,AGL,CE,Federal Contract Tower,10,33,13,0,56,3,7,14,0,24,13,40,27,0,80,26,0,26,106
01/04/2004,ATW,WI,AGL,CE,Federal Contract Tower,9,29,11,0,49,1,2,0,0,3,10,31,11,0,52,12,0,12,64
01/05/2004,ATW,WI,AGL,CE,Federal Contract Tower,12,47,19,0,78,0,2,11,0,13,12,49,30,0,91,40,0,40,131
01/06/2004,ATW,WI,AGL,CE,Federal Contract Tower,14,50,20,0,84,0,3,7,0,10,14,53,27,0,94,0,0,0,94
01/07/2004,ATW,WI,AGL,CE,Federal Contract Tower,15,50,22,0,87,0,0,36,0,36,15,50,58,0,123,36,0,36,159
01/08/2004,ATW,WI,AGL,CE,Federal Contract Tower,10,52,21,0,83,0,0,30,0,30,10,52,51,0,113,26,0,26,139
01/09/2004,ATW,WI,AGL,CE,Federal Contract Tower,11,47,19,0,77,0,0,14,0,14,11,47,33,0,91,0,0,0,91
01/10/2004,ATW,WI,AGL,CE,Federal Contract Tower,8,28,12,0,48,2,1,61,0,64,10,29,73,0,112,44,0,44,156
01/11/2004,ATW,WI,AGL,CE,Federal Contract Tower,9,29,12,0,50,1,4,0,0,5,10,33,12,0,55,26,0,26,81
01/12/2004,ATW,WI,AGL,CE,Federal Contract Tower,9,46,19,0,74,0,4,3,0,7,9,50,22,0,81,0,0,0,81
01/13/2004,ATW,WI,AGL,CE,Federal Contract Tower,13,46,19,0,78,3,2,25,0,30,16,48,44,0,108,40,0,40,148
01/14/2004,ATW,WI,AGL,CE,Federal Contract Tower,14,56,23,0,93,0,0,4,0,4,14,56,27,0,97,0,0,0,97
01/15/2004,ATW,WI,AGL,CE,Federal Contract Tower,15,47,22,0,84,1,0,19,0,20,16,47,41,0,104,14,0,14,118
01/16/2004,ATW,WI,AGL,CE,Federal Contract Tower,14,50,23,0,87,0,0,14,0,14,14,50,37,0,101,0,0,0,101
01/17/2004,ATW,WI,AGL,CE,Federal Contract Tower,10,33,10,0,53,1,2,0,0,3,11,35,10,0,56,0,0,0,56
01/18/2004,ATW,WI,AGL,CE,Federal Contract Tower,11,35,15,0,61,1,0,27,0,28,12,35,42,0,89,2,0,2,91
01/19/2004,ATW,WI,AGL,CE,Federal Contract Tower,12,52,20,0,84,0,0,21,0,21,12,52,41,0,105,8,0,8,113
01/20/2004,ATW,WI,AGL,CE,Federal Contract Tower,15,55,23,0,93,1,0,14,0,15,16,55,37,0,108,8,0,8,116
01/21/2004,ATW,WI,AGL,CE,Federal Contract Tower,14,53,22,0,89,1,0,0,0,1,15,53,22,0,90,0,0,0,90
01/22/2004,ATW,WI,AGL,CE,Federal Contract Tower,14,51,21,0,86,0,0,12,0,12,14,51,33,0,98,2,0,2,100
01/23/2004,ATW,WI,AGL,CE,Federal Contract Tower,11,46,18,0,75,0,2,0,0,2,11,48,18,0,77,0,0,0,77
01/24/2004,ATW,WI,AGL,CE,Federal Contract Tower,8,31,13,0,52,0,7,33,0,40,8,38,46,0,92,74,0,74,166
01/25/2004,ATW,WI,AGL,CE,Federal Contract Tower,7,28,12,0,47,0,6,4,0,10,7,34,16,0,57,26,0,26,83
01/26/2004,ATW,WI,AGL,CE,Federal Contract Tower,12,45,18,0,75,1,0,0,0,1,13,45,18,0,76,0,0,0,76
01/27/2004,ATW,WI,AGL,CE,Federal Contract Tower,13,47,21,0,81,4,0,7,0,11,17,47,28,0,92,4,0,4,96
01/28/2004,ATW,WI,AGL,CE,Federal Contract Tower,14,50,24,0,88,0,0,38,0,38,14,50,62,0,126,18,0,18,144
01/29/2004,ATW,WI,AGL,CE,Federal Contract Tower,14,51,22,0,87,3,0,11,0,14,17,51,33,0,101,0,0,0,101
01/30/2004,ATW,WI,AGL,CE,Federal Contract Tower,13,48,21,0,82,0,0,17,0,17,13,48,38,0,99,6,0,6,105
01/31/2004,ATW,WI,AGL,CE,Federal Contract Tower,9,36,14,0,59,1,3,8,0,12,10,39,22,0,71,30,0,30,101
02/01/2004,ATW,WI,AGL,CE,Federal Contract Tower,9,29,12,0,50,1,5,4,0,10,10,34,16,0,60,36,0,36,96
02/02/2004,ATW,WI,AGL,CE,Federal Contract Tower,12,42,18,0,72,0,1,3,0,4,12,43,21,0,76,6,0,6,82
02/03/2004,ATW,WI,AGL,CE,Federal Contract Tower,11,49,22,0,82,0,0,21,0,21,11,49,43,0,103,8,0,8,111
02/04/2004,ATW,WI,AGL,CE,Federal Contract Tower,14,47,19,0,80,1,3,35,0,39,15,50,54,0,119,12,0,12,131
02/05/2004,ATW,WI,AGL,CE,Federal Contract Tower,13,40,20,0,73,0,0,24,0,24,13,40,44,0,97,10,0,10,107
02/06/2004,ATW,WI,AGL,CE,Federal Contract Tower,13,42,13,0,68,2,5,0,0,7,15,47,13,0,75,2,0,2,77
02/07/2004,ATW,WI,AGL,CE,Federal Contract Tower,10,31,13,0,54,1,5,6,0,12,11,36,19,0,66,32,0,32,98
02/08/2004,ATW,WI,AGL,CE,Federal Contract Tower,9,28,11,0,48,3,5,11,0,19,12,33,22,0,67,58,0,58,125
02/09/2004,ATW,WI,AGL,CE,Federal Contract Tower,14,54,24,0,92,0,0,13,0,13,14,54,37,0,105,10,0,10,115
02/10/2004,ATW,WI,AGL,CE,Federal Contract Tower,14,50,22,0,86,0,0,30,0,30,14,50,52,0,116,80,0,80,196
02/11/2004,ATW,WI,AGL,CE,Federal Contract Tower,15,57,24,0,96,0,1,8,0,9,15,58,32,0,105,0,0,0,105
02/12/2004,ATW,WI,AGL,CE,Federal Contract Tower,15,57,25,0,97,0,0,35,0,35,15,57,60,0,132,18,0,18,150
02/13/2004,ATW,WI,AGL,CE,Federal Contract Tower,15,48,22,0,85,0,0,18,0,18,15,48,40,0,103,26,0,26,129
02/14/2004,ATW,WI,AGL,CE,Federal Contract Tower,9,31,13,0,53,0,10,16,0,26,9,41,29,0,79,36,0,36,115
02/15/2004,ATW,WI,AGL,CE,Federal Contract Tower,8,31,13,0,52,3,4,24,0,31,11,35,37,0,83,16,0,16,99
02/16/2004,ATW,WI,AGL,CE,Federal Contract Tower,11,52,22,0,85,0,0,20,0,20,11,52,42,0,105,34,0,34,139
02/17/2004,ATW,WI,AGL,CE,Federal Contract Tower,12,42,19,0,73,1,0,41,0,42,13,42,60,0,115,20,0,20,135
02/18/2004,ATW,WI,AGL,CE,Federal Contract Tower,15,55,25,0,95,0,0,31,0,31,15,55,56,0,126,22,0,22,148
02/19/2004,ATW,WI,AGL,CE,Federal Contract Tower,15,54,23,0,92,0,0,16,0,16,15,54,39,0,108,2,0,2,110
02/20/2004,ATW,WI,AGL,CE,Federal Contract Tower,12,46,13,0,71,3,3,0,0,6,15,49,13,0,77,0,0,0,77
02/21/2004,ATW,WI,AGL,CE,Federal Contract Tower,9,34,14,0,57,1,4,13,0,18,10,38,27,0,75,32,0,32,107
02/22/2004,ATW,WI,AGL,CE,Federal Contract Tower,9,35,15,0,59,3,3,12,0,18,12,38,27,0,77,46,0,46,123
02/23/2004,ATW,WI,AGL,CE,Federal Contract Tower,13,52,24,0,89,0,0,6,0,6,13,52,30,0,95,0,0,0,95
02/24/2004,ATW,WI,AGL,CE,Federal Contract Tower,14,52,22,0,88,1,0,8,0,9,15,52,30,0,97,4,0,4,101
02/25/2004,ATW,WI,AGL,CE,Federal Contract Tower,15,47,23,0,85,1,0,55,0,56,16,47,78,0,141,38,0,38,179
02/26/2004,ATW,WI,AGL,CE,Federal Contract Tower,13,45,20,0,78,2,0,33,0,35,15,45,53,0,113,30,0,30,143
02/27/2004,ATW,WI,AGL,CE,Federal Contract Tower,15,50,23,0,88,0,0,26,0,26,15,50,49,0,114,20,0,20,134
02/28/2004,ATW,WI,AGL,CE,Federal Contract Tower,10,36,14,0,60,0,4,37,0,41,10,40,51,0,101,24,0,24,125
02/29/2004,ATW,WI,AGL,CE,Federal Contract Tower,9,34,14,0,57,2,3,65,0,70,11,37,79,0,127,74,0,74,201
03/01/2004,ATW,WI,AGL,CE,Federal Contract Tower,8,39,18,0,65,0,3,0,0,3,8,42,18,0,68,0,0,0,68
03/02/2004,ATW,WI,AGL,CE,Federal Contract Tower,16,50,29,0,95,1,0,13,0,14,17,50,42,0,109,0,0,0,109
03/03/2004,ATW,WI,AGL,CE,Federal Contract Tower,14,58,27,0,99,0,1,12,0,13,14,59,39,0,112,26,0,26,138
03/04/2004,ATW,WI,AGL,CE,Federal Contract Tower,15,65,30,0,110,0,1,9,0,10,15,66,39,0,120,20,0,20,140
03/05/2004,ATW,WI,AGL,CE,Federal Contract Tower,11,42,16,0,69,3,1,0,0,4,14,43,16,0,73,0,0,0,73
03/06/2004,ATW,WI,AGL,CE,Federal Contract Tower,9,32,15,0,56,0,10,14,0,24,9,42,29,0,80,44,0,44,124
03/07/2004,ATW,WI,AGL,CE,Federal Contract Tower,8,30,4,0,42,2,8,0,0,10,10,38,4,0,52,0,0,0,52
03/08/2004,ATW,WI,AGL,CE,Federal Contract Tower,12,49,22,0,83,0,4,29,0,33,12,53,51,0,116,22,0,22,138
03/09/2004,ATW,WI,AGL,CE,Federal Contract Tower,14,62,32,0,108,0,0,86,0,86,14,62,118,0,194,62,0,62,256
03/10/2004,ATW,WI,AGL,CE,Federal Contract Tower,14,57,26,0,97,0,0,28,0,28,14,57,54,0,125,8,0,8,133
03/11/2004,ATW,WI,AGL,CE,Federal Contract Tower,11,56,27,0,94,0,0,16,0,16,11,56,43,0,110,0,0,0,110
03/12/2004,ATW,WI,AGL,CE,Federal Contract Tower,15,54,26,0,95,0,0,51,0,51,15,54,77,0,146,26,0,26,172
03/13/2004,ATW,WI,AGL,CE,Federal Contract Tower,8,34,16,0,58,1,7,18,0,26,9,41,34,0,84,18,0,18,102
03/14/2004,ATW,WI,AGL,CE,Federal Contract Tower,8,30,7,0,45,1,10,0,0,11,9,40,7,0,56,0,0,0,56
03/15/2004,ATW,WI,AGL,CE,Federal Contract Tower,11,45,22,0,78,1,0,20,0,21,12,45,42,0,99,10,0,10,109
03/16/2004,ATW,WI,AGL,CE,Federal Contract Tower,13,55,24,0,92,1,0,14,0,15,14,55,38,0,107,42,0,42,149
03/17/2004,ATW,WI,AGL,CE,Federal Contract Tower,14,54,25,0,93,0,0,5,0,5,14,54,30,0,98,0,0,0,98
03/18/2004,ATW,WI,AGL,CE,Federal Contract Tower,12,52,23,0,87,0,0,4,0,4,12,52,27,0,91,0,0,0,91
03/19/2004,ATW,WI,AGL,CE,Federal Contract Tower,10,42,18,0,70,4,2,35,0,41,14,44,53,0,111,60,0,60,171
03/20/2004,ATW,WI,AGL,CE,Federal Contract Tower,9,38,16,0,63,1,6,14,0,21,10,44,30,0,84,24,0,24,108
03/21/2004,ATW,WI,AGL,CE,Federal Contract Tower,9,35,15,0,59,2,4,25,0,31,11,39,40,0,90,70,0,70,160
03/22/2004,ATW,WI,AGL,CE,Federal Contract Tower,10,43,18,0,71,4,2,44,0,50,14,45,62,0,121,16,0,16,137
03/23/2004,ATW,WI,AGL,CE,Federal Contract Tower,12,49,20,0,81,2,3,32,0,37,14,52,52,0,118,18,0,18,136
03/24/2004,ATW,WI,AGL,CE,Federal Contract Tower,13,52,26,0,91,0,0,20,0,20,13,52,46,0,111,36,0,36,147
03/25/2004,ATW,WI,AGL,CE,Federal Contract Tower,12,54,26,0,92,0,0,14,0,14,12,54,40,0,106,2,0,2,108
03/26/2004,ATW,WI,AGL,CE,Federal Contract Tower,11,52,16,0,79,0,10,0,0,10,11,62,16,0,89,0,0,0,89
03/27/2004,ATW,WI,AGL,CE,Federal Contract Tower,8,31,6,0,45,2,5,0,1,8,10,36,6,1,53,0,0,0,53
03/28/2004,ATW,WI,AGL,CE,Federal Contract Tower,8,32,15,0,55,2,5,42,11,60,10,37,57,11,115,6,0,6,121
03/29/2004,ATW,WI,AGL,CE,Federal Contract Tower,12,53,31,1,97,0,0,38,21,59,12,53,69,22,156,26,16,42,198
03/30/2004,ATW,WI,AGL,CE,Federal Contract Tower,16,53,22,1,92,1,0,0,1,2,17,53,22,2,94,4,14,18,112
03/31/2004,ATW,WI,AGL,CE,Federal Contract Tower,15,53,27,0,95,1,0,49,0,50,16,53,76,0,145,18,0,18,163
04/01/2004,ATW,WI,AGL,CE,Federal Contract Tower,15,52,28,0,95,0,0,47,0,47,15,52,75,0,142,76,0,76,218
04/02/2004,ATW,WI,AGL,CE,Federal Contract Tower,13,46,23,0,82,1,6,26,0,33,14,52,49,0,115,44,0,44,159
04/03/2004,ATW,WI,AGL,CE,Federal Contract Tower,9,39,20,0,68,0,5,14,0,19,9,44,34,0,87,2,0,2,89
04/04/2004,ATW,WI,AGL,CE,Federal Contract Tower,10,38,19,0,67,0,2,49,0,51,10,40,68,0,118,26,0,26,144
04/05/2004,ATW,WI,AGL,CE,Federal Contract Tower,13,40,23,0,76,1,0,35,0,36,14,40,58,0,112,60,0,60,172
04/06/2004,ATW,WI,AGL,CE,Federal Contract Tower,13,49,25,0,87,1,4,49,0,54,14,53,74,0,141,28,0,28,169
04/07/2004,ATW,WI,AGL,CE,Federal Contract Tower,15,56,31,0,102,0,0,45,0,45,15,56,76,0,147,30,0,30,177
04/08/2004,ATW,WI,AGL,CE,Federal Contract Tower,15,51,28,0,94,0,0,31,0,31,15,51,59,0,125,4,0,4,129
04/09/2004,ATW,WI,AGL,CE,Federal Contract Tower,13,47,23,0,83,2,5,42,0,49,15,52,65,0,132,42,0,42,174
04/10/2004,ATW,WI,AGL,CE,Federal Contract Tower,9,32,16,0,57,1,10,31,0,42,10,42,47,0,99,28,0,28,127
04/11/2004,ATW,WI,AGL,CE,Federal Contract Tower,10,38,19,0,67,0,2,5,0,7,10,40,24,0,74,0,0,0,74
04/12/2004,ATW,WI,AGL,CE,Federal Contract Tower,13,60,31,0,104,0,3,42,0,45,13,63,73,0,149,42,0,42,191
04/13/2004,ATW,WI,AGL,CE,Federal Contract Tower,14,56,30,0,100,0,0,73,0,73,14,56,103,0,173,52,0,52,225
04/14/2004,ATW,WI,AGL,CE,Federal Contract Tower,13,52,28,0,93,1,0,45,0,46,14,52,73,0,139,64,0,64,203
04/15/2004,ATW,WI,AGL,CE,Federal Contract Tower,14,55,30,0,99,0,0,42,0,42,14,55,72,0,141,2,0,2,143
04/16/2004,ATW,WI,AGL,CE,Federal Contract Tower,13,50,26,0,89,0,3,17,0,20,13,53,43,0,109,0,2,2,111
04/17/2004,ATW,WI,AGL,CE,Federal Contract Tower,9,36,17,0,62,1,6,21,0,28,10,42,38,0,90,40,0,40,130
04/18/2004,ATW,WI,AGL,CE,Federal Contract Tower,7,31,10,0,48,3,5,0,0,8,10,36,10,0,56,8,0,8,64
04/19/2004,ATW,WI,AGL,CE,Federal Contract Tower,12,66,35,0,113,0,0,21,0,21,12,66,56,0,134,28,0,28,162
04/20/2004,ATW,WI,AGL,CE,Federal Contract Tower,13,52,25,0,90,0,0,14,0,14,13,52,39,0,104,14,0,14,118
04/21/2004,ATW,WI,AGL,CE,Federal Contract Tower,14,57,29,0,100,1,0,2,0,3,15,57,31,0,103,8,0,8,111
04/22/2004,ATW,WI,AGL,CE,Federal Contract Tower,17,53,33,0,103,3,0,83,0,86,20,53,116,0,189,76,0,76,265
04/23/2004,ATW,WI,AGL,CE,Federal Contract Tower,13,51,25,0,89,1,0,35,0,36,14,51,60,0,125,12,0,12,137
04/24/2004,ATW,WI,AGL,CE,Federal Contract Tower,7,31,15,0,53,2,6,49,0,57,9,37,64,0,110,34,0,34,144
04/25/2004,ATW,WI,AGL,CE,Federal Contract Tower,8,47,23,0,78,0,0,4,0,4,8,47,27,0,82,0,0,0,82
04/26/2004,ATW,WI,AGL,CE,Federal Contract Tower,12,47,25,0,84,0,0,16,0,16,12,47,41,0,100,6,0,6,106
04/27/2004,ATW,WI,AGL,CE,Federal Contract Tower,14,53,27,0,94,0,0,52,0,52,14,53,79,0,146,24,0,24,170
04/28/2004,ATW,WI,AGL,CE,Federal Contract Tower,13,50,26,0,89,1,0,17,0,18,14,50,43,0,107,8,0,8,115
04/29/2004,ATW,WI,AGL,CE,Federal Contract Tower,14,54,29,0,97,0,0,23,0,23,14,54,52,0,120,2,0,2,122
04/30/2004,ATW,WI,AGL,CE,Federal Contract Tower,14,54,27,0,95,1,0,7,0,8,15,54,34,0,103,0,0,0,103
05/01/2004,ATW,WI,AGL,CE,Federal Contract Tower,10,37,22,0,69,0,9,45,0,54,10,46,67,0,123,12,0,12,135
05/02/2004,ATW,WI,AGL,CE,Federal Contract Tower,8,35,21,0,64,0,11,23,0,34,8,46,44,0,98,6,0,6,104
05/03/2004,ATW,WI,AGL,CE,Federal Contract Tower,12,47,28,0,87,0,9,29,0,38,12,56,57,0,125,32,0,32,157
05/04/2004,ATW,WI,AGL,CE,Federal Contract Tower,13,54,32,0,99,0,6,18,0,24,13,60,50,0,123,6,0,6,129
05/05/2004,ATW,WI,AGL,CE,Federal Contract Tower,12,56,33,0,101,0,3,41,5,49,12,59,74,5,150,42,0,42,192
05/06/2004,ATW,WI,AGL,CE,Federal Contract Tower,14,49,30,0,93,0,6,16,2,24,14,55,46,2,117,64,0,64,181
05/07/2004,ATW,WI,AGL,CE,Federal Contract Tower,14,48,29,0,91,1,5,22,0,28,15,53,51,0,119,26,0,26,145
05/08/2004,ATW,WI,AGL,CE,Federal Contract Tower,10,34,21,0,65,1,13,0,0,14,11,47,21,0,79,16,0,16,95
05/09/2004,ATW,WI,AGL,CE,Federal Contract Tower,8,28,14,0,50,1,7,0,0,8,9,35,14,0,58,14,0,14,72
05/10/2004,ATW,WI,AGL,CE,Federal Contract Tower,12,47,29,0,88,0,1,11,0,12,12,48,40,0,100,0,0,0,100
05/11/2004,ATW,WI,AGL,CE,Federal Contract Tower,15,50,32,0,97,1,0,18,0,19,16,50,50,0,116,4,0,4,120
05/12/2004,ATW,WI,AGL,CE,Federal Contract Tower,13,47,28,0,88,1,3,32,0,36,14,50,60,0,124,10,0,10,134
05/13/2004,ATW,WI,AGL,CE,Federal Contract Tower,16,55,32,0,103,1,2,7,0,10,17,57,39,0,113,10,0,10,123
05/14/2004,ATW,WI,AGL,CE,Federal Contract Tower,13,46,20,0,79,0,8,0,0,8,13,54,20,0,87,0,0,0,87
05/15/2004,ATW,WI,AGL,CE,Federal Contract Tower,10,39,24,0,73,0,2,92,0,94,10,41,116,0,167,34,0,34,201
05/16/2004,ATW,WI,AGL,CE,Federal Contract Tower,9,33,19,0,61,2,8,61,0,71,11,41,80,0,132,54,0,54,186
05/17/2004,ATW,WI,AGL,CE,Federal Contract Tower,11,49,36,0,96,0,0,0,0,0,11,49,36,0,96,16,0,16,112
05/18/2004,ATW,WI,AGL,CE,Federal Contract Tower,14,51,31,0,96,3,0,45,0,48,17,51,76,0,144,26,0,26,170
05/19/2004,ATW,WI,AGL,CE,Federal Contract Tower,14,53,30,0,97,1,5,33,0,39,15,58,63,0,136,36,0,36,172
05/20/2004,ATW,WI,AGL,CE,Federal Contract Tower,14,54,34,0,102,0,0,27,0,27,14,54,61,0,129,30,0,30,159
05/21/2004,ATW,WI,AGL,CE,Federal Contract Tower,14,48,30,0,92,4,0,7,0,11,18,48,37,0,103,4,0,4,107
05/22/2004,ATW,WI,AGL,CE,Federal Contract Tower,2,48,27,0,77,0,0,0,0,0,2,48,27,0,77,0,0,0,77
05/23/2004,ATW,WI,AGL,CE,Federal Contract Tower,8,32,10,0,50,6,2,0,0,8,14,34,10,0,58,0,0,0,58
05/24/2004,ATW,WI,AGL,CE,Federal Contract Tower,13,53,32,0,98,0,3,25,0,28,13,56,57,0,126,16,0,16,142
05/25/2004,ATW,WI,AGL,CE,Federal Contract Tower,12,48,28,0,88,2,4,14,0,20,14,52,42,0,108,26,0,26,134
05/26/2004,ATW,WI,AGL,CE,Federal Contract Tower,15,48,39,0,102,0,0,57,0,57,15,48,96,0,159,50,0,50,209
05/27/2004,ATW,WI,AGL,CE,Federal Contract Tower,15,53,34,0,102,3,0,10,0,13,18,53,44,0,115,28,0,28,143
05/28/2004,ATW,WI,AGL,CE,Federal Contract Tower,13,49,28,0,90,3,5,41,0,49,16,54,69,0,139,70,0,70,209
05/29/2004,ATW,WI,AGL,CE,Federal Contract Tower,7,28,14,0,49,2,10,0,0,12,9,38,14,0,61,10,0,10,71
05/30/2004,ATW,WI,AGL,CE,Federal Contract Tower,5,19,3,0,27,2,7,0,0,9,7,26,3,0,36,0,0,0,36
05/31/2004,ATW,WI,AGL,CE,Federal Contract Tower,8,31,16,0,55,2,3,0,0,5,10,34,16,0,60,12,0,12,72
06/01/2004,ATW,WI,AGL,CE,Federal Contract Tower,12,42,20,0,74,2,5,0,0,7,14,47,20,0,81,10,0,10,91
06/02/2004,ATW,WI,AGL,CE,Federal Contract Tower,15,55,32,0,102,1,0,13,0,14,16,55,45,0,116,30,0,30,146
06/03/2004,ATW,WI,AGL,CE,Federal Contract Tower,15,54,30,0,99,1,3,54,0,58,16,57,84,0,157,68,0,68,225
06/04/2004,ATW,WI,AGL,CE,Federal Contract Tower,14,50,32,0,96,0,0,87,0,87,14,50,119,0,183,48,0,48,231
06/05/2004,ATW,WI,AGL,CE,Federal Contract Tower,10,36,21,0,67,1,10,66,0,77,11,46,87,0,144,16,0,16,160
06/06/2004,ATW,WI,AGL,CE,Federal Contract Tower,9,34,19,0,62,1,5,21,0,27,10,39,40,0,89,6,0,6,95
06/07/2004,ATW,WI,AGL,CE,Federal Contract Tower,12,47,27,0,86,0,5,18,0,23,12,52,45,0,109,26,0,26,135
06/08/2004,ATW,WI,AGL,CE,Federal Contract Tower,14,51,28,0,93,2,10,37,0,49,16,61,65,0,142,12,0,12,154
06/09/2004,ATW,WI,AGL,CE,Federal Contract Tower,15,47,32,0,94,1,0,20,0,21,16,47,52,0,115,2,0,2,117
06/10/2004,ATW,WI,AGL,CE,Federal Contract Tower,13,48,33,0,94,0,0,14,0,14,13,48,47,0,108,0,0,0,108
06/11/2004,ATW,WI,AGL,CE,Federal Contract Tower,14,54,32,0,100,0,0,7,0,7,14,54,39,0,107,0,0,0,107
06/12/2004,ATW,WI,AGL,CE,Federal Contract Tower,12,41,24,0,77,0,0,32,0,32,12,41,56,0,109,0,0,0,109
06/13/2004,ATW,WI,AGL,CE,Federal Contract Tower,9,34,16,0,59,0,8,0,0,8,9,42,16,0,67,6,0,6,73
06/14/2004,ATW,WI,AGL,CE,Federal Contract Tower,12,45,28,0,85,0,0,40,0,40,12,45,68,0,125,36,0,36,161
06/15/2004,ATW,WI,AGL,CE,Federal Contract Tower,12,51,31,0,94,0,0,74,0,74,12,51,105,0,168,38,0,38,206
06/16/2004,ATW,WI,AGL,CE,Federal Contract Tower,13,50,28,0,91,3,0,36,0,39,16,50,64,0,130,32,0,32,162
06/17/2004,ATW,WI,AGL,CE,Federal Contract Tower,14,54,36,0,104,0,0,19,0,19,14,54,55,0,123,20,0,20,143
06/18/2004,ATW,WI,AGL,CE,Federal Contract Tower,13,54,30,0,97,0,3,58,0,61,13,57,88,0,158,26,0,26,184
06/19/2004,ATW,WI,AGL,CE,Federal Contract Tower,8,32,17,0,57,1,6,55,0,62,9,38,72,0,119,24,0,24,143
06/20/2004,ATW,WI,AGL,CE,Federal Contract Tower,8,31,17,0,56,2,4,44,0,50,10,35,61,0,106,54,0,54,160
06/21/2004,ATW,WI,AGL,CE,Federal Contract Tower,12,47,28,0,87,0,0,11,0,11,12,47,39,0,98,30,0,30,128
06/22/2004,ATW,WI,AGL,CE,Federal Contract Tower,13,50,28,0,91,1,8,17,0,26,14,58,45,0,117,24,0,24,141
06/23/2004,ATW,WI,AGL,CE,Federal Contract Tower,15,52,32,0,99,0,0,44,0,44,15,52,76,0,143,28,0,28,171
06/24/2004,ATW,WI,AGL,CE,Federal Contract Tower,14,56,31,0,101,0,0,23,0,23,14,56,54,0,124,14,0,14,138
06/25/2004,ATW,WI,AGL,CE,Federal Contract Tower,13,50,29,0,92,0,0,58,0,58,13,50,87,0,150,42,0,42,192
06/26/2004,ATW,WI,AGL,CE,Federal Contract Tower,9,38,22,0,69,0,4,62,0,66,9,42,84,0,135,20,0,20,155
06/27/2004,ATW,WI,AGL,CE,Federal Contract Tower,9,38,21,0,68,1,3,33,0,37,10,41,54,0,105,30,0,30,135
06/28/2004,ATW,WI,AGL,CE,Federal Contract Tower,11,44,27,0,82,0,0,31,0,31,11,44,58,0,113,44,0,44,157
06/29/2004,ATW,WI,AGL,CE,Federal Contract Tower,13,53,29,0,95,0,1,33,0,34,13,54,62,0,129,26,0,26,155
06/30/2004,ATW,WI,AGL,CE,Federal Contract Tower,15,56,35,0,106,0,0,35,0,35,15,56,70,0,141,50,0,50,191
07/01/2004,ATW,WI,AGL,CE,Federal Contract Tower,15,52,41,0,108,0,3,28,0,31,15,55,69,0,139,98,0,98,237
07/02/2004,ATW,WI,AGL,CE,Federal Contract Tower,12,42,33,0,87,1,11,47,0,59,13,53,80,0,146,66,0,66,212
07/03/2004,ATW,WI,AGL,CE,Federal Contract Tower,7,24,20,0,51,2,13,8,0,23,9,37,28,0,74,26,0,26,100
07/04/2004,ATW,WI,AGL,CE,Federal Contract Tower,7,24,18,0,49,10,2,0,0,12,17,26,18,0,61,0,0,0,61
07/05/2004,ATW,WI,AGL,CE,Federal Contract Tower,11,38,30,0,79,0,2,40,0,42,11,40,70,0,121,26,0,26,147
07/06/2004,ATW,WI,AGL,CE,Federal Contract Tower,12,42,27,0,81,2,9,0,0,11,14,51,27,0,92,0,0,0,92
07/07/2004,ATW,WI,AGL,CE,Federal Contract Tower,15,54,44,0,113,1,4,7,0,12,16,58,51,0,125,54,0,54,179
07/08/2004,ATW,WI,AGL,CE,Federal Contract Tower,14,47,38,0,99,0,7,33,0,40,14,54,71,0,139,60,0,60,199
07/09/2004,ATW,WI,AGL,CE,Federal Contract Tower,13,47,38,0,98,3,5,34,0,42,16,52,72,0,140,22,0,22,162
07/10/2004,ATW,WI,AGL,CE,Federal Contract Tower,10,33,27,0,70,0,4,74,0,78,10,37,101,0,148,30,0,30,178
07/11/2004,ATW,WI,AGL,CE,Federal Contract Tower,8,28,23,0,59,5,4,10,0,19,13,32,33,0,78,26,0,26,104
07/12/2004,ATW,WI,AGL,CE,Federal Contract Tower,12,42,34,0,88,0,7,17,0,24,12,49,51,0,112,0,0,0,112
07/13/2004,ATW,WI,AGL,CE,Federal Contract Tower,14,48,39,0,101,3,10,12,0,25,17,58,51,0,126,10,0,10,136
07/14/2004,ATW,WI,AGL,CE,Federal Contract Tower,14,41,39,0,94,2,0,7,0,9,16,41,46,0,103,8,0,8,111
07/15/2004,ATW,WI,AGL,CE,Federal Contract Tower,14,56,47,0,117,0,0,59,0,59,14,56,106,0,176,52,0,52,228
07/16/2004,ATW,WI,AGL,CE,Federal Contract Tower,12,45,36,0,93,0,6,17,0,23,12,51,53,0,116,14,0,14,130
07/17/2004,ATW,WI,AGL,CE,Federal Contract Tower,6,24,19,0,49,4,12,34,0,50,10,36,53,0,99,34,0,34,133
07/18/2004,ATW,WI,AGL,CE,Federal Contract Tower,8,31,24,0,63,4,9,54,0,67,12,40,78,0,130,32,0,32,162
07/19/2004,ATW,WI,AGL,CE,Federal Contract Tower,14,55,42,0,111,0,1,31,0,32,14,56,73,0,143,16,0,16,159
07/20/2004,ATW,WI,AGL,CE,Federal Contract Tower,12,47,37,0,96,3,7,17,0,27,15,54,54,0,123,56,0,56,179
07/21/2004,ATW,WI,AGL,CE,Federal Contract Tower,13,50,39,0,102,1,5,2,0,8,14,55,41,0,110,12,2,14,124
07/22/2004,ATW,WI,AGL,CE,Federal Contract Tower,13,51,39,0,103,1,7,35,0,43,14,58,74,0,146,64,0,64,210
07/23/2004,ATW,WI,AGL,CE,Federal Contract Tower,14,54,41,0,109,0,4,87,0,91,14,58,128,0,200,18,0,18,218
07/24/2004,ATW,WI,AGL,CE,Federal Contract Tower,8,31,24,0,63,1,6,71,0,78,9,37,95,0,141,28,0,28,169
07/25/2004,ATW,WI,AGL,CE,Federal Contract Tower,10,38,29,0,77,1,1,110,0,112,11,39,139,0,189,22,0,22,211
07/26/2004,ATW,WI,AGL,CE,Federal Contract Tower,14,53,51,0,118,0,0,209,0,209,14,53,260,0,327,8,0,8,335
07/27/2004,ATW,WI,AGL,CE,Federal Contract Tower,16,62,56,0,134,0,0,168,0,168,16,62,224,0,302,32,0,32,334
07/28/2004,ATW,WI,AGL,CE,Federal Contract Tower,14,58,61,0,133,0,0,265,0,265,14,58,326,0,398,6,0,6,404
07/29/2004,ATW,WI,AGL,CE,Federal Contract Tower,15,63,71,0,149,0,0,260,0,260,15,63,331,0,409,2,0,2,411
07/30/2004,ATW,WI,AGL,CE,Federal Contract Tower,13,59,79,0,151,0,0,242,0,242,13,59,321,0,393,0,0,0,393
07/31/2004,ATW,WI,AGL,CE,Federal Contract Tower,9,40,49,0,98,0,0,282,0,282,9,40,331,0,380,0,0,0,380
08/01/2004,ATW,WI,AGL,CE,Federal Contract Tower,11,42,47,0,100,0,0,176,0,176,11,42,223,0,276,0,0,0,276
08/02/2004,ATW,WI,AGL,CE,Federal Contract Tower,12,57,40,0,109,0,0,106,0,106,12,57,146,0,215,36,0,36,251
08/03/2004,ATW,WI,AGL,CE,Federal Contract Tower,14,53,35,0,102,0,0,59,0,59,14,53,94,0,161,34,0,34,195
08/04/2004,ATW,WI,AGL,CE,Federal Contract Tower,14,47,29,0,90,2,3,35,0,40,16,50,64,0,130,28,0,28,158
08/05/2004,ATW,WI,AGL,CE,Federal Contract Tower,16,56,34,0,106,0,1,61,0,62,16,57,95,0,168,18,0,18,186
08/06/2004,ATW,WI,AGL,CE,Federal Contract Tower,13,43,27,0,83,4,3,68,0,75,17,46,95,0,158,28,0,28,186
08/07/2004,ATW,WI,AGL,CE,Federal Contract Tower,11,38,24,0,73,0,0,64,8,72,11,38,88,8,145,32,0,32,177
08/08/2004,ATW,WI,AGL,CE,Federal Contract Tower,9,32,20,0,61,3,7,29,0,39,12,39,49,0,100,18,0,18,118
08/09/2004,ATW,WI,AGL,CE,Federal Contract Tower,14,53,34,0,101,0,0,19,0,19,14,53,53,0,120,8,0,8,128
08/10/2004,ATW,WI,AGL,CE,Federal Contract Tower,14,53,37,0,104,0,0,23,0,23,14,53,60,0,127,10,0,10,137
08/11/2004,ATW,WI,AGL,CE,Federal Contract Tower,16,56,34,0,106,0,0,21,0,21,16,56,55,0,127,20,0,20,147
08/12/2004,ATW,WI,AGL,CE,Federal Contract Tower,15,52,33,0,100,0,3,56,0,59,15,55,89,0,159,38,0,38,197
08/13/2004,ATW,WI,AGL,CE,Federal Contract Tower,16,54,34,0,104,0,2,39,0,41,16,56,73,0,145,26,0,26,171
08/14/2004,ATW,WI,AGL,CE,Federal Contract Tower,10,35,22,0,67,0,6,90,0,96,10,41,112,0,163,42,0,42,205
08/15/2004,ATW,WI,AGL,CE,Federal Contract Tower,10,37,22,0,69,0,5,61,0,66,10,42,83,0,135,32,0,32,167
08/16/2004,ATW,WI,AGL,CE,Federal Contract Tower,12,44,26,0,82,2,7,7,0,16,14,51,33,0,98,18,0,18,116
08/17/2004,ATW,WI,AGL,CE,Federal Contract Tower,14,56,33,0,103,0,1,15,0,16,14,57,48,0,119,16,0,16,135
08/18/2004,ATW,WI,AGL,CE,Federal Contract Tower,14,55,32,0,101,0,4,7,0,11,14,59,39,0,112,0,0,0,112
08/19/2004,ATW,WI,AGL,CE,Federal Contract Tower,14,52,30,0,96,0,2,58,0,60,14,54,88,0,156,26,0,26,182
08/20/2004,ATW,WI,AGL,CE,Federal Contract Tower,13,48,28,0,89,5,0,38,0,43,18,48,66,0,132,16,0,16,148
08/21/2004,ATW,WI,AGL,CE,Federal Contract Tower,8,33,19,0,60,3,2,85,0,90,11,35,104,0,150,24,0,24,174
08/22/2004,ATW,WI,AGL,CE,Federal Contract Tower,8,31,19,0,58,1,8,13,0,22,9,39,32,0,80,10,0,10,90
08/23/2004,ATW,WI,AGL,CE,Federal Contract Tower,13,50,30,0,93,1,0,13,0,14,14,50,43,0,107,12,0,12,119
08/24/2004,ATW,WI,AGL,CE,Federal Contract Tower,14,53,33,0,100,1,0,5,0,6,15,53,38,0,106,0,0,0,106
08/25/2004,ATW,WI,AGL,CE,Federal Contract Tower,14,55,34,0,103,0,5,4,0,9,14,60,38,0,112,0,0,0,112
08/26/2004,ATW,WI,AGL,CE,Federal Contract Tower,14,52,40,0,106,0,0,28,0,28,14,52,68,0,134,12,0,12,146
08/27/2004,ATW,WI,AGL,CE,Federal Contract Tower,14,52,32,0,98,0,9,35,0,44,14,61,67,0,142,10,0,10,152
08/28/2004,ATW,WI,AGL,CE,Federal Contract Tower,9,33,20,0,62,2,3,29,0,34,11,36,49,0,96,22,0,22,118
08/29/2004,ATW,WI,AGL,CE,Federal Contract Tower,9,34,21,0,64,4,2,42,0,48,13,36,63,0,112,12,0,12,124
08/30/2004,ATW,WI,AGL,CE,Federal Contract Tower,14,47,32,0,93,0,0,52,0,52,14,47,84,0,145,18,0,18,163
08/31/2004,ATW,WI,AGL,CE,Federal Contract Tower,15,52,33,0,100,1,0,68,0,69,16,52,101,0,169,28,0,28,197
09/01/2004,ATW,WI,AGL,CE,Federal Contract Tower,15,58,27,0,100,0,0,51,0,51,15,58,78,0,151,32,0,32,183
09/02/2004,ATW,WI,AGL,CE,Federal Contract Tower,14,57,26,0,97,0,3,39,0,42,14,60,65,0,139,30,0,30,169
09/03/2004,ATW,WI,AGL,CE,Federal Contract Tower,12,45,21,0,78,1,10,22,0,33,13,55,43,0,111,16,0,16,127
09/04/2004,ATW,WI,AGL,CE,Federal Contract Tower,9,37,18,0,64,0,2,29,0,31,9,39,47,0,95,16,0,16,111
09/05/2004,ATW,WI,AGL,CE,Federal Contract Tower,8,26,14,0,48,0,0,15,0,15,8,26,29,0,63,18,0,18,81
09/06/2004,ATW,WI,AGL,CE,Federal Contract Tower,10,36,17,0,63,0,4,15,0,19,10,40,32,0,82,0,0,0,82
09/07/2004,ATW,WI,AGL,CE,Federal Contract Tower,12,52,28,0,92,0,0,41,0,41,12,52,69,0,133,6,0,6,139
09/08/2004,ATW,WI,AGL,CE,Federal Contract Tower,12,48,25,0,85,0,0,76,0,76,12,48,101,0,161,24,0,24,185
09/09/2004,ATW,WI,AGL,CE,Federal Contract Tower,16,60,31,0,107,0,0,54,0,54,16,60,85,0,161,32,0,32,193
09/10/2004,ATW,WI,AGL,CE,Federal Contract Tower,12,53,25,0,90,0,0,51,0,51,12,53,76,0,141,64,0,64,205
09/11/2004,ATW,WI,AGL,CE,Federal Contract Tower,9,31,14,0,54,2,6,38,0,46,11,37,52,0,100,10,0,10,110
09/12/2004,ATW,WI,AGL,CE,Federal Contract Tower,10,37,17,0,64,0,7,47,0,54,10,44,64,0,118,14,0,14,132
09/13/2004,ATW,WI,AGL,CE,Federal Contract Tower,14,48,24,0,86,0,0,28,0,28,14,48,52,0,114,36,0,36,150
09/14/2004,ATW,WI,AGL,CE,Federal Contract Tower,14,54,26,0,94,0,0,44,0,44,14,54,70,0,138,42,0,42,180
09/15/2004,ATW,WI,AGL,CE,Federal Contract Tower,13,52,23,0,88,0,3,0,0,3,13,55,23,0,91,4,0,4,95
09/16/2004,ATW,WI,AGL,CE,Federal Contract Tower,14,53,25,0,92,1,0,53,0,54,15,53,78,0,146,46,0,46,192
09/17/2004,ATW,WI,AGL,CE,Federal Contract Tower,15,53,26,0,94,0,0,65,0,65,15,53,91,0,159,34,0,34,193
09/18/2004,ATW,WI,AGL,CE,Federal Contract Tower,11,43,21,0,75,5,0,51,0,56,16,43,72,0,131,12,0,12,143
09/19/2004,ATW,WI,AGL,CE,Federal Contract Tower,9,36,16,0,61,1,5,37,0,43,10,41,53,0,104,2,0,2,106
09/20/2004,ATW,WI,AGL,CE,Federal Contract Tower,12,49,22,0,83,1,7,32,0,40,13,56,54,0,123,38,0,38,161
09/21/2004,ATW,WI,AGL,CE,Federal Contract Tower,15,58,27,0,100,1,5,27,0,33,16,63,54,0,133,22,0,22,155
09/22/2004,ATW,WI,AGL,CE,Federal Contract Tower,15,60,28,0,103,1,0,69,0,70,16,60,97,0,173,48,0,48,221
09/23/2004,ATW,WI,AGL,CE,Federal Contract Tower,16,64,32,0,112,0,0,38,0,38,16,64,70,0,150,46,0,46,196
09/24/2004,ATW,WI,AGL,CE,Federal Contract Tower,15,55,27,0,97,0,0,32,0,32,15,55,59,0,129,10,0,10,139
09/25/2004,ATW,WI,AGL,CE,Federal Contract Tower,10,40,19,0,69,3,1,28,0,32,13,41,47,0,101,42,0,42,143
09/26/2004,ATW,WI,AGL,CE,Federal Contract Tower,10,40,19,0,69,1,7,38,0,46,11,47,57,0,115,50,0,50,165
09/27/2004,ATW,WI,AGL,CE,Federal Contract Tower,14,54,27,0,95,0,0,43,0,43,14,54,70,0,138,36,0,36,174
09/28/2004,ATW,WI,AGL,CE,Federal Contract Tower,16,58,28,0,102,0,0,50,0,50,16,58,78,0,152,34,0,34,186
09/29/2004,ATW,WI,AGL,CE,Federal Contract Tower,14,53,25,0,92,2,0,38,0,40,16,53,63,0,132,68,0,68,200
09/30/2004,ATW,WI,AGL,CE,Federal Contract Tower,16,62,29,0,107,0,0,46,0,46,16,62,75,0,153,24,0,24,177
10/01/2004,ATW,WI,AGL,CE,Federal Contract Tower,19,52,20,0,91,0,0,21,0,21,19,52,41,0,112,0,0,0,112
10/02/2004,ATW,WI,AGL,CE,Federal Contract Tower,13,38,11,0,62,0,0,21,0,21,13,38,32,0,83,8,0,8,91
10/03/2004,ATW,WI,AGL,CE,Federal Contract Tower,9,42,9,0,60,0,0,31,0,31,9,42,40,0,91,34,0,34,125
10/04/2004,ATW,WI,AGL,CE,Federal Contract Tower,12,53,29,0,94,0,0,23,0,23,12,53,52,0,117,20,0,20,137
10/05/2004,ATW,WI,AGL,CE,Federal Contract Tower,15,58,10,0,83,0,0,29,0,29,15,58,39,0,112,38,0,38,150
10/06/2004,ATW,WI,AGL,CE,Federal Contract Tower,14,57,22,0,93,0,0,30,0,30,14,57,52,0,123,0,0,0,123
10/07/2004,ATW,WI,AGL,CE,Federal Contract Tower,14,59,30,0,103,0,0,38,0,38,14,59,68,0,141,10,0,10,151
10/08/2004,ATW,WI,AGL,CE,Federal Contract Tower,12,59,31,0,102,0,0,16,0,16,12,59,47,0,118,44,0,44,162
10/09/2004,ATW,WI,AGL,CE,Federal Contract Tower,9,43,6,0,58,0,0,57,0,57,9,43,63,0,115,50,0,50,165
10/10/2004,ATW,WI,AGL,CE,Federal Contract Tower,12,44,12,0,68,0,0,63,0,63,12,44,75,0,131,16,0,16,147
10/11/2004,ATW,WI,AGL,CE,Federal Contract Tower,15,57,32,0,104,0,0,55,0,55,15,57,87,0,159,48,0,48,207
10/12/2004,ATW,WI,AGL,CE,Federal Contract Tower,13,53,35,0,101,0,0,63,0,63,13,53,98,0,164,14,0,14,178
10/13/2004,ATW,WI,AGL,CE,Federal Contract Tower,14,59,30,4,107,0,0,27,0,27,14,59,57,4,134,26,0,26,160
10/14/2004,ATW,WI,AGL,CE,Federal Contract Tower,14,58,39,3,114,0,0,12,4,16,14,58,51,7,130,18,2,20,150
10/15/2004,ATW,WI,AGL,CE,Federal Contract Tower,16,61,24,0,101,0,0,1,1,2,16,61,25,1,103,0,0,0,103
10/16/2004,ATW,WI,AGL,CE,Federal Contract Tower,10,44,6,2,62,0,0,2,0,2,10,44,8,2,64,2,0,2,66
10/17/2004,ATW,WI,AGL,CE,Federal Contract Tower,13,45,25,0,83,0,0,50,0,50,13,45,75,0,133,12,0,12,145
10/18/2004,ATW,WI,AGL,CE,Federal Contract Tower,13,60,28,0,101,0,0,5,0,5,13,60,33,0,106,0,0,0,106
10/19/2004,ATW,WI,AGL,CE,Federal Contract Tower,13,56,18,0,87,0,0,9,0,9,13,56,27,0,96,14,0,14,110
10/20/2004,ATW,WI,AGL,CE,Federal Contract Tower,15,63,37,0,115,0,0,14,0,14,15,63,51,0,129,34,0,34,163
10/21/2004,ATW,WI,AGL,CE,Federal Contract Tower,14,51,33,0,98,0,0,23,0,23,14,51,56,0,121,70,0,70,191
10/22/2004,ATW,WI,AGL,CE,Federal Contract Tower,15,60,23,0,98,0,0,8,0,8,15,60,31,0,106,0,0,0,106
10/23/2004,ATW,WI,AGL,CE,Federal Contract Tower,15,41,9,0,65,0,0,0,0,0,15,41,9,0,65,0,0,0,65
10/24/2004,ATW,WI,AGL,CE,Federal Contract Tower,10,42,28,0,80,0,0,26,0,26,10,42,54,0,106,48,0,48,154
10/25/2004,ATW,WI,AGL,CE,Federal Contract Tower,13,62,29,0,104,0,0,33,0,33,13,62,62,0,137,14,0,14,151
10/26/2004,ATW,WI,AGL,CE,Federal Contract Tower,14,66,30,0,110,0,0,31,0,31,14,66,61,0,141,0,0,0,141
10/27/2004,ATW,WI,AGL,CE,Federal Contract Tower,14,61,33,0,108,0,0,6,0,6,14,61,39,0,114,0,0,0,114
10/28/2004,ATW,WI,AGL,CE,Federal Contract Tower,16,54,38,0,108,0,0,0,0,0,16,54,38,0,108,0,0,0,108
10/29/2004,ATW,WI,AGL,CE,Federal Contract Tower,8,50,18,0,76,0,0,4,0,4,8,50,22,0,80,0,0,0,80
10/30/2004,ATW,WI,AGL,CE,Federal Contract Tower,10,46,11,0,67,0,0,2,0,2,10,46,13,0,69,0,0,0,69
10/31/2004,ATW,WI,AGL,CE,Federal Contract Tower,19,32,14,0,65,0,0,30,0,30,19,32,44,0,95,20,0,20,115
11/01/2004,ATW,WI,AGL,CE,Federal Contract Tower,21,51,37,0,109,0,0,4,0,4,21,51,41,0,113,10,0,10,123
11/02/2004,ATW,WI,AGL,CE,Federal Contract Tower,21,48,18,0,87,0,0,16,0,16,21,48,34,0,103,12,0,12,115
11/03/2004,ATW,WI,AGL,CE,Federal Contract Tower,23,49,45,0,117,0,0,36,0,36,23,49,81,0,153,62,0,62,215
11/04/2004,ATW,WI,AGL,CE,Federal Contract Tower,23,51,32,0,106,0,0,25,0,25,23,51,57,0,131,4,0,4,135
11/05/2004,ATW,WI,AGL,CE,Federal Contract Tower,24,46,25,0,95,0,0,15,0,15,24,46,40,0,110,16,0,16,126
11/06/2004,ATW,WI,AGL,CE,Federal Contract Tower,20,33,10,0,63,0,0,34,0,34,20,33,44,0,97,16,0,16,113
11/07/2004,ATW,WI,AGL,CE,Federal Contract Tower,19,36,3,0,58,0,0,17,0,17,19,36,20,0,75,6,0,6,81
11/08/2004,ATW,WI,AGL,CE,Federal Contract Tower,21,48,28,0,97,0,0,16,0,16,21,48,44,0,113,16,0,16,129
11/09/2004,ATW,WI,AGL,CE,Federal Contract Tower,23,49,37,0,109,0,0,42,0,42,23,49,79,0,151,40,0,40,191
11/10/2004,ATW,WI,AGL,CE,Federal Contract Tower,23,44,27,0,94,0,0,12,0,12,23,44,39,0,106,2,0,2,108
11/11/2004,ATW,WI,AGL,CE,Federal Contract Tower,23,49,27,0,99,0,0,51,0,51,23,49,78,0,150,52,0,52,202
11/12/2004,ATW,WI,AGL,CE,Federal Contract Tower,21,46,22,0,89,0,0,47,0,47,21,46,69,0,136,14,0,14,150
11/13/2004,ATW,WI,AGL,CE,Federal Contract Tower,21,35,13,0,69,0,0,66,0,66,21,35,79,0,135,54,0,54,189
11/14/2004,ATW,WI,AGL,CE,Federal Contract Tower,18,36,14,0,68,0,0,65,0,65,18,36,79,0,133,10,0,10,143
11/15/2004,ATW,WI,AGL,CE,Federal Contract Tower,24,45,32,0,101,0,0,5,0,5,24,45,37,0,106,0,0,0,106
11/16/2004,ATW,WI,AGL,CE,Federal Contract Tower,26,49,23,0,98,0,0,0,0,0,26,49,23,0,98,0,0,0,98
11/17/2004,ATW,WI,AGL,CE,Federal Contract Tower,25,53,27,0,105,0,0,18,0,18,25,53,45,0,123,2,0,2,125
11/18/2004,ATW,WI,AGL,CE,Federal Contract Tower,23,52,27,0,102,0,0,17,0,17,23,52,44,0,119,6,0,6,125
11/19/2004,ATW,WI,AGL,CE,Federal Contract Tower,22,49,20,0,91,0,0,6,0,6,22,49,26,0,97,0,0,0,97
11/20/2004,ATW,WI,AGL,CE,Federal Contract Tower,21,32,11,0,64,0,0,4,0,4,21,32,15,0,68,0,0,0,68
11/21/2004,ATW,WI,AGL,CE,Federal Contract Tower,23,34,9,0,66,0,0,39,0,39,23,34,48,0,105,58,0,58,163
11/22/2004,ATW,WI,AGL,CE,Federal Contract Tower,20,43,28,0,91,0,0,17,0,17,20,43,45,0,108,46,0,46,154
11/23/2004,ATW,WI,AGL,CE,Federal Contract Tower,22,51,25,0,98,0,0,28,0,28,22,51,53,0,126,26,0,26,152
11/24/2004,ATW,WI,AGL,CE,Federal Contract Tower,20,47,22,0,89,0,0,41,0,41,20,47,63,0,130,50,0,50,180
11/25/2004,ATW,WI,AGL,CE,Federal Contract Tower,16,26,7,0,49,0,0,28,1,29,16,26,35,1,78,6,0,6,84
11/26/2004,ATW,WI,AGL,CE,Federal Contract Tower,20,34,8,0,62,0,0,19,0,19,20,34,27,0,81,60,0,60,141
11/27/2004,ATW,WI,AGL,CE,Federal Contract Tower,17,31,18,0,66,0,0,0,0,0,17,31,18,0,66,0,0,0,66
11/28/2004,ATW,WI,AGL,CE,Federal Contract Tower,22,40,17,0,79,0,0,28,0,28,22,40,45,0,107,44,0,44,151
11/29/2004,ATW,WI,AGL,CE,Federal Contract Tower,20,46,37,0,103,0,0,23,0,23,20,46,60,0,126,22,0,22,148
11/30/2004,ATW,WI,AGL,CE,Federal Contract Tower,23,46,28,0,97,0,0,21,0,21,23,46,49,0,118,16,0,16,134
12/01/2004,ATW,WI,AGL,CE,Federal Contract Tower,22,43,24,0,89,0,0,38,0,38,22,43,62,0,127,14,0,14,141
12/02/2004,ATW,WI,AGL,CE,Federal Contract Tower,23,55,33,0,111,0,0,10,0,10,23,55,43,0,121,4,0,4,125
12/03/2004,ATW,WI,AGL,CE,Federal Contract Tower,22,51,23,0,96,0,0,37,0,37,22,51,60,0,133,46,0,46,179
12/04/2004,ATW,WI,AGL,CE,Federal Contract Tower,19,35,7,0,61,0,0,40,0,40,19,35,47,0,101,36,0,36,137
12/05/2004,ATW,WI,AGL,CE,Federal Contract Tower,19,30,13,0,62,0,0,25,0,25,19,30,38,0,87,36,0,36,123
12/06/2004,ATW,WI,AGL,CE,Federal Contract Tower,19,37,21,0,77,0,0,0,0,0,19,37,21,0,77,0,0,0,77
12/07/2004,ATW,WI,AGL,CE,Federal Contract Tower,23,43,20,0,86,0,0,2,0,2,23,43,22,0,88,0,0,0,88
12/08/2004,ATW,WI,AGL,CE,Federal Contract Tower,26,62,34,0,122,0,0,7,0,7,26,62,41,0,129,0,0,0,129
12/09/2004,ATW,WI,AGL,CE,Federal Contract Tower,25,48,37,0,110,0,0,0,0,0,25,48,37,0,110,0,0,0,110
12/10/2004,ATW,WI,AGL,CE,Federal Contract Tower,23,47,26,0,96,0,0,0,0,0,23,47,26,0,96,0,0,0,96
12/11/2004,ATW,WI,AGL,CE,Federal Contract Tower,21,39,6,0,66,0,0,26,0,26,21,39,32,0,92,32,0,32,124
12/12/2004,ATW,WI,AGL,CE,Federal Contract Tower,19,40,4,0,63,0,0,4,0,4,19,40,8,0,67,2,0,2,69
12/13/2004,ATW,WI,AGL,CE,Federal Contract Tower,21,43,31,0,95,0,0,5,0,5,21,43,36,0,100,0,0,0,100
12/14/2004,ATW,WI,AGL,CE,Federal Contract Tower,21,51,23,0,95,0,0,36,6,42,21,51,59,6,137,24,0,24,161
12/15/2004,ATW,WI,AGL,CE,Federal Contract Tower,20,53,23,0,96,0,0,20,0,20,20,53,43,0,116,24,0,24,140
12/16/2004,ATW,WI,AGL,CE,Federal Contract Tower,20,55,29,0,104,0,0,22,0,22,20,55,51,0,126,26,0,26,152
12/17/2004,ATW,WI,AGL,CE,Federal Contract Tower,17,54,16,0,87,1,0,48,0,49,18,54,64,0,136,24,0,24,160
12/18/2004,ATW,WI,AGL,CE,Federal Contract Tower,14,42,2,0,58,0,0,14,0,14,14,42,16,0,72,6,0,6,78
12/19/2004,ATW,WI,AGL,CE,Federal Contract Tower,14,38,11,0,63,0,0,14,0,14,14,38,25,0,77,0,0,0,77
12/20/2004,ATW,WI,AGL,CE,Federal Contract Tower,15,47,23,0,85,0,0,0,0,0,15,47,23,0,85,0,0,0,85
12/21/2004,ATW,WI,AGL,CE,Federal Contract Tower,21,51,26,0,98,0,0,2,0,2,21,51,28,0,100,0,0,0,100
12/22/2004,ATW,WI,AGL,CE,Federal Contract Tower,20,40,28,0,88,0,0,24,0,24,20,40,52,0,112,2,0,2,114
12/23/2004,ATW,WI,AGL,CE,Federal Contract Tower,18,33,14,0,65,0,0,17,0,17,18,33,31,0,82,10,0,10,92
12/24/2004,ATW,WI,AGL,CE,Federal Contract Tower,12,31,1,0,44,0,0,10,0,10,12,31,11,0,54,6,0,6,60
12/25/2004,ATW,WI,AGL,CE,Federal Contract Tower,10,25,2,0,37,0,0,0,0,0,10,25,2,0,37,0,0,0,37
12/26/2004,ATW,WI,AGL,CE,Federal Contract Tower,15,28,7,0,50,0,0,17,0,17,15,28,24,0,67,0,0,0,67
12/27/2004,ATW,WI,AGL,CE,Federal Contract Tower,17,44,6,0,67,0,0,4,0,4,17,44,10,0,71,0,0,0,71
12/28/2004,ATW,WI,AGL,CE,Federal Contract Tower,18,47,17,0,82,0,0,20,0,20,18,47,37,0,102,20,0,20,122
12/29/2004,ATW,WI,AGL,CE,Federal Contract Tower,21,47,22,0,90,0,0,2,0,2,21,47,24,0,92,8,0,8,100
12/30/2004,ATW,WI,AGL,CE,Federal Contract Tower,15,36,10,0,61,0,0,0,0,0,15,36,10,0,61,0,0,0,61
12/31/2004,ATW,WI,AGL,CE,Federal Contract Tower,15,42,7,0,64,0,0,10,0,10,15,42,17,0,74,6,0,6,80
01/01/2005,ATW,WI,AGL,CE,Federal Contract Tower,11,31,4,0,46,0,0,11,0,11,11,31,15,0,57,20,0,20,77
01/02/2005,ATW,WI,AGL,CE,Federal Contract Tower,14,41,5,0,60,0,0,5,0,5,14,41,10,0,65,0,0,0,65
01/03/2005,ATW,WI,AGL,CE,Federal Contract Tower,14,49,22,0,85,0,0,8,0,8,14,49,30,0,93,0,0,0,93
01/04/2005,ATW,WI,AGL,CE,Federal Contract Tower,24,46,16,0,86,0,0,24,0,24,24,46,40,0,110,14,0,14,124
01/05/2005,ATW,WI,AGL,CE,Federal Contract Tower,21,45,21,0,87,0,0,3,0,3,21,45,24,0,90,6,0,6,96
01/06/2005,ATW,WI,AGL,CE,Federal Contract Tower,22,39,25,0,86,0,0,4,0,4,22,39,29,0,90,2,0,2,92
01/07/2005,ATW,WI,AGL,CE,Federal Contract Tower,19,45,18,0,82,0,0,11,0,11,19,45,29,0,93,16,0,16,109
01/08/2005,ATW,WI,AGL,CE,Federal Contract Tower,20,52,25,0,97,0,0,4,0,4,20,52,29,0,101,0,0,0,101
01/09/2005,ATW,WI,AGL,CE,Federal Contract Tower,18,33,9,0,60,0,0,0,0,0,18,33,9,0,60,0,0,0,60
01/10/2005,ATW,WI,AGL,CE,Federal Contract Tower,20,45,17,0,82,0,0,15,0,15,20,45,32,0,97,22,0,22,119
01/11/2005,ATW,WI,AGL,CE,Federal Contract Tower,24,42,18,0,84,0,0,0,0,0,24,42,18,0,84,0,0,0,84
01/12/2005,ATW,WI,AGL,CE,Federal Contract Tower,26,37,9,0,72,0,0,0,0,0,26,37,9,0,72,12,0,12,84
01/13/2005,ATW,WI,AGL,CE,Federal Contract Tower,18,50,33,0,101,0,0,3,0,3,18,50,36,0,104,18,0,18,122
01/14/2005,ATW,WI,AGL,CE,Federal Contract Tower,21,46,16,0,83,0,0,21,0,21,21,46,37,0,104,4,0,4,108
01/15/2005,ATW,WI,AGL,CE,Federal Contract Tower,14,32,3,0,49,0,0,19,0,19,14,32,22,0,68,0,0,0,68
01/16/2005,ATW,WI,AGL,CE,Federal Contract Tower,21,32,6,0,59,0,0,19,0,19,21,32,25,0,78,22,0,22,100
01/17/2005,ATW,WI,AGL,CE,Federal Contract Tower,20,48,35,0,103,0,0,17,0,17,20,48,52,0,120,8,0,8,128
01/18/2005,ATW,WI,AGL,CE,Federal Contract Tower,20,52,25,0,97,0,0,4,0,4,20,52,29,0,101,0,0,0,101
01/19/2005,ATW,WI,AGL,CE,Federal Contract Tower,22,53,26,0,101,0,0,17,0,17,22,53,43,0,118,26,0,26,144
01/20/2005,ATW,WI,AGL,CE,Federal Contract Tower,21,51,26,0,98,0,0,1,0,1,21,51,27,0,99,8,0,8,107
01/21/2005,ATW,WI,AGL,CE,Federal Contract Tower,16,51,23,0,90,0,0,5,0,5,16,51,28,0,95,12,0,12,107
01/22/2005,ATW,WI,AGL,CE,Federal Contract Tower,10,31,4,0,45,0,0,0,0,0,10,31,4,0,45,0,0,0,45
01/23/2005,ATW,WI,AGL,CE,Federal Contract Tower,20,38,3,0,61,0,0,32,0,32,20,38,35,0,93,28,0,28,121
01/24/2005,ATW,WI,AGL,CE,Federal Contract Tower,23,45,17,0,85,0,0,36,0,36,23,45,53,0,121,24,0,24,145
01/25/2005,ATW,WI,AGL,CE,Federal Contract Tower,23,42,22,0,87,0,0,15,0,15,23,42,37,0,102,6,0,6,108
01/26/2005,ATW,WI,AGL,CE,Federal Contract Tower,19,56,29,0,104,0,0,24,0,24,19,56,53,0,128,2,0,2,130
01/27/2005,ATW,WI,AGL,CE,Federal Contract Tower,23,50,21,0,94,0,0,34,4,38,23,50,55,4,132,20,0,20,152
01/28/2005,ATW,WI,AGL,CE,Federal Contract Tower,22,43,17,0,82,0,0,34,0,34,22,43,51,0,116,10,0,10,126
01/29/2005,ATW,WI,AGL,CE,Federal Contract Tower,15,29,2,0,46,0,0,27,0,27,15,29,29,0,73,58,0,58,131
01/30/2005,ATW,WI,AGL,CE,Federal Contract Tower,20,28,11,0,59,0,0,13,0,13,20,28,24,0,72,18,0,18,90
01/31/2005,ATW,WI,AGL,CE,Federal Contract Tower,19,5,28,0,52,0,40,5,0,45,19,45,33,0,97,4,0,4,101
02/01/2005,ATW,WI,AGL,CE,Federal Contract Tower,20,53,36,0,109,0,0,0,0,0,20,53,36,0,109,0,0,0,109
02/02/2005,ATW,WI,AGL,CE,Federal Contract Tower,22,47,25,0,94,0,0,13,0,13,22,47,38,0,107,6,2,8,115
02/03/2005,ATW,WI,AGL,CE,Federal Contract Tower,21,52,31,1,105,0,0,19,0,19,21,52,50,1,124,62,0,62,186
02/04/2005,ATW,WI,AGL,CE,Federal Contract Tower,21,55,15,0,91,0,0,21,0,21,21,55,36,0,112,18,0,18,130
02/05/2005,ATW,WI,AGL,CE,Federal Contract Tower,16,36,15,0,67,0,0,50,0,50,16,36,65,0,117,20,0,20,137
02/06/2005,ATW,WI,AGL,CE,Federal Contract Tower,19,31,10,0,60,0,0,6,0,6,19,31,16,0,66,30,0,30,96
02/07/2005,ATW,WI,AGL,CE,Federal Contract Tower,18,39,15,0,72,0,0,0,0,0,18,39,15,0,72,0,0,0,72
02/08/2005,ATW,WI,AGL,CE,Federal Contract Tower,19,50,15,0,84,0,0,18,0,18,19,50,33,0,102,8,0,8,110
02/09/2005,ATW,WI,AGL,CE,Federal Contract Tower,20,54,22,0,96,0,0,0,0,0,20,54,22,0,96,6,0,6,102
02/10/2005,ATW,WI,AGL,CE,Federal Contract Tower,22,45,21,0,88,0,0,39,0,39,22,45,60,0,127,10,0,10,137
02/11/2005,ATW,WI,AGL,CE,Federal Contract Tower,22,47,35,0,104,0,0,42,0,42,22,47,77,0,146,22,0,22,168
02/12/2005,ATW,WI,AGL,CE,Federal Contract Tower,17,41,19,0,77,0,0,67,0,67,17,41,86,0,144,57,0,57,201
02/13/2005,ATW,WI,AGL,CE,Federal Contract Tower,20,33,4,0,57,0,0,4,0,4,20,33,8,0,61,0,0,0,61
02/14/2005,ATW,WI,AGL,CE,Federal Contract Tower,20,47,18,0,85,0,0,0,0,0,20,47,18,0,85,0,0,0,85
02/15/2005,ATW,WI,AGL,CE,Federal Contract Tower,22,54,20,0,96,0,0,29,0,29,22,54,49,0,125,8,0,8,133
02/16/2005,ATW,WI,AGL,CE,Federal Contract Tower,17,59,33,0,109,0,0,16,0,16,17,59,49,0,125,18,0,18,143
02/17/2005,ATW,WI,AGL,CE,Federal Contract Tower,20,51,21,0,92,0,0,34,1,35,20,51,55,1,127,0,0,0,127
02/18/2005,ATW,WI,AGL,CE,Federal Contract Tower,17,56,19,0,92,0,0,53,0,53,17,56,72,0,145,24,0,24,169
02/19/2005,ATW,WI,AGL,CE,Federal Contract Tower,13,41,9,0,63,0,0,57,0,57,13,41,66,0,120,15,0,15,135
02/20/2005,ATW,WI,AGL,CE,Federal Contract Tower,10,32,3,0,45,0,0,0,0,0,10,32,3,0,45,0,0,0,45
02/21/2005,ATW,WI,AGL,CE,Federal Contract Tower,16,52,24,0,92,0,0,9,0,9,16,52,33,0,101,4,0,4,105
02/22/2005,ATW,WI,AGL,CE,Federal Contract Tower,17,51,14,0,82,0,0,24,0,24,17,51,38,0,106,0,0,0,106
02/23/2005,ATW,WI,AGL,CE,Federal Contract Tower,18,52,36,0,106,0,0,21,2,23,18,52,57,2,129,16,0,16,145
02/24/2005,ATW,WI,AGL,CE,Federal Contract Tower,18,46,29,0,93,0,0,22,0,22,18,46,51,0,115,4,0,4,119
02/25/2005,ATW,WI,AGL,CE,Federal Contract Tower,18,63,24,0,105,0,0,4,0,4,18,63,28,0,109,6,0,6,115
02/26/2005,ATW,WI,AGL,CE,Federal Contract Tower,14,40,9,0,63,0,0,69,0,69,14,40,78,0,132,38,0,38,170
02/27/2005,ATW,WI,AGL,CE,Federal Contract Tower,14,39,3,0,56,0,0,1,0,1,14,39,4,0,57,0,0,0,57
02/28/2005,ATW,WI,AGL,CE,Federal Contract Tower,12,51,24,0,87,0,0,3,0,3,12,51,27,0,90,0,0,0,90
03/01/2005,ATW,WI,AGL,CE,Federal Contract Tower,17,56,23,0,96,0,0,10,0,10,17,56,33,0,106,0,0,0,106
03/02/2005,ATW,WI,AGL,CE,Federal Contract Tower,19,55,23,0,97,0,0,22,0,22,19,55,45,0,119,4,0,4,123
03/03/2005,ATW,WI,AGL,CE,Federal Contract Tower,20,59,16,0,95,0,0,25,0,25,20,59,41,0,120,22,0,22,142
03/04/2005,ATW,WI,AGL,CE,Federal Contract Tower,17,51,25,0,93,0,0,4,0,4,17,51,29,0,97,0,0,0,97
03/05/2005,ATW,WI,AGL,CE,Federal Contract Tower,9,39,2,0,50,0,0,41,0,41,9,39,43,0,91,42,0,42,133
03/06/2005,ATW,WI,AGL,CE,Federal Contract Tower,11,37,11,0,59,0,0,46,0,46,11,37,57,0,105,48,0,48,153
03/07/2005,ATW,WI,AGL,CE,Federal Contract Tower,16,53,24,0,93,0,0,4,0,4,16,53,28,0,97,4,0,4,101
03/08/2005,ATW,WI,AGL,CE,Federal Contract Tower,17,53,19,0,89,0,0,38,0,38,17,53,57,0,127,14,0,14,141
03/09/2005,ATW,WI,AGL,CE,Federal Contract Tower,19,58,27,0,104,0,0,29,0,29,19,58,56,0,133,14,0,14,147
03/10/2005,ATW,WI,AGL,CE,Federal Contract Tower,19,50,29,0,98,0,0,0,0,0,19,50,29,0,98,12,0,12,110
03/11/2005,ATW,WI,AGL,CE,Federal Contract Tower,17,55,25,0,97,0,0,9,0,9,17,55,34,0,106,0,0,0,106
03/12/2005,ATW,WI,AGL,CE,Federal Contract Tower,7,42,9,0,58,0,0,23,0,23,7,42,32,0,81,32,0,32,113
03/13/2005,ATW,WI,AGL,CE,Federal Contract Tower,10,36,14,0,60,0,0,47,1,48,10,36,61,1,108,32,0,32,140
03/14/2005,ATW,WI,AGL,CE,Federal Contract Tower,16,52,19,0,87,0,0,23,0,23,16,52,42,0,110,26,0,26,136
03/15/2005,ATW,WI,AGL,CE,Federal Contract Tower,18,51,25,0,94,0,0,15,0,15,18,51,40,0,109,4,0,4,113
03/16/2005,ATW,WI,AGL,CE,Federal Contract Tower,20,51,18,0,89,0,0,13,0,13,20,51,31,0,102,8,0,8,110
03/17/2005,ATW,WI,AGL,CE,Federal Contract Tower,18,54,19,0,91,0,0,3,0,3,18,54,22,0,94,8,0,8,102
03/18/2005,ATW,WI,AGL,CE,Federal Contract Tower,17,47,22,0,86,0,0,2,0,2,17,47,24,0,88,0,0,0,88
03/19/2005,ATW,WI,AGL,CE,Federal Contract Tower,9,40,5,0,54,0,0,2,0,2,9,40,7,0,56,0,0,0,56
03/20/2005,ATW,WI,AGL,CE,Federal Contract Tower,13,41,11,0,65,0,0,24,0,24,13,41,35,0,89,22,0,22,111
03/21/2005,ATW,WI,AGL,CE,Federal Contract Tower,17,45,17,0,79,0,0,31,0,31,17,45,48,0,110,10,0,10,120
03/22/2005,ATW,WI,AGL,CE,Federal Contract Tower,18,48,33,0,99,0,0,35,0,35,18,48,68,0,134,0,0,0,134
03/23/2005,ATW,WI,AGL,CE,Federal Contract Tower,16,59,27,0,102,0,0,33,0,33,16,59,60,0,135,44,0,44,179
03/24/2005,ATW,WI,AGL,CE,Federal Contract Tower,18,48,31,0,97,0,0,18,0,18,18,48,49,0,115,6,0,6,121
03/25/2005,ATW,WI,AGL,CE,Federal Contract Tower,16,52,8,0,76,0,0,31,0,31,16,52,39,0,107,16,0,16,123
03/26/2005,ATW,WI,AGL,CE,Federal Contract Tower,7,39,13,0,59,0,0,51,0,51,7,39,64,0,110,18,0,18,128
03/27/2005,ATW,WI,AGL,CE,Federal Contract Tower,12,37,11,0,60,0,0,20,0,20,12,37,31,0,80,6,0,6,86
03/28/2005,ATW,WI,AGL,CE,Federal Contract Tower,14,50,21,0,85,0,0,49,2,51,14,50,70,2,136,4,0,4,140
03/29/2005,ATW,WI,AGL,CE,Federal Contract Tower,16,50,23,0,89,0,0,27,0,27,16,50,50,0,116,12,0,12,128
03/30/2005,ATW,WI,AGL,CE,Federal Contract Tower,11,48,20,0,79,0,0,15,0,15,11,48,35,0,94,0,0,0,94
03/31/2005,ATW,WI,AGL,CE,Federal Contract Tower,16,52,31,0,99,0,0,6,0,6,16,52,37,0,105,6,0,6,111
04/01/2005,ATW,WI,AGL,CE,Federal Contract Tower,17,50,13,0,80,0,0,32,0,32,17,50,45,0,112,0,0,0,112
04/02/2005,ATW,WI,AGL,CE,Federal Contract Tower,10,41,8,0,59,0,0,65,0,65,10,41,73,0,124,8,0,8,132
04/03/2005,ATW,WI,AGL,CE,Federal Contract Tower,12,34,9,0,55,0,0,59,0,59,12,34,68,0,114,36,0,36,150
04/04/2005,ATW,WI,AGL,CE,Federal Contract Tower,19,46,29,0,94,0,0,30,0,30,19,46,59,0,124,24,0,24,148
04/05/2005,ATW,WI,AGL,CE,Federal Contract Tower,21,47,25,0,93,0,0,25,0,25,21,47,50,0,118,2,0,2,120
04/06/2005,ATW,WI,AGL,CE,Federal Contract Tower,23,45,21,0,89,0,0,28,0,28,23,45,49,0,117,4,0,4,121
04/07/2005,ATW,WI,AGL,CE,Federal Contract Tower,22,49,13,0,84,0,0,37,0,37,22,49,50,0,121,22,0,22,143
04/08/2005,ATW,WI,AGL,CE,Federal Contract Tower,21,43,21,0,85,0,0,78,0,78,21,43,99,0,163,60,0,60,223
04/09/2005,ATW,WI,AGL,CE,Federal Contract Tower,15,39,7,0,61,0,0,47,0,47,15,39,54,0,108,12,0,12,120
04/10/2005,ATW,WI,AGL,CE,Federal Contract Tower,19,34,5,0,58,0,0,39,0,39,19,34,44,0,97,16,0,16,113
04/11/2005,ATW,WI,AGL,CE,Federal Contract Tower,20,46,12,0,78,0,0,13,0,13,20,46,25,0,91,4,0,4,95
04/12/2005,ATW,WI,AGL,CE,Federal Contract Tower,23,50,26,0,99,0,0,21,0,21,23,50,47,0,120,0,0,0,120
04/13/2005,ATW,WI,AGL,CE,Federal Contract Tower,23,57,35,0,115,0,0,53,0,53,23,57,88,0,168,4,2,6,174
04/14/2005,ATW,WI,AGL,CE,Federal Contract Tower,24,52,24,0,100,0,0,48,0,48,24,52,72,0,148,40,0,40,188
04/15/2005,ATW,WI,AGL,CE,Federal Contract Tower,22,52,24,0,98,0,0,90,0,90,22,52,114,0,188,32,0,32,220
04/16/2005,ATW,WI,AGL,CE,Federal Contract Tower,14,39,9,0,62,0,0,64,0,64,14,39,73,0,126,22,0,22,148
04/17/2005,ATW,WI,AGL,CE,Federal Contract Tower,18,38,11,0,67,0,0,32,0,32,18,38,43,0,99,6,0,6,105
04/18/2005,ATW,WI,AGL,CE,Federal Contract Tower,20,51,24,0,95,0,0,17,0,17,20,51,41,0,112,6,0,6,118
04/19/2005,ATW,WI,AGL,CE,Federal Contract Tower,22,57,12,0,91,0,0,29,0,29,22,57,41,0,120,16,0,16,136
04/20/2005,ATW,WI,AGL,CE,Federal Contract Tower,22,59,39,0,120,0,0,11,0,11,22,59,50,0,131,12,0,12,143
04/21/2005,ATW,WI,AGL,CE,Federal Contract Tower,22,49,23,0,94,0,0,60,0,60,22,49,83,0,154,36,0,36,190
04/22/2005,ATW,WI,AGL,CE,Federal Contract Tower,24,51,23,0,98,0,0,10,0,10,24,51,33,0,108,16,0,16,124
04/23/2005,ATW,WI,AGL,CE,Federal Contract Tower,15,41,6,0,62,0,0,18,0,18,15,41,24,0,80,6,0,6,86
04/24/2005,ATW,WI,AGL,CE,Federal Contract Tower,18,34,6,0,58,0,0,9,0,9,18,34,15,0,67,0,0,0,67
04/25/2005,ATW,WI,AGL,CE,Federal Contract Tower,19,50,30,0,99,0,0,12,0,12,19,50,42,0,111,0,0,0,111
04/26/2005,ATW,WI,AGL,CE,Federal Contract Tower,23,48,29,0,100,0,0,4,0,4,23,48,33,0,104,0,0,0,104
04/27/2005,ATW,WI,AGL,CE,Federal Contract Tower,23,51,25,0,99,0,0,8,0,8,23,51,33,0,107,12,0,12,119
04/28/2005,ATW,WI,AGL,CE,Federal Contract Tower,22,49,21,0,92,0,0,48,0,48,22,49,69,0,140,54,0,54,194
04/29/2005,ATW,WI,AGL,CE,Federal Contract Tower,21,49,27,0,97,0,0,49,0,49,21,49,76,0,146,8,0,8,154
04/30/2005,ATW,WI,AGL,CE,Federal Contract Tower,14,39,7,0,60,0,0,34,0,34,14,39,41,0,94,12,0,12,106
05/01/2005,ATW,WI,AGL,CE,Federal Contract Tower,18,34,8,0,60,0,0,6,0,6,18,34,14,0,66,14,0,14,80
05/02/2005,ATW,WI,AGL,CE,Federal Contract Tower,19,53,30,0,102,0,0,7,0,7,19,53,37,0,109,2,0,2,111
05/03/2005,ATW,WI,AGL,CE,Federal Contract Tower,16,59,26,0,101,0,0,22,0,22,16,59,48,0,123,22,0,22,145
05/04/2005,ATW,WI,AGL,CE,Federal Contract Tower,19,61,32,0,112,0,0,53,0,53,19,61,85,0,165,22,0,22,187
05/05/2005,ATW,WI,AGL,CE,Federal Contract Tower,19,60,27,0,106,0,0,46,0,46,19,60,73,0,152,2,0,2,154
05/06/2005,ATW,WI,AGL,CE,Federal Contract Tower,18,63,12,0,93,0,0,39,0,39,18,63,51,0,132,52,0,52,184
05/07/2005,ATW,WI,AGL,CE,Federal Contract Tower,13,40,10,0,63,0,0,42,0,42,13,40,52,0,105,32,0,32,137
05/08/2005,ATW,WI,AGL,CE,Federal Contract Tower,14,37,8,0,59,0,0,22,0,22,14,37,30,0,81,34,0,34,115
05/09/2005,ATW,WI,AGL,CE,Federal Contract Tower,17,50,26,0,93,0,0,2,0,2,17,50,28,0,95,0,0,0,95
05/10/2005,ATW,WI,AGL,CE,Federal Contract Tower,19,56,32,0,107,0,0,34,0,34,19,56,66,0,141,0,0,0,141
05/11/2005,ATW,WI,AGL,CE,Federal Contract Tower,15,53,35,0,103,0,0,7,0,7,15,53,42,0,110,0,0,0,110
05/12/2005,ATW,WI,AGL,CE,Federal Contract Tower,20,54,27,0,101,0,0,1,0,1,20,54,28,0,102,0,0,0,102
05/13/2005,ATW,WI,AGL,CE,Federal Contract Tower,15,52,30,0,97,0,0,0,0,0,15,52,30,0,97,0,0,0,97
05/14/2005,ATW,WI,AGL,CE,Federal Contract Tower,11,37,10,0,58,0,0,17,0,17,11,37,27,0,75,28,0,28,103
05/15/2005,ATW,WI,AGL,CE,Federal Contract Tower,11,44,7,0,62,0,0,15,0,15,11,44,22,0,77,6,0,6,83
05/16/2005,ATW,WI,AGL,CE,Federal Contract Tower,14,53,17,0,84,0,0,51,0,51,14,53,68,0,135,56,0,56,191
05/17/2005,ATW,WI,AGL,CE,Federal Contract Tower,17,57,21,0,95,0,0,23,0,23,17,57,44,0,118,18,0,18,136
05/18/2005,ATW,WI,AGL,CE,Federal Contract Tower,14,52,20,0,86,0,0,38,0,38,14,52,58,0,124,4,0,4,128
05/19/2005,ATW,WI,AGL,CE,Federal Contract Tower,15,55,34,0,104,0,0,3,0,3,15,55,37,0,107,0,0,0,107
05/20/2005,ATW,WI,AGL,CE,Federal Contract Tower,17,56,27,0,100,0,0,53,0,53,17,56,80,0,153,52,0,52,205
05/21/2005,ATW,WI,AGL,CE,Federal Contract Tower,9,45,6,0,60,0,0,106,0,106,9,45,112,0,166,18,0,18,184
05/22/2005,ATW,WI,AGL,CE,Federal Contract Tower,12,43,4,0,59,0,0,26,0,26,12,43,30,0,85,14,0,14,99
05/23/2005,ATW,WI,AGL,CE,Federal Contract Tower,15,56,24,0,95,0,0,12,0,12,15,56,36,0,107,6,0,6,113
05/24/2005,ATW,WI,AGL,CE,Federal Contract Tower,15,59,20,0,94,0,0,37,0,37,15,59,57,0,131,40,0,40,171
05/25/2005,ATW,WI,AGL,CE,Federal Contract Tower,16,60,39,2,117,0,0,49,0,49,16,60,88,2,166,10,0,10,176
05/26/2005,ATW,WI,AGL,CE,Federal Contract Tower,14,61,20,0,95,0,0,32,0,32,14,61,52,0,127,12,0,12,139
05/27/2005,ATW,WI,AGL,CE,Federal Contract Tower,14,60,21,0,95,0,0,52,0,52,14,60,73,0,147,4,0,4,151
05/28/2005,ATW,WI,AGL,CE,Federal Contract Tower,9,38,7,0,54,0,0,45,0,45,9,38,52,0,99,22,0,22,121
05/29/2005,ATW,WI,AGL,CE,Federal Contract Tower,13,37,10,0,60,0,0,50,0,50,13,37,60,0,110,0,0,0,110
05/30/2005,ATW,WI,AGL,CE,Federal Contract Tower,17,3,3,0,23,0,0,52,0,52,17,3,55,0,75,22,0,22,97
05/31/2005,ATW,WI,AGL,CE,Federal Contract Tower,14,54,26,0,94,0,0,28,0,28,14,54,54,0,122,30,0,30,152
06/01/2005,ATW,WI,AGL,CE,Federal Contract Tower,15,59,44,0,118,0,0,38,0,38,15,59,82,0,156,24,0,24,180
06/02/2005,ATW,WI,AGL,CE,Federal Contract Tower,17,72,38,0,127,0,0,55,0,55,17,72,93,0,182,36,0,36,218
06/03/2005,ATW,WI,AGL,CE,Federal Contract Tower,15,55,13,0,83,0,0,23,0,23,15,55,36,0,106,48,0,48,154
06/04/2005,ATW,WI,AGL,CE,Federal Contract Tower,9,34,9,0,52,0,0,17,0,17,9,34,26,0,69,32,0,32,101
06/05/2005,ATW,WI,AGL,CE,Federal Contract Tower,11,38,13,0,62,0,0,32,0,32,11,38,45,0,94,0,0,0,94
06/06/2005,ATW,WI,AGL,CE,Federal Contract Tower,13,53,24,0,90,0,0,32,0,32,13,53,56,0,122,16,0,16,138
06/07/2005,ATW,WI,AGL,CE,Federal Contract Tower,17,56,31,0,104,0,0,38,0,38,17,56,69,0,142,20,0,20,162
06/08/2005,ATW,WI,AGL,CE,Federal Contract Tower,15,51,25,0,91,0,0,36,0,36,15,51,61,0,127,26,0,26,153
06/09/2005,ATW,WI,AGL,CE,Federal Contract Tower,19,55,27,0,101,0,0,40,0,40,19,55,67,0,141,18,0,18,159
06/10/2005,ATW,WI,AGL,CE,Federal Contract Tower,15,53,32,0,100,0,0,59,0,59,15,53,91,0,159,2,0,2,161
06/11/2005,ATW,WI,AGL,CE,Federal Contract Tower,12,33,11,0,56,0,0,24,0,24,12,33,35,0,80,6,0,6,86
06/12/2005,ATW,WI,AGL,CE,Federal Contract Tower,16,32,16,0,64,0,0,36,0,36,16,32,52,0,100,14,0,14,114
06/13/2005,ATW,WI,AGL,CE,Federal Contract Tower,18,47,30,0,95,0,0,12,0,12,18,47,42,0,107,16,0,16,123
06/14/2005,ATW,WI,AGL,CE,Federal Contract Tower,21,51,28,0,100,0,0,19,0,19,21,51,47,0,119,6,0,6,125
06/15/2005,ATW,WI,AGL,CE,Federal Contract Tower,22,57,30,0,109,0,0,29,0,29,22,57,59,0,138,14,0,14,152
06/16/2005,ATW,WI,AGL,CE,Federal Contract Tower,23,56,34,0,113,0,0,66,0,66,23,56,100,0,179,18,0,18,197
06/17/2005,ATW,WI,AGL,CE,Federal Contract Tower,20,48,24,0,92,0,0,67,0,67,20,48,91,0,159,50,0,50,209
06/18/2005,ATW,WI,AGL,CE,Federal Contract Tower,14,35,14,0,63,0,0,110,0,110,14,35,124,0,173,12,0,12,185
06/19/2005,ATW,WI,AGL,CE,Federal Contract Tower,14,35,11,0,60,0,0,78,1,79,14,35,89,1,139,38,0,38,177
06/20/2005,ATW,WI,AGL,CE,Federal Contract Tower,19,51,25,0,95,0,0,39,0,39,19,51,64,0,134,50,0,50,184
06/21/2005,ATW,WI,AGL,CE,Federal Contract Tower,21,46,40,0,107,0,0,36,0,36,21,46,76,0,143,30,0,30,173
06/22/2005,ATW,WI,AGL,CE,Federal Contract Tower,20,45,39,0,104,0,0,65,1,66,20,45,104,1,170,82,0,82,252
06/23/2005,ATW,WI,AGL,CE,Federal Contract Tower,20,50,35,0,105,0,0,48,0,48,20,50,83,0,153,30,0,30,183
06/24/2005,ATW,WI,AGL,CE,Federal Contract Tower,19,45,14,0,78,0,0,33,0,33,19,45,47,0,111,4,0,4,115
06/25/2005,ATW,WI,AGL,CE,Federal Contract Tower,13,32,4,0,49,0,0,39,0,39,13,32,43,0,88,86,0,86,174
06/26/2005,ATW,WI,AGL,CE,Federal Contract Tower,11,33,14,0,58,0,0,48,0,48,11,33,62,0,106,22,0,22,128
06/27/2005,ATW,WI,AGL,CE,Federal Contract Tower,18,44,25,0,87,0,0,36,0,36,18,44,61,0,123,8,0,8,131
06/28/2005,ATW,WI,AGL,CE,Federal Contract Tower,19,50,34,0,103,0,0,39,0,39,19,50,73,0,142,70,0,70,212
06/29/2005,ATW,WI,AGL,CE,Federal Contract Tower,20,41,40,0,101,0,0,10,2,12,20,41,50,2,113,0,0,0,113
06/30/2005,ATW,WI,AGL,CE,Federal Contract Tower,21,45,27,0,93,0,0,42,0,42,21,45,69,0,135,4,0,4,139
07/01/2005,ATW,WI,AGL,CE,Federal Contract Tower,20,44,22,0,86,0,0,40,0,40,20,44,62,0,126,22,0,22,148
07/02/2005,ATW,WI,AGL,CE,Federal Contract Tower,14,35,9,0,58,0,0,58,0,58,14,35,67,0,116,36,0,36,152
07/03/2005,ATW,WI,AGL,CE,Federal Contract Tower,14,38,3,0,55,0,0,36,0,36,14,38,39,0,91,0,0,0,91
07/04/2005,ATW,WI,AGL,CE,Federal Contract Tower,14,42,12,0,68,0,0,16,0,16,14,42,28,0,84,0,0,0,84
07/05/2005,ATW,WI,AGL,CE,Federal Contract Tower,21,46,28,0,95,0,0,5,0,5,21,46,33,0,100,4,0,4,104
07/06/2005,ATW,WI,AGL,CE,Federal Contract Tower,21,46,33,0,100,0,0,17,0,17,21,46,50,0,117,28,0,28,145
07/07/2005,ATW,WI,AGL,CE,Federal Contract Tower,20,53,17,0,90,0,0,60,0,60,20,53,77,0,150,10,0,10,160
07/08/2005,ATW,WI,AGL,CE,Federal Contract Tower,20,53,26,0,99,0,0,86,0,86,20,53,112,0,185,50,0,50,235
07/09/2005,ATW,WI,AGL,CE,Federal Contract Tower,12,37,14,4,67,0,0,53,0,53,12,37,67,4,120,36,0,36,156
07/10/2005,ATW,WI,AGL,CE,Federal Contract Tower,14,36,74,0,124,0,0,0,0,0,14,36,74,0,124,56,0,56,180
07/11/2005,ATW,WI,AGL,CE,Federal Contract Tower,18,50,27,0,95,0,0,51,0,51,18,50,78,0,146,28,0,28,174
07/12/2005,ATW,WI,AGL,CE,Federal Contract Tower,19,51,37,0,107,0,0,34,0,34,19,51,71,0,141,28,0,28,169
07/13/2005,ATW,WI,AGL,CE,Federal Contract Tower,22,52,29,0,103,0,0,38,0,38,22,52,67,0,141,22,0,22,163
07/14/2005,ATW,WI,AGL,CE,Federal Contract Tower,19,51,29,0,99,0,0,39,0,39,19,51,68,0,138,26,0,26,164
07/15/2005,ATW,WI,AGL,CE,Federal Contract Tower,20,52,20,0,92,0,0,37,0,37,20,52,57,0,129,12,0,12,141
07/16/2005,ATW,WI,AGL,CE,Federal Contract Tower,14,30,10,0,54,0,0,66,0,66,14,30,76,0,120,38,0,38,158
07/17/2005,ATW,WI,AGL,CE,Federal Contract Tower,16,34,9,0,59,0,0,54,0,54,16,34,63,0,113,36,0,36,149
07/18/2005,ATW,WI,AGL,CE,Federal Contract Tower,17,42,45,0,104,0,0,12,0,12,17,42,57,0,116,10,0,10,126
07/19/2005,ATW,WI,AGL,CE,Federal Contract Tower,20,50,30,0,100,0,0,51,0,51,20,50,81,0,151,88,0,88,239
07/20/2005,ATW,WI,AGL,CE,Federal Contract Tower,18,51,29,0,98,0,0,19,1,20,18,51,48,1,118,14,0,14,132
07/21/2005,ATW,WI,AGL,CE,Federal Contract Tower,23,46,40,0,109,0,0,51,0,51,23,46,91,0,160,8,0,8,168
07/22/2005,ATW,WI,AGL,CE,Federal Contract Tower,20,58,28,0,106,0,0,63,0,63,20,58,91,0,169,54,0,54,223
07/23/2005,ATW,WI,AGL,CE,Federal Contract Tower,12,37,12,0,61,0,0,68,2,70,12,37,80,2,131,6,0,6,137
07/24/2005,ATW,WI,AGL,CE,Federal Contract Tower,18,37,49,0,104,0,0,202,0,202,18,37,251,0,306,0,0,0,306
07/25/2005,ATW,WI,AGL,CE,Federal Contract Tower,11,43,59,0,113,0,0,129,0,129,11,43,188,0,242,0,0,0,242
07/26/2005,ATW,WI,AGL,CE,Federal Contract Tower,23,72,71,0,166,0,1,140,0,141,23,73,211,0,307,22,0,22,329
07/27/2005,ATW,WI,AGL,CE,Federal Contract Tower,33,56,85,0,174,0,0,322,0,322,33,56,407,0,496,22,0,22,518
07/28/2005,ATW,WI,AGL,CE,Federal Contract Tower,25,51,101,0,177,0,0,289,0,289,25,51,390,0,466,10,0,10,476
07/29/2005,ATW,WI,AGL,CE,Federal Contract Tower,19,51,112,0,182,0,0,338,0,338,19,51,450,0,520,30,0,30,550
07/30/2005,ATW,WI,AGL,CE,Federal Contract Tower,12,43,54,0,109,0,0,189,0,189,12,43,243,0,298,18,0,18,316
07/31/2005,ATW,WI,AGL,CE,Federal Contract Tower,16,34,80,0,130,0,0,245,0,245,16,34,325,0,375,4,0,4,379
08/01/2005,ATW,WI,AGL,CE,Federal Contract Tower,20,44,48,0,112,0,0,61,0,61,20,44,109,0,173,16,0,16,189
08/02/2005,ATW,WI,AGL,CE,Federal Contract Tower,16,50,31,0,97,0,0,60,0,60,16,50,91,0,157,14,0,14,171
08/03/2005,ATW,WI,AGL,CE,Federal Contract Tower,26,56,41,0,123,0,0,28,0,28,26,56,69,0,151,14,0,14,165
08/04/2005,ATW,WI,AGL,CE,Federal Contract Tower,20,49,32,0,101,0,0,35,0,35,20,49,67,0,136,14,2,16,152
08/05/2005,ATW,WI,AGL,CE,Federal Contract Tower,19,46,30,0,95,0,0,64,0,64,19,46,94,0,159,42,0,42,201
08/06/2005,ATW,WI,AGL,CE,Federal Contract Tower,12,35,13,0,60,0,0,86,0,86,12,35,99,0,146,42,0,42,188
08/07/2005,ATW,WI,AGL,CE,Federal Contract Tower,16,37,15,0,68,0,0,54,0,54,16,37,69,0,122,28,0,28,150
08/08/2005,ATW,WI,AGL,CE,Federal Contract Tower,19,48,23,0,90,0,0,26,0,26,19,48,49,0,116,42,0,42,158
08/09/2005,ATW,WI,AGL,CE,Federal Contract Tower,20,44,25,0,89,0,0,26,0,26,20,44,51,0,115,4,0,4,119
08/10/2005,ATW,WI,AGL,CE,Federal Contract Tower,22,45,27,0,94,0,0,45,0,45,22,45,72,0,139,92,0,92,231
08/11/2005,ATW,WI,AGL,CE,Federal Contract Tower,18,44,39,0,101,0,0,7,0,7,18,44,46,0,108,16,0,16,124
08/12/2005,ATW,WI,AGL,CE,Federal Contract Tower,18,39,25,2,84,0,0,29,0,29,18,39,54,2,113,90,0,90,203
08/13/2005,ATW,WI,AGL,CE,Federal Contract Tower,12,43,14,0,69,0,0,61,0,61,12,43,75,0,130,94,0,94,224
08/14/2005,ATW,WI,AGL,CE,Federal Contract Tower,16,31,15,0,62,0,0,53,0,53,16,31,68,0,115,36,0,36,151
08/15/2005,ATW,WI,AGL,CE,Federal Contract Tower,0,17,51,1,69,17,34,32,0,83,17,51,83,1,152,0,50,50,202
08/16/2005,ATW,WI,AGL,CE,Federal Contract Tower,20,47,32,0,99,0,0,44,0,44,20,47,76,0,143,28,0,28,171
08/17/2005,ATW,WI,AGL,CE,Federal Contract Tower,19,55,35,0,109,0,0,48,3,51,19,55,83,3,160,38,0,38,198
08/18/2005,ATW,WI,AGL,CE,Federal Contract Tower,17,47,30,0,94,0,0,13,0,13,17,47,43,0,107,0,0,0,107
08/19/2005,ATW,WI,AGL,CE,Federal Contract Tower,20,40,28,0,88,0,0,37,0,37,20,40,65,0,125,66,0,66,191
08/20/2005,ATW,WI,AGL,CE,Federal Contract Tower,11,28,10,0,49,0,0,28,0,28,11,28,38,0,77,0,0,0,77
08/21/2005,ATW,WI,AGL,CE,Federal Contract Tower,13,33,9,0,55,0,0,60,0,60,13,33,69,0,115,10,0,10,125
08/22/2005,ATW,WI,AGL,CE,Federal Contract Tower,15,54,34,0,103,0,0,38,0,38,15,54,72,0,141,20,0,20,161
08/23/2005,ATW,WI,AGL,CE,Federal Contract Tower,19,45,31,0,95,0,0,40,0,40,19,45,71,0,135,10,0,10,145
08/24/2005,ATW,WI,AGL,CE,Federal Contract Tower,18,54,17,0,89,0,0,38,0,38,18,54,55,0,127,22,0,22,149
08/25/2005,ATW,WI,AGL,CE,Federal Contract Tower,21,46,41,0,108,0,0,41,0,41,21,46,82,0,149,30,0,30,179
08/26/2005,ATW,WI,AGL,CE,Federal Contract Tower,17,44,17,0,78,0,0,30,0,30,17,44,47,0,108,32,0,32,140
08/27/2005,ATW,WI,AGL,CE,Federal Contract Tower,11,30,11,0,52,0,0,53,0,53,11,30,64,0,105,14,0,14,119
08/28/2005,ATW,WI,AGL,CE,Federal Contract Tower,16,37,14,0,67,0,0,43,0,43,16,37,57,0,110,48,0,48,158
08/29/2005,ATW,WI,AGL,CE,Federal Contract Tower,18,44,17,0,79,0,0,52,0,52,18,44,69,0,131,58,0,58,189
08/30/2005,ATW,WI,AGL,CE,Federal Contract Tower,20,49,22,0,91,0,0,31,0,31,20,49,53,0,122,26,0,26,148
08/31/2005,ATW,WI,AGL,CE,Federal Contract Tower,19,55,30,0,104,0,0,50,0,50,19,55,80,0,154,30,0,30,184
09/01/2005,ATW,WI,AGL,CE,Federal Contract Tower,15,53,35,0,103,0,0,29,0,29,15,53,64,0,132,24,0,24,156
09/02/2005,ATW,WI,AGL,CE,Federal Contract Tower,17,52,20,2,91,0,0,48,0,48,17,52,68,2,139,46,0,46,185
09/03/2005,ATW,WI,AGL,CE,Federal Contract Tower,11,29,11,0,51,0,0,60,0,60,11,29,71,0,111,36,0,36,147
09/04/2005,ATW,WI,AGL,CE,Federal Contract Tower,10,28,6,0,44,0,0,33,0,33,10,28,39,0,77,24,0,24,101
09/05/2005,ATW,WI,AGL,CE,Federal Contract Tower,14,40,9,0,63,0,0,55,0,55,14,40,64,0,118,48,0,48,166
09/06/2005,ATW,WI,AGL,CE,Federal Contract Tower,18,38,26,0,82,0,0,17,0,17,18,38,43,0,99,14,0,14,113
09/07/2005,ATW,WI,AGL,CE,Federal Contract Tower,15,46,23,0,84,0,0,8,0,8,15,46,31,0,92,0,0,0,92
09/08/2005,ATW,WI,AGL,CE,Federal Contract Tower,18,50,37,0,105,0,0,27,0,27,18,50,64,0,132,28,0,28,160
09/09/2005,ATW,WI,AGL,CE,Federal Contract Tower,18,45,23,0,86,0,0,42,0,42,18,45,65,0,128,30,0,30,158
09/10/2005,ATW,WI,AGL,CE,Federal Contract Tower,14,28,6,0,48,0,0,43,0,43,14,28,49,0,91,22,0,22,113
09/11/2005,ATW,WI,AGL,CE,Federal Contract Tower,13,33,17,0,63,0,0,34,0,34,13,33,51,0,97,30,0,30,127
09/12/2005,ATW,WI,AGL,CE,Federal Contract Tower,16,46,23,0,85,0,0,17,0,17,16,46,40,0,102,0,0,0,102
09/13/2005,ATW,WI,AGL,CE,Federal Contract Tower,18,47,25,0,90,0,0,14,0,14,18,47,39,0,104,0,0,0,104
09/14/2005,ATW,WI,AGL,CE,Federal Contract Tower,17,45,17,0,79,0,0,44,0,44,17,45,61,0,123,36,0,36,159
09/15/2005,ATW,WI,AGL,CE,Federal Contract Tower,18,47,27,0,92,0,0,50,0,50,18,47,77,0,142,14,0,14,156
09/16/2005,ATW,WI,AGL,CE,Federal Contract Tower,18,43,27,0,88,0,0,38,0,38,18,43,65,0,126,10,0,10,136
09/17/2005,ATW,WI,AGL,CE,Federal Contract Tower,16,28,4,0,48,0,0,45,0,45,16,28,49,0,93,26,0,26,119
09/18/2005,ATW,WI,AGL,CE,Federal Contract Tower,14,35,19,0,68,0,0,52,0,52,14,35,71,0,120,40,0,40,160
09/19/2005,ATW,WI,AGL,CE,Federal Contract Tower,16,48,26,0,90,0,0,18,0,18,16,48,44,0,108,0,0,0,108
09/20/2005,ATW,WI,AGL,CE,Federal Contract Tower,19,51,40,0,110,0,0,44,0,44,19,51,84,0,154,30,0,30,184
09/21/2005,ATW,WI,AGL,CE,Federal Contract Tower,18,46,34,0,98,0,0,24,0,24,18,46,58,0,122,18,0,18,140
09/22/2005,ATW,WI,AGL,CE,Federal Contract Tower,18,41,25,0,84,0,0,10,0,10,18,41,35,0,94,10,0,10,104
09/23/2005,ATW,WI,AGL,CE,Federal Contract Tower,16,42,20,0,78,0,0,32,0,32,16,42,52,0,110,14,0,14,124
09/24/2005,ATW,WI,AGL,CE,Federal Contract Tower,15,29,8,0,52,0,0,46,0,46,15,29,54,0,98,8,0,8,106
09/25/2005,ATW,WI,AGL,CE,Federal Contract Tower,13,34,10,0,57,0,0,1,0,1,13,34,11,0,58,0,0,0,58
09/26/2005,ATW,WI,AGL,CE,Federal Contract Tower,15,46,26,0,87,0,0,42,0,42,15,46,68,0,129,24,0,24,153
09/27/2005,ATW,WI,AGL,CE,Federal Contract Tower,17,47,21,0,85,0,0,62,0,62,17,47,83,0,147,58,0,58,205
09/28/2005,ATW,WI,AGL,CE,Federal Contract Tower,17,42,29,0,88,0,0,10,0,10,17,42,39,0,98,0,0,0,98
09/29/2005,ATW,WI,AGL,CE,Federal Contract Tower,18,49,24,0,91,0,0,34,0,34,18,49,58,0,125,26,0,26,151
09/30/2005,ATW,WI,AGL,CE,Federal Contract Tower,17,47,16,0,80,0,0,32,0,32,17,47,48,0,112,14,0,14,126
10/01/2005,ATW,WI,AGL,CE,Federal Contract Tower,13,24,20,0,57,0,0,67,0,67,13,24,87,0,124,56,0,56,180
10/02/2005,ATW,WI,AGL,CE,Federal Contract Tower,10,31,11,0,52,0,0,52,0,52,10,31,63,0,104,16,0,16,120
10/03/2005,ATW,WI,AGL,CE,Federal Contract Tower,16,39,30,0,85,0,0,13,0,13,16,39,43,0,98,14,0,14,112
10/04/2005,ATW,WI,AGL,CE,Federal Contract Tower,12,52,31,0,95,0,0,16,0,16,12,52,47,0,111,8,0,8,119
10/05/2005,ATW,WI,AGL,CE,Federal Contract Tower,10,48,32,0,90,0,0,27,0,27,10,48,59,0,117,6,0,6,123
10/06/2005,ATW,WI,AGL,CE,Federal Contract Tower,12,46,19,0,77,0,0,20,0,20,12,46,39,0,97,0,0,0,97
10/07/2005,ATW,WI,AGL,CE,Federal Contract Tower,13,46,28,0,87,0,0,23,0,23,13,46,51,0,110,22,0,22,132
10/08/2005,ATW,WI,AGL,CE,Federal Contract Tower,7,33,9,0,49,0,0,63,0,63,7,33,72,0,112,16,0,16,128
10/09/2005,ATW,WI,AGL,CE,Federal Contract Tower,8,42,20,0,70,0,0,59,0,59,8,42,79,0,129,30,0,30,159
10/10/2005,ATW,WI,AGL,CE,Federal Contract Tower,9,42,22,0,73,0,0,42,0,42,9,42,64,0,115,24,0,24,139
10/11/2005,ATW,WI,AGL,CE,Federal Contract Tower,12,47,27,0,86,0,0,40,0,40,12,47,67,0,126,10,0,10,136
10/12/2005,ATW,WI,AGL,CE,Federal Contract Tower,13,51,38,0,102,0,0,0,0,0,13,51,38,0,102,0,0,0,102
10/13/2005,ATW,WI,AGL,CE,Federal Contract Tower,12,49,26,0,87,0,0,10,0,10,12,49,36,0,97,0,0,0,97
10/14/2005,ATW,WI,AGL,CE,Federal Contract Tower,9,50,20,0,79,0,0,30,2,32,9,50,50,2,111,10,0,10,121
10/15/2005,ATW,WI,AGL,CE,Federal Contract Tower,10,31,14,0,55,0,0,29,0,29,10,31,43,0,84,16,0,16,100
10/16/2005,ATW,WI,AGL,CE,Federal Contract Tower,7,40,14,0,61,0,0,66,0,66,7,40,80,0,127,20,0,20,147
10/17/2005,ATW,WI,AGL,CE,Federal Contract Tower,12,47,25,0,84,0,0,16,0,16,12,47,41,0,100,0,0,0,100
10/18/2005,ATW,WI,AGL,CE,Federal Contract Tower,16,50,25,0,91,0,0,41,0,41,16,50,66,0,132,26,0,26,158
10/19/2005,ATW,WI,AGL,CE,Federal Contract Tower,12,53,26,4,95,0,0,27,0,27,12,53,53,4,122,8,0,8,130
10/20/2005,ATW,WI,AGL,CE,Federal Contract Tower,11,47,25,0,83,0,0,35,5,40,11,47,60,5,123,34,0,34,157
10/21/2005,ATW,WI,AGL,CE,Federal Contract Tower,12,45,28,0,85,0,0,60,0,60,12,45,88,0,145,58,0,58,203
10/22/2005,ATW,WI,AGL,CE,Federal Contract Tower,8,29,9,0,46,0,0,0,0,0,8,29,9,0,46,0,0,0,46
10/23/2005,ATW,WI,AGL,CE,Federal Contract Tower,7,42,9,0,58,0,0,5,0,5,7,42,14,0,63,0,0,0,63
10/24/2005,ATW,WI,AGL,CE,Federal Contract Tower,9,52,30,2,93,0,0,10,0,10,9,52,40,2,103,4,0,4,107
10/25/2005,ATW,WI,AGL,CE,Federal Contract Tower,10,46,20,0,76,0,0,30,0,30,10,46,50,0,106,20,0,20,126
10/26/2005,ATW,WI,AGL,CE,Federal Contract Tower,13,48,39,0,100,0,0,25,0,25,13,48,64,0,125,26,0,26,151
10/27/2005,ATW,WI,AGL,CE,Federal Contract Tower,11,53,30,0,94,0,0,45,2,47,11,53,75,2,141,14,0,14,155
10/28/2005,ATW,WI,AGL,CE,Federal Contract Tower,11,51,22,0,84,0,0,56,0,56,11,51,78,0,140,28,0,28,168
10/29/2005,ATW,WI,AGL,CE,Federal Contract Tower,7,31,13,7,58,0,0,70,0,70,7,31,83,7,128,24,0,24,152
10/30/2005,ATW,WI,AGL,CE,Federal Contract Tower,5,45,14,0,64,0,0,27,0,27,5,45,41,0,91,14,0,14,105
10/31/2005,ATW,WI,AGL,CE,Federal Contract Tower,8,50,29,0,87,0,0,17,0,17,8,50,46,0,104,0,0,0,104
11/01/2005,ATW,WI,AGL,CE,Federal Contract Tower,8,59,30,0,97,0,0,22,0,22,8,59,52,0,119,10,0,10,129
11/02/2005,ATW,WI,AGL,CE,Federal Contract Tower,5,58,28,0,91,0,0,33,0,33,5,58,61,0,124,6,0,6,130
11/03/2005,ATW,WI,AGL,CE,Federal Contract Tower,8,50,10,0,68,0,0,62,0,62,8,50,72,0,130,16,0,16,146
11/04/2005,ATW,WI,AGL,CE,Federal Contract Tower,8,52,31,0,91,0,0,14,0,14,8,52,45,0,105,60,0,60,165
11/05/2005,ATW,WI,AGL,CE,Federal Contract Tower,8,36,13,0,57,0,0,38,0,38,8,36,51,0,95,32,0,32,127
11/06/2005,ATW,WI,AGL,CE,Federal Contract Tower,4,54,13,0,71,0,0,17,0,17,4,54,30,0,88,6,0,6,94
11/07/2005,ATW,WI,AGL,CE,Federal Contract Tower,6,56,39,0,101,0,0,42,0,42,6,56,81,0,143,16,0,16,159
11/08/2005,ATW,WI,AGL,CE,Federal Contract Tower,10,59,33,0,102,0,0,32,0,32,10,59,65,0,134,12,0,12,146
11/09/2005,ATW,WI,AGL,CE,Federal Contract Tower,8,54,27,0,89,0,0,4,0,4,8,54,31,0,93,0,0,0,93
11/10/2005,ATW,WI,AGL,CE,Federal Contract Tower,8,51,31,0,90,0,0,41,0,41,8,51,72,0,131,36,0,36,167
11/11/2005,ATW,WI,AGL,CE,Federal Contract Tower,9,50,31,0,90,0,0,52,0,52,9,50,83,0,142,48,0,48,190
11/12/2005,ATW,WI,AGL,CE,Federal Contract Tower,8,33,9,0,50,0,0,19,0,19,8,33,28,0,69,22,0,22,91
11/13/2005,ATW,WI,AGL,CE,Federal Contract Tower,5,42,4,0,51,0,0,1,0,1,5,42,5,0,52,0,0,0,52
11/14/2005,ATW,WI,AGL,CE,Federal Contract Tower,6,50,13,0,69,0,0,25,0,25,6,50,38,0,94,10,0,10,104
11/15/2005,ATW,WI,AGL,CE,Federal Contract Tower,7,48,17,0,72,0,0,0,0,0,7,48,17,0,72,0,0,0,72
11/16/2005,ATW,WI,AGL,CE,Federal Contract Tower,8,55,25,0,88,0,0,1,0,1,8,55,26,0,89,0,0,0,89
11/17/2005,ATW,WI,AGL,CE,Federal Contract Tower,8,54,35,0,97,0,0,33,0,33,8,54,68,0,130,32,0,32,162
11/18/2005,ATW,WI,AGL,CE,Federal Contract Tower,9,48,26,0,83,0,0,4,0,4,9,48,30,0,87,0,0,0,87
11/19/2005,ATW,WI,AGL,CE,Federal Contract Tower,8,36,6,0,50,0,0,25,0,25,8,36,31,0,75,66,0,66,141
11/20/2005,ATW,WI,AGL,CE,Federal Contract Tower,6,47,12,0,65,0,0,23,0,23,6,47,35,0,88,14,0,14,102
11/21/2005,ATW,WI,AGL,CE,Federal Contract Tower,7,59,28,0,94,0,0,6,0,6,7,59,34,0,100,8,0,8,108
11/22/2005,ATW,WI,AGL,CE,Federal Contract Tower,10,59,29,0,98,0,0,60,0,60,10,59,89,0,158,42,0,42,200
11/23/2005,ATW,WI,AGL,CE,Federal Contract Tower,8,57,9,0,74,0,0,2,0,2,8,57,11,0,76,0,0,0,76
11/24/2005,ATW,WI,AGL,CE,Federal Contract Tower,2,34,1,0,37,0,0,1,0,1,2,34,2,0,38,0,0,0,38
11/25/2005,ATW,WI,AGL,CE,Federal Contract Tower,8,35,3,0,46,0,0,19,0,19,8,35,22,0,65,18,0,18,83
11/26/2005,ATW,WI,AGL,CE,Federal Contract Tower,6,45,10,0,61,0,0,45,0,45,6,45,55,0,106,16,0,16,122
11/27/2005,ATW,WI,AGL,CE,Federal Contract Tower,6,42,10,1,59,0,0,0,0,0,6,42,10,1,59,0,0,0,59
11/28/2005,ATW,WI,AGL,CE,Federal Contract Tower,7,49,21,0,77,0,0,2,0,2,7,49,23,0,79,15,0,15,94
11/29/2005,ATW,WI,AGL,CE,Federal Contract Tower,9,52,24,0,85,0,0,1,0,1,9,52,25,0,86,0,0,0,86
11/30/2005,ATW,WI,AGL,CE,Federal Contract Tower,8,53,35,0,96,0,0,31,0,31,8,53,66,0,127,28,0,28,155
12/01/2005,ATW,WI,AGL,CE,Federal Contract Tower,9,58,18,0,85,0,0,0,0,0,9,58,18,0,85,0,0,0,85
12/02/2005,ATW,WI,AGL,CE,Federal Contract Tower,10,63,10,0,83,0,0,65,0,65,10,63,75,0,148,34,0,34,182
12/03/2005,ATW,WI,AGL,CE,Federal Contract Tower,7,39,13,1,60,0,0,26,0,26,7,39,39,1,86,32,0,32,118
12/04/2005,ATW,WI,AGL,CE,Federal Contract Tower,4,44,6,0,54,0,0,25,0,25,4,44,31,0,79,26,0,26,105
12/05/2005,ATW,WI,AGL,CE,Federal Contract Tower,6,59,32,0,97,0,0,29,0,29,6,59,61,0,126,36,0,36,162
12/06/2005,ATW,WI,AGL,CE,Federal Contract Tower,8,56,18,0,82,0,0,22,0,22,8,56,40,0,104,12,0,12,116
12/07/2005,ATW,WI,AGL,CE,Federal Contract Tower,6,59,23,2,90,0,0,32,1,33,6,59,55,3,123,34,0,34,157
12/08/2005,ATW,WI,AGL,CE,Federal Contract Tower,8,57,30,0,95,0,0,10,0,10,8,57,40,0,105,14,0,14,119
12/09/2005,ATW,WI,AGL,CE,Federal Contract Tower,14,58,22,0,94,0,0,34,0,34,14,58,56,0,128,16,0,16,144
12/10/2005,ATW,WI,AGL,CE,Federal Contract Tower,10,35,12,0,57,0,0,10,0,10,10,35,22,0,67,8,0,8,75
12/11/2005,ATW,WI,AGL,CE,Federal Contract Tower,4,44,7,1,56,0,0,18,0,18,4,44,25,1,74,14,0,14,88
12/12/2005,ATW,WI,AGL,CE,Federal Contract Tower,6,50,34,0,90,0,0,20,0,20,6,50,54,0,110,8,0,8,118
12/13/2005,ATW,WI,AGL,CE,Federal Contract Tower,6,52,28,2,88,0,0,44,0,44,6,52,72,2,132,8,0,8,140
12/14/2005,ATW,WI,AGL,CE,Federal Contract Tower,6,41,8,0,55,0,0,0,0,0,6,41,8,0,55,0,0,0,55
12/15/2005,ATW,WI,AGL,CE,Federal Contract Tower,6,44,29,0,79,0,0,0,0,0,6,44,29,0,79,0,0,0,79
12/16/2005,ATW,WI,AGL,CE,Federal Contract Tower,8,44,25,0,77,0,0,1,0,1,8,44,26,0,78,0,0,0,78
12/17/2005,ATW,WI,AGL,CE,Federal Contract Tower,6,40,8,0,54,0,0,46,0,46,6,40,54,0,100,78,0,78,178
12/18/2005,ATW,WI,AGL,CE,Federal Contract Tower,4,43,7,0,54,0,0,23,0,23,4,43,30,0,77,34,0,34,111
12/19/2005,ATW,WI,AGL,CE,Federal Contract Tower,5,56,24,5,90,0,0,22,0,22,5,56,46,5,112,26,0,26,138
12/20/2005,ATW,WI,AGL,CE,Federal Contract Tower,7,48,22,0,77,0,0,4,0,4,7,48,26,0,81,28,0,28,109
12/21/2005,ATW,WI,AGL,CE,Federal Contract Tower,8,53,36,0,97,0,0,25,0,25,8,53,61,0,122,16,0,16,138
12/22/2005,ATW,WI,AGL,CE,Federal Contract Tower,8,52,26,0,86,0,0,24,0,24,8,52,50,0,110,40,0,40,150
12/23/2005,ATW,WI,AGL,CE,Federal Contract Tower,7,51,7,0,65,0,0,1,0,1,7,51,8,0,66,0,0,0,66
12/24/2005,ATW,WI,AGL,CE,Federal Contract Tower,6,24,0,0,30,0,0,0,0,0,6,24,0,0,30,0,0,0,30
12/25/2005,ATW,WI,AGL,CE,Federal Contract Tower,2,40,0,0,42,0,0,0,0,0,2,40,0,0,42,0,0,0,42
12/26/2005,ATW,WI,AGL,CE,Federal Contract Tower,4,46,1,0,51,0,0,30,0,30,4,46,31,0,81,62,0,62,143
12/27/2005,ATW,WI,AGL,CE,Federal Contract Tower,7,49,4,0,60,0,0,0,0,0,7,49,4,0,60,0,0,0,60
12/28/2005,ATW,WI,AGL,CE,Federal Contract Tower,9,40,10,0,59,0,0,2,0,2,9,40,12,0,61,0,0,0,61
12/29/2005,ATW,WI,AGL,CE,Federal Contract Tower,8,49,12,0,69,0,0,30,0,30,8,49,42,0,99,56,0,56,155
12/30/2005,ATW,WI,AGL,CE,Federal Contract Tower,7,46,4,0,57,0,0,10,0,10,7,46,14,0,67,0,0,0,67
12/31/2005,ATW,WI,AGL,CE,Federal Contract Tower,7,41,1,0,49,0,0,0,0,0,7,41,1,0,49,0,0,0,49
01/01/2006,ATW,WI,AGL,CE,Federal Contract Tower,3,43,5,0,51,0,0,7,0,7,3,43,12,0,58,0,0,0,58
01/02/2006,ATW,WI,AGL,CE,Federal Contract Tower,4,39,4,0,47,0,0,4,0,4,4,39,8,0,51,0,0,0,51
01/03/2006,ATW,WI,AGL,CE,Federal Contract Tower,5,15,9,0,29,0,0,5,0,5,5,15,14,0,34,0,0,0,34
01/04/2006,ATW,WI,AGL,CE,Federal Contract Tower,9,31,13,0,53,0,0,0,0,0,9,31,13,0,53,0,0,0,53
01/05/2006,ATW,WI,AGL,CE,Federal Contract Tower,7,55,16,0,78,0,0,8,0,8,7,55,24,0,86,0,0,0,86
01/06/2006,ATW,WI,AGL,CE,Federal Contract Tower,8,52,16,0,76,0,0,11,2,13,8,52,27,2,89,2,0,2,91
01/07/2006,ATW,WI,AGL,CE,Federal Contract Tower,4,45,3,0,52,0,0,27,0,27,4,45,30,0,79,64,0,64,143
01/08/2006,ATW,WI,AGL,CE,Federal Contract Tower,4,44,7,0,55,0,0,18,0,18,4,44,25,0,73,18,0,18,91
01/09/2006,ATW,WI,AGL,CE,Federal Contract Tower,5,52,14,0,71,0,0,14,0,14,5,52,28,0,85,6,0,6,91
01/10/2006,ATW,WI,AGL,CE,Federal Contract Tower,7,56,25,0,88,0,0,32,0,32,7,56,57,0,120,42,0,42,162
01/11/2006,ATW,WI,AGL,CE,Federal Contract Tower,7,58,22,2,89,0,0,7,0,7,7,58,29,2,96,8,0,8,104
01/12/2006,ATW,WI,AGL,CE,Federal Contract Tower,6,57,26,0,89,0,0,22,0,22,6,57,48,0,111,20,0,20,131
01/13/2006,ATW,WI,AGL,CE,Federal Contract Tower,11,54,22,0,87,0,0,11,0,11,11,54,33,0,98,12,0,12,110
01/14/2006,ATW,WI,AGL,CE,Federal Contract Tower,4,46,9,0,59,0,0,79,0,79,4,46,88,0,138,54,0,54,192
01/15/2006,ATW,WI,AGL,CE,Federal Contract Tower,4,46,14,0,64,0,0,15,0,15,4,46,29,0,79,27,0,27,106
01/16/2006,ATW,WI,AGL,CE,Federal Contract Tower,5,60,19,0,84,0,0,10,0,10,5,60,29,0,94,10,0,10,104
01/17/2006,ATW,WI,AGL,CE,Federal Contract Tower,7,58,17,0,82,0,0,0,0,0,7,58,17,0,82,0,0,0,82
01/18/2006,ATW,WI,AGL,CE,Federal Contract Tower,10,62,43,0,115,0,0,38,0,38,10,62,81,0,153,8,0,8,161
01/19/2006,ATW,WI,AGL,CE,Federal Contract Tower,7,60,14,0,81,0,0,12,0,12,7,60,26,0,93,0,0,0,93
01/20/2006,ATW,WI,AGL,CE,Federal Contract Tower,6,61,24,0,91,0,0,3,0,3,6,61,27,0,94,10,0,10,104
01/21/2006,ATW,WI,AGL,CE,Federal Contract Tower,3,43,11,0,57,0,0,66,0,66,3,43,77,0,123,60,0,60,183
01/22/2006,ATW,WI,AGL,CE,Federal Contract Tower,4,40,9,0,53,0,0,20,0,20,4,40,29,0,73,38,0,38,111
01/23/2006,ATW,WI,AGL,CE,Federal Contract Tower,5,55,22,0,82,0,0,33,0,33,5,55,55,0,115,68,0,68,183
01/24/2006,ATW,WI,AGL,CE,Federal Contract Tower,8,55,19,0,82,0,0,2,0,2,8,55,21,0,84,6,0,6,90
01/25/2006,ATW,WI,AGL,CE,Federal Contract Tower,7,60,40,0,107,0,0,29,0,29,7,60,69,0,136,12,0,12,148
01/26/2006,ATW,WI,AGL,CE,Federal Contract Tower,7,54,25,0,86,0,0,36,0,36,7,54,61,0,122,48,0,48,170
01/27/2006,ATW,WI,AGL,CE,Federal Contract Tower,6,57,12,1,76,0,0,25,0,25,6,57,37,1,101,32,0,32,133
01/28/2006,ATW,WI,AGL,CE,Federal Contract Tower,4,45,4,0,53,0,0,17,0,17,4,45,21,0,70,18,0,18,88
01/29/2006,ATW,WI,AGL,CE,Federal Contract Tower,3,46,8,0,57,0,0,0,0,0,3,46,8,0,57,0,0,0,57
01/30/2006,ATW,WI,AGL,CE,Federal Contract Tower,5,51,14,0,70,0,0,2,0,2,5,51,16,0,72,0,0,0,72
01/31/2006,ATW,WI,AGL,CE,Federal Contract Tower,7,50,26,0,83,0,0,18,0,18,7,50,44,0,101,0,0,0,101
02/01/2006,ATW,WI,AGL,CE,Federal Contract Tower,7,55,24,2,88,0,0,11,2,13,7,55,35,4,101,10,0,10,111
02/02/2006,ATW,WI,AGL,CE,Federal Contract Tower,7,53,25,0,85,0,0,26,0,26,7,53,51,0,111,36,0,36,147
02/03/2006,ATW,WI,AGL,CE,Federal Contract Tower,6,65,17,0,88,0,0,0,0,0,6,65,17,0,88,0,0,0,88
02/04/2006,ATW,WI,AGL,CE,Federal Contract Tower,4,42,5,0,51,0,0,4,0,4,4,42,9,0,55,0,0,0,55
02/05/2006,ATW,WI,AGL,CE,Federal Contract Tower,4,43,8,0,55,0,0,22,0,22,4,43,30,0,77,26,0,26,103
02/06/2006,ATW,WI,AGL,CE,Federal Contract Tower,5,59,26,0,90,0,0,19,0,19,5,59,45,0,109,16,0,16,125
02/07/2006,ATW,WI,AGL,CE,Federal Contract Tower,7,60,24,0,91,0,0,36,0,36,7,60,60,0,127,24,0,24,151
02/08/2006,ATW,WI,AGL,CE,Federal Contract Tower,7,54,23,0,84,0,0,29,0,29,7,54,52,0,113,14,0,14,127
02/09/2006,ATW,WI,AGL,CE,Federal Contract Tower,7,58,33,0,98,0,0,31,0,31,7,58,64,0,129,8,0,8,137
02/10/2006,ATW,WI,AGL,CE,Federal Contract Tower,6,58,18,0,82,0,0,5,0,5,6,58,23,0,87,0,0,0,87
02/11/2006,ATW,WI,AGL,CE,Federal Contract Tower,4,39,2,0,45,0,0,16,0,16,4,39,18,0,61,30,0,30,91
02/12/2006,ATW,WI,AGL,CE,Federal Contract Tower,4,41,6,0,51,0,0,56,0,56,4,41,62,0,107,28,0,28,135
02/13/2006,ATW,WI,AGL,CE,Federal Contract Tower,5,53,29,0,87,0,0,12,0,12,5,53,41,0,99,8,0,8,107
02/14/2006,ATW,WI,AGL,CE,Federal Contract Tower,7,55,20,0,82,0,0,8,0,8,7,55,28,0,90,12,0,12,102
02/15/2006,ATW,WI,AGL,CE,Federal Contract Tower,7,59,34,0,100,0,0,36,0,36,7,59,70,0,136,36,0,36,172
02/16/2006,ATW,WI,AGL,CE,Federal Contract Tower,6,33,8,0,47,0,0,0,0,0,6,33,8,0,47,0,0,0,47
02/17/2006,ATW,WI,AGL,CE,Federal Contract Tower,11,59,11,0,81,0,0,21,0,21,11,59,32,0,102,12,0,12,114
02/18/2006,ATW,WI,AGL,CE,Federal Contract Tower,4,38,2,0,44,0,0,11,0,11,4,38,13,0,55,0,0,0,55
02/19/2006,ATW,WI,AGL,CE,Federal Contract Tower,3,41,10,0,54,0,0,24,0,24,3,41,34,0,78,4,0,4,82
02/20/2006,ATW,WI,AGL,CE,Federal Contract Tower,4,54,18,0,76,0,0,23,0,23,4,54,41,0,99,28,0,28,127
02/21/2006,ATW,WI,AGL,CE,Federal Contract Tower,8,60,27,0,95,0,0,40,0,40,8,60,67,0,135,10,0,10,145
02/22/2006,ATW,WI,AGL,CE,Federal Contract Tower,8,54,29,0,91,0,0,12,0,12,8,54,41,0,103,14,0,14,117
02/23/2006,ATW,WI,AGL,CE,Federal Contract Tower,9,59,20,0,88,0,0,34,2,36,9,59,54,2,124,20,0,20,144
02/24/2006,ATW,WI,AGL,CE,Federal Contract Tower,7,52,16,0,75,0,0,11,0,11,7,52,27,0,86,28,0,28,114
02/25/2006,ATW,WI,AGL,CE,Federal Contract Tower,5,38,8,0,51,0,0,30,0,30,5,38,38,0,81,24,0,24,105
02/26/2006,ATW,WI,AGL,CE,Federal Contract Tower,3,43,11,0,57,0,0,33,0,33,3,43,44,0,90,22,0,22,112
02/27/2006,ATW,WI,AGL,CE,Federal Contract Tower,6,60,17,0,83,0,0,26,0,26,6,60,43,0,109,24,0,24,133
02/28/2006,ATW,WI,AGL,CE,Federal Contract Tower,8,55,16,0,79,0,0,36,0,36,8,55,52,0,115,14,0,14,129
03/01/2006,ATW,WI,AGL,CE,Federal Contract Tower,8,55,23,1,87,0,0,5,0,5,8,55,28,1,92,14,0,14,106
03/02/2006,ATW,WI,AGL,CE,Federal Contract Tower,10,60,18,0,88,0,0,36,0,36,10,60,54,0,124,0,0,0,124
03/03/2006,ATW,WI,AGL,CE,Federal Contract Tower,7,57,16,0,80,0,0,42,0,42,7,57,58,0,122,38,0,38,160
03/04/2006,ATW,WI,AGL,CE,Federal Contract Tower,5,43,12,0,60,0,0,73,0,73,5,43,85,0,133,18,0,18,151
03/05/2006,ATW,WI,AGL,CE,Federal Contract Tower,3,42,7,0,52,0,0,19,0,19,3,42,26,0,71,36,0,36,107
03/06/2006,ATW,WI,AGL,CE,Federal Contract Tower,5,48,19,0,72,0,0,1,0,1,5,48,20,0,73,0,0,0,73
03/07/2006,ATW,WI,AGL,CE,Federal Contract Tower,9,56,14,0,79,0,0,39,0,39,9,56,53,0,118,16,0,16,134
03/08/2006,ATW,WI,AGL,CE,Federal Contract Tower,9,58,35,0,102,0,0,2,0,2,9,58,37,0,104,0,0,0,104
03/09/2006,ATW,WI,AGL,CE,Federal Contract Tower,9,56,24,0,89,0,0,4,0,4,9,56,28,0,93,2,0,2,95
03/10/2006,ATW,WI,AGL,CE,Federal Contract Tower,7,55,20,0,82,0,0,52,0,52,7,55,72,0,134,60,0,60,194
03/11/2006,ATW,WI,AGL,CE,Federal Contract Tower,5,40,8,0,53,0,0,7,0,7,5,40,15,0,60,12,0,12,72
03/12/2006,ATW,WI,AGL,CE,Federal Contract Tower,3,37,9,0,49,0,0,63,0,63,3,37,72,0,112,32,0,32,144
03/13/2006,ATW,WI,AGL,CE,Federal Contract Tower,6,43,9,0,58,0,0,2,0,2,6,43,11,0,60,0,0,0,60
03/14/2006,ATW,WI,AGL,CE,Federal Contract Tower,9,55,19,0,83,0,0,19,0,19,9,55,38,0,102,2,0,2,104
03/15/2006,ATW,WI,AGL,CE,Federal Contract Tower,8,56,32,0,96,0,0,53,0,53,8,56,85,0,149,40,0,40,189
03/16/2006,ATW,WI,AGL,CE,Federal Contract Tower,9,50,18,0,77,0,0,7,0,7,9,50,25,0,84,26,0,26,110
03/17/2006,ATW,WI,AGL,CE,Federal Contract Tower,7,52,19,3,81,0,0,45,2,47,7,52,64,5,128,38,0,38,166
03/18/2006,ATW,WI,AGL,CE,Federal Contract Tower,5,39,15,0,59,0,0,48,0,48,5,39,63,0,107,62,0,62,169
03/19/2006,ATW,WI,AGL,CE,Federal Contract Tower,3,47,11,0,61,0,0,32,0,32,3,47,43,0,93,58,0,58,151
03/20/2006,ATW,WI,AGL,CE,Federal Contract Tower,5,53,22,0,80,0,0,24,0,24,5,53,46,0,104,8,0,8,112
03/21/2006,ATW,WI,AGL,CE,Federal Contract Tower,8,54,19,0,81,0,0,12,0,12,8,54,31,0,93,2,0,2,95
03/22/2006,ATW,WI,AGL,CE,Federal Contract Tower,9,63,31,0,103,0,0,18,2,20,9,63,49,2,123,30,0,30,153
03/23/2006,ATW,WI,AGL,CE,Federal Contract Tower,11,53,28,0,92,0,0,18,0,18,11,53,46,0,110,26,0,26,136
03/24/2006,ATW,WI,AGL,CE,Federal Contract Tower,7,62,24,0,93,0,0,21,0,21,7,62,45,0,114,28,0,28,142
03/25/2006,ATW,WI,AGL,CE,Federal Contract Tower,4,40,8,0,52,0,0,48,0,48,4,40,56,0,100,0,0,0,100
03/26/2006,ATW,WI,AGL,CE,Federal Contract Tower,3,44,14,0,61,0,0,46,0,46,3,44,60,0,107,26,0,26,133
03/27/2006,ATW,WI,AGL,CE,Federal Contract Tower,9,54,16,0,79,0,0,22,0,22,9,54,38,0,101,24,0,24,125
03/28/2006,ATW,WI,AGL,CE,Federal Contract Tower,8,53,18,0,79,0,0,36,0,36,8,53,54,0,115,16,0,16,131
03/29/2006,ATW,WI,AGL,CE,Federal Contract Tower,8,53,36,0,97,0,0,25,4,29,8,53,61,4,126,18,0,18,144
03/30/2006,ATW,WI,AGL,CE,Federal Contract Tower,8,58,28,0,94,0,0,16,0,16,8,58,44,0,110,6,0,6,116
03/31/2006,ATW,WI,AGL,CE,Federal Contract Tower,7,54,23,0,84,0,0,6,0,6,7,54,29,0,90,6,0,6,96
04/01/2006,ATW,WI,AGL,CE,Federal Contract Tower,4,42,5,0,51,0,0,47,0,47,4,42,52,0,98,92,0,92,190
04/02/2006,ATW,WI,AGL,CE,Federal Contract Tower,5,39,8,0,52,0,0,3,0,3,5,39,11,0,55,0,0,0,55
04/03/2006,ATW,WI,AGL,CE,Federal Contract Tower,7,51,17,0,75,0,0,5,0,5,7,51,22,0,80,6,0,6,86
04/04/2006,ATW,WI,AGL,CE,Federal Contract Tower,7,57,21,0,85,0,0,47,0,47,7,57,68,0,132,12,0,12,144
04/05/2006,ATW,WI,AGL,CE,Federal Contract Tower,8,58,28,0,94,0,0,57,0,57,8,58,85,0,151,32,2,34,185
04/06/2006,ATW,WI,AGL,CE,Federal Contract Tower,7,53,16,0,76,0,0,42,0,42,7,53,58,0,118,20,0,20,138
04/07/2006,ATW,WI,AGL,CE,Federal Contract Tower,6,57,15,0,78,0,0,17,0,17,6,57,32,0,95,24,0,24,119
04/08/2006,ATW,WI,AGL,CE,Federal Contract Tower,4,42,10,0,56,0,0,87,0,87,4,42,97,0,143,70,0,70,213
04/09/2006,ATW,WI,AGL,CE,Federal Contract Tower,2,48,14,0,64,0,0,65,0,65,2,48,79,0,129,34,0,34,163
04/10/2006,ATW,WI,AGL,CE,Federal Contract Tower,7,53,30,0,90,0,0,36,0,36,7,53,66,0,126,42,0,42,168
04/11/2006,ATW,WI,AGL,CE,Federal Contract Tower,9,50,27,1,87,0,0,34,0,34,9,50,61,1,121,24,0,24,145
04/12/2006,ATW,WI,AGL,CE,Federal Contract Tower,9,62,43,0,114,0,0,21,0,21,9,62,64,0,135,0,0,0,135
04/13/2006,ATW,WI,AGL,CE,Federal Contract Tower,9,53,19,0,81,0,0,29,0,29,9,53,48,0,110,28,0,28,138
04/14/2006,ATW,WI,AGL,CE,Federal Contract Tower,9,49,19,0,77,0,0,51,0,51,9,49,70,0,128,44,0,44,172
04/15/2006,ATW,WI,AGL,CE,Federal Contract Tower,6,38,8,0,52,0,0,58,0,58,6,38,66,0,110,36,0,36,146
04/16/2006,ATW,WI,AGL,CE,Federal Contract Tower,3,42,9,0,54,0,0,6,0,6,3,42,15,0,60,0,0,0,60
04/17/2006,ATW,WI,AGL,CE,Federal Contract Tower,6,60,28,0,94,0,0,34,0,34,6,60,62,0,128,32,0,32,160
04/18/2006,ATW,WI,AGL,CE,Federal Contract Tower,10,62,24,0,96,0,0,41,0,41,10,62,65,0,137,32,0,32,169
04/19/2006,ATW,WI,AGL,CE,Federal Contract Tower,5,65,34,0,104,0,0,26,0,26,5,65,60,0,130,18,0,18,148
04/20/2006,ATW,WI,AGL,CE,Federal Contract Tower,6,63,24,0,93,0,0,23,0,23,6,63,47,0,116,10,0,10,126
04/21/2006,ATW,WI,AGL,CE,Federal Contract Tower,4,56,33,0,93,0,0,19,0,19,4,56,52,0,112,12,0,12,124
04/22/2006,ATW,WI,AGL,CE,Federal Contract Tower,4,44,5,0,53,0,0,41,0,41,4,44,46,0,94,24,0,24,118
04/23/2006,ATW,WI,AGL,CE,Federal Contract Tower,0,46,21,0,67,0,0,36,0,36,0,46,57,0,103,42,0,42,145
04/24/2006,ATW,WI,AGL,CE,Federal Contract Tower,3,58,29,0,90,0,0,28,0,28,3,58,57,0,118,18,0,18,136
04/25/2006,ATW,WI,AGL,CE,Federal Contract Tower,5,61,23,0,89,0,0,27,0,27,5,61,50,0,116,14,0,14,130
04/26/2006,ATW,WI,AGL,CE,Federal Contract Tower,5,62,28,0,95,0,0,44,0,44,5,62,72,0,139,40,0,40,179
04/27/2006,ATW,WI,AGL,CE,Federal Contract Tower,5,62,22,0,89,0,0,58,0,58,5,62,80,0,147,18,0,18,165
04/28/2006,ATW,WI,AGL,CE,Federal Contract Tower,4,59,37,0,100,0,0,51,0,51,4,59,88,0,151,46,0,46,197
04/29/2006,ATW,WI,AGL,CE,Federal Contract Tower,2,45,16,0,63,0,0,28,0,28,2,45,44,0,91,30,0,30,121
04/30/2006,ATW,WI,AGL,CE,Federal Contract Tower,0,42,15,0,57,0,0,2,0,2,0,42,17,0,59,0,0,0,59
05/01/2006,ATW,WI,AGL,CE,Federal Contract Tower,5,58,35,0,98,0,0,4,0,4,5,58,39,0,102,0,0,0,102
05/02/2006,ATW,WI,AGL,CE,Federal Contract Tower,6,63,41,0,110,0,0,11,0,11,6,63,52,0,121,24,0,24,145
05/03/2006,ATW,WI,AGL,CE,Federal Contract Tower,7,63,20,0,90,0,0,35,0,35,7,63,55,0,125,4,0,4,129
05/04/2006,ATW,WI,AGL,CE,Federal Contract Tower,5,60,38,0,103,0,0,32,0,32,5,60,70,0,135,42,0,42,177
05/05/2006,ATW,WI,AGL,CE,Federal Contract Tower,4,64,32,0,100,0,0,31,0,31,4,64,63,0,131,44,4,48,179
05/06/2006,ATW,WI,AGL,CE,Federal Contract Tower,2,41,15,0,58,0,0,52,0,52,2,41,67,0,110,60,0,60,170
05/07/2006,ATW,WI,AGL,CE,Federal Contract Tower,0,48,11,0,59,0,0,53,0,53,0,48,64,0,112,20,0,20,132
05/08/2006,ATW,WI,AGL,CE,Federal Contract Tower,3,60,24,0,87,0,0,22,0,22,3,60,46,0,109,18,0,18,127
05/09/2006,ATW,WI,AGL,CE,Federal Contract Tower,5,62,32,0,99,0,0,6,0,6,5,62,38,0,105,8,0,8,113
05/10/2006,ATW,WI,AGL,CE,Federal Contract Tower,6,66,29,0,101,0,0,26,0,26,6,66,55,0,127,14,0,14,141
05/11/2006,ATW,WI,AGL,CE,Federal Contract Tower,5,58,25,0,88,0,0,0,0,0,5,58,25,0,88,0,0,0,88
05/12/2006,ATW,WI,AGL,CE,Federal Contract Tower,4,61,12,0,77,0,0,2,0,2,4,61,14,0,79,0,0,0,79
05/13/2006,ATW,WI,AGL,CE,Federal Contract Tower,2,41,10,0,53,0,0,2,0,2,2,41,12,0,55,8,0,8,63
05/14/2006,ATW,WI,AGL,CE,Federal Contract Tower,0,48,11,0,59,0,0,2,0,2,0,48,13,0,61,0,0,0,61
05/15/2006,ATW,WI,AGL,CE,Federal Contract Tower,3,60,27,0,90,0,0,20,0,20,3,60,47,0,110,8,0,8,118
05/16/2006,ATW,WI,AGL,CE,Federal Contract Tower,5,62,23,0,90,0,0,20,0,20,5,62,43,0,110,28,0,28,138
05/17/2006,ATW,WI,AGL,CE,Federal Contract Tower,5,55,35,0,95,0,0,23,0,23,5,55,58,0,118,30,0,30,148
05/18/2006,ATW,WI,AGL,CE,Federal Contract Tower,5,58,29,0,92,0,0,30,0,30,5,58,59,0,122,2,0,2,124
05/19/2006,ATW,WI,AGL,CE,Federal Contract Tower,4,56,29,0,89,0,0,52,0,52,4,56,81,0,141,46,0,46,187
05/20/2006,ATW,WI,AGL,CE,Federal Contract Tower,2,43,12,0,57,0,0,45,0,45,2,43,57,0,102,24,0,24,126
05/21/2006,ATW,WI,AGL,CE,Federal Contract Tower,0,50,9,0,59,0,1,42,0,43,0,51,51,0,102,32,0,32,134
05/22/2006,ATW,WI,AGL,CE,Federal Contract Tower,3,60,24,0,87,0,0,69,0,69,3,60,93,0,156,66,0,66,222
05/23/2006,ATW,WI,AGL,CE,Federal Contract Tower,5,59,29,0,93,0,0,63,0,63,5,59,92,0,156,82,0,82,238
05/24/2006,ATW,WI,AGL,CE,Federal Contract Tower,5,57,30,0,92,0,0,22,0,22,5,57,52,0,114,20,0,20,134
05/25/2006,ATW,WI,AGL,CE,Federal Contract Tower,5,60,35,0,100,0,0,6,0,6,5,60,41,0,106,0,0,0,106
05/26/2006,ATW,WI,AGL,CE,Federal Contract Tower,4,63,30,0,97,0,0,36,0,36,4,63,66,0,133,16,0,16,149
05/27/2006,ATW,WI,AGL,CE,Federal Contract Tower,2,39,21,0,62,0,0,21,0,21,2,39,42,0,83,16,0,16,99
05/28/2006,ATW,WI,AGL,CE,Federal Contract Tower,0,38,7,0,45,0,0,33,0,33,0,38,40,0,78,32,0,32,110
05/29/2006,ATW,WI,AGL,CE,Federal Contract Tower,2,47,9,0,58,0,0,22,0,22,2,47,31,0,80,0,0,0,80
05/30/2006,ATW,WI,AGL,CE,Federal Contract Tower,2,59,19,0,80,0,0,15,0,15,2,59,34,0,95,6,0,6,101
05/31/2006,ATW,WI,AGL,CE,Federal Contract Tower,6,58,25,0,89,0,0,55,0,55,6,58,80,0,144,32,0,32,176
06/01/2006,ATW,WI,AGL,CE,Federal Contract Tower,6,63,25,0,94,0,0,47,0,47,6,63,72,0,141,18,0,18,159
06/02/2006,ATW,WI,AGL,CE,Federal Contract Tower,6,63,30,0,99,0,0,53,0,53,6,63,83,0,152,60,0,60,212
06/03/2006,ATW,WI,AGL,CE,Federal Contract Tower,2,39,7,2,50,0,0,39,0,39,2,39,46,2,89,24,0,24,113
06/04/2006,ATW,WI,AGL,CE,Federal Contract Tower,0,48,10,0,58,0,0,68,0,68,0,48,78,0,126,20,0,20,146
06/05/2006,ATW,WI,AGL,CE,Federal Contract Tower,2,63,24,0,89,0,0,43,0,43,2,63,67,0,132,2,0,2,134
06/06/2006,ATW,WI,AGL,CE,Federal Contract Tower,5,61,28,0,94,0,0,6,0,6,5,61,34,0,100,10,0,10,110
06/07/2006,ATW,WI,AGL,CE,Federal Contract Tower,6,58,32,0,96,0,0,35,0,35,6,58,67,0,131,16,0,16,147
06/08/2006,ATW,WI,AGL,CE,Federal Contract Tower,5,66,33,0,104,0,0,46,2,48,5,66,79,2,152,18,0,18,170
06/09/2006,ATW,WI,AGL,CE,Federal Contract Tower,5,61,24,0,90,0,0,51,0,51,5,61,75,0,141,22,0,22,163
06/10/2006,ATW,WI,AGL,CE,Federal Contract Tower,2,42,12,0,56,0,0,51,0,51,2,42,63,0,107,68,0,68,175
06/11/2006,ATW,WI,AGL,CE,Federal Contract Tower,0,47,13,0,60,0,0,56,0,56,0,47,69,0,116,26,0,26,142
06/12/2006,ATW,WI,AGL,CE,Federal Contract Tower,2,57,34,0,93,0,0,68,0,68,2,57,102,0,161,54,0,54,215
06/13/2006,ATW,WI,AGL,CE,Federal Contract Tower,5,66,35,0,106,0,0,41,0,41,5,66,76,0,147,32,0,32,179
06/14/2006,ATW,WI,AGL,CE,Federal Contract Tower,5,73,35,0,113,0,0,40,0,40,5,73,75,0,153,102,0,102,255
06/15/2006,ATW,WI,AGL,CE,Federal Contract Tower,5,58,31,0,94,0,0,29,0,29,5,58,60,0,123,114,0,114,237
06/16/2006,ATW,WI,AGL,CE,Federal Contract Tower,7,62,25,0,94,0,0,29,0,29,7,62,54,0,123,64,0,64,187
06/17/2006,ATW,WI,AGL,CE,Federal Contract Tower,2,38,7,0,47,0,0,32,1,33,2,38,39,1,80,36,0,36,116
06/18/2006,ATW,WI,AGL,CE,Federal Contract Tower,0,49,9,0,58,0,0,30,0,30,0,49,39,0,88,0,0,0,88
06/19/2006,ATW,WI,AGL,CE,Federal Contract Tower,2,62,27,0,91,0,0,46,0,46,2,62,73,0,137,16,0,16,153
06/20/2006,ATW,WI,AGL,CE,Federal Contract Tower,5,63,19,0,87,0,0,41,0,41,5,63,60,0,128,36,0,36,164
06/21/2006,ATW,WI,AGL,CE,Federal Contract Tower,5,60,28,0,93,0,0,6,0,6,5,60,34,0,99,14,0,14,113
06/22/2006,ATW,WI,AGL,CE,Federal Contract Tower,5,60,24,0,89,0,0,47,0,47,5,60,71,0,136,38,0,38,174
06/23/2006,ATW,WI,AGL,CE,Federal Contract Tower,5,61,15,0,81,0,0,69,0,69,5,61,84,0,150,54,0,54,204
06/24/2006,ATW,WI,AGL,CE,Federal Contract Tower,2,45,7,0,54,0,0,36,0,36,2,45,43,0,90,48,0,48,138
06/25/2006,ATW,WI,AGL,CE,Federal Contract Tower,0,42,5,0,47,0,0,6,0,6,0,42,11,0,53,0,0,0,53
06/26/2006,ATW,WI,AGL,CE,Federal Contract Tower,2,60,40,0,102,18,0,47,0,65,20,60,87,0,167,12,0,12,179
06/27/2006,ATW,WI,AGL,CE,Federal Contract Tower,5,65,39,1,110,0,0,24,0,24,5,65,63,1,134,44,0,44,178
06/28/2006,ATW,WI,AGL,CE,Federal Contract Tower,5,62,46,1,114,0,0,26,0,26,5,62,72,1,140,16,0,16,156
06/29/2006,ATW,WI,AGL,CE,Federal Contract Tower,5,64,36,0,105,0,0,73,1,74,5,64,109,1,179,28,2,30,209
06/30/2006,ATW,WI,AGL,CE,Federal Contract Tower,5,64,37,0,106,0,0,50,0,50,5,64,87,0,156,20,0,20,176
07/01/2006,ATW,WI,AGL,CE,Federal Contract Tower,2,44,7,0,53,0,0,32,0,32,2,44,39,0,85,14,0,14,99
07/02/2006,ATW,WI,AGL,CE,Federal Contract Tower,0,44,6,0,50,0,0,34,0,34,0,44,40,0,84,0,0,0,84
07/03/2006,ATW,WI,AGL,CE,Federal Contract Tower,2,46,15,0,63,0,0,16,0,16,2,46,31,0,79,0,0,0,79
07/04/2006,ATW,WI,AGL,CE,Federal Contract Tower,0,45,8,0,53,0,0,50,0,50,0,45,58,0,103,0,0,0,103
07/05/2006,ATW,WI,AGL,CE,Federal Contract Tower,5,58,30,0,93,0,0,34,0,34,5,58,64,0,127,8,0,8,135
07/06/2006,ATW,WI,AGL,CE,Federal Contract Tower,5,59,84,0,148,0,0,0,0,0,5,59,84,0,148,22,0,22,170
07/07/2006,ATW,WI,AGL,CE,Federal Contract Tower,6,60,18,0,84,0,0,57,0,57,6,60,75,0,141,20,0,20,161
07/08/2006,ATW,WI,AGL,CE,Federal Contract Tower,2,44,15,0,61,0,0,33,0,33,2,44,48,0,94,12,0,12,106
07/09/2006,ATW,WI,AGL,CE,Federal Contract Tower,0,50,8,0,58,0,0,55,0,55,0,50,63,0,113,8,0,8,121
07/10/2006,ATW,WI,AGL,CE,Federal Contract Tower,2,63,39,0,104,0,0,34,0,34,2,63,73,0,138,18,0,18,156
07/11/2006,ATW,WI,AGL,CE,Federal Contract Tower,6,61,23,0,90,0,0,23,0,23,6,61,46,0,113,44,0,44,157
07/12/2006,ATW,WI,AGL,CE,Federal Contract Tower,5,66,22,0,93,0,0,72,0,72,5,66,94,0,165,28,0,28,193
07/13/2006,ATW,WI,AGL,CE,Federal Contract Tower,5,62,35,4,106,0,0,77,0,77,5,62,112,4,183,66,0,66,249
07/14/2006,ATW,WI,AGL,CE,Federal Contract Tower,5,48,18,0,71,0,0,26,0,26,5,48,44,0,97,8,0,8,105
07/15/2006,ATW,WI,AGL,CE,Federal Contract Tower,2,44,11,0,57,0,0,56,0,56,2,44,67,0,113,34,0,34,147
07/16/2006,ATW,WI,AGL,CE,Federal Contract Tower,0,45,16,0,61,0,0,43,0,43,0,45,59,0,104,8,0,8,112
07/17/2006,ATW,WI,AGL,CE,Federal Contract Tower,2,54,19,0,75,0,0,25,0,25,2,54,44,0,100,40,0,40,140
07/18/2006,ATW,WI,AGL,CE,Federal Contract Tower,6,61,27,0,94,0,0,66,0,66,6,61,93,0,160,8,0,8,168
07/19/2006,ATW,WI,AGL,CE,Federal Contract Tower,6,62,19,0,87,0,0,53,0,53,6,62,72,0,140,28,0,28,168
07/20/2006,ATW,WI,AGL,CE,Federal Contract Tower,5,50,40,0,95,0,0,40,0,40,5,50,80,0,135,12,0,12,147
07/21/2006,ATW,WI,AGL,CE,Federal Contract Tower,5,62,40,0,107,0,0,105,0,105,5,62,145,0,212,40,0,40,252
07/22/2006,ATW,WI,AGL,CE,Federal Contract Tower,2,45,31,0,78,0,0,78,0,78,2,45,109,0,156,10,0,10,166
07/23/2006,ATW,WI,AGL,CE,Federal Contract Tower,0,49,37,0,86,0,0,263,0,263,0,49,300,0,349,6,0,6,355
07/24/2006,ATW,WI,AGL,CE,Federal Contract Tower,2,66,42,0,110,0,0,128,2,130,2,66,170,2,240,12,0,12,252
07/25/2006,ATW,WI,AGL,CE,Federal Contract Tower,5,59,56,0,120,0,0,240,0,240,5,59,296,0,360,40,0,40,400
07/26/2006,ATW,WI,AGL,CE,Federal Contract Tower,7,62,96,0,165,0,0,188,1,189,7,62,284,1,354,22,0,22,376
07/27/2006,ATW,WI,AGL,CE,Federal Contract Tower,7,57,114,0,178,0,0,368,0,368,7,57,482,0,546,14,0,14,560
07/28/2006,ATW,WI,AGL,CE,Federal Contract Tower,5,70,91,0,166,0,0,366,2,368,5,70,457,2,534,36,0,36,570
07/29/2006,ATW,WI,AGL,CE,Federal Contract Tower,2,45,52,0,99,0,0,215,0,215,2,45,267,0,314,38,0,38,352
07/30/2006,ATW,WI,AGL,CE,Federal Contract Tower,0,44,73,0,117,0,0,124,1,125,0,44,197,1,242,20,0,20,262
07/31/2006,ATW,WI,AGL,CE,Federal Contract Tower,4,67,57,0,128,0,0,102,0,102,4,67,159,0,230,0,0,0,230
08/01/2006,ATW,WI,AGL,CE,Federal Contract Tower,5,61,38,0,104,0,0,27,0,27,5,61,65,0,131,6,0,6,137
08/02/2006,ATW,WI,AGL,CE,Federal Contract Tower,5,63,23,0,91,0,0,19,0,19,5,63,42,0,110,0,0,0,110
08/03/2006,ATW,WI,AGL,CE,Federal Contract Tower,5,65,31,0,101,0,0,67,0,67,5,65,98,0,168,28,0,28,196
08/04/2006,ATW,WI,AGL,CE,Federal Contract Tower,4,67,29,0,100,0,0,69,0,69,4,67,98,0,169,28,0,28,197
08/05/2006,ATW,WI,AGL,CE,Federal Contract Tower,2,43,9,0,54,0,0,55,0,55,2,43,64,0,109,52,0,52,161
08/06/2006,ATW,WI,AGL,CE,Federal Contract Tower,0,47,33,0,80,0,0,24,0,24,0,47,57,0,104,0,0,0,104
08/07/2006,ATW,WI,AGL,CE,Federal Contract Tower,5,58,22,0,85,0,0,59,0,59,5,58,81,0,144,8,0,8,152
08/08/2006,ATW,WI,AGL,CE,Federal Contract Tower,5,61,24,0,90,0,0,64,0,64,5,61,88,0,154,50,0,50,204
08/09/2006,ATW,WI,AGL,CE,Federal Contract Tower,5,61,17,0,83,0,0,57,2,59,5,61,74,2,142,48,0,48,190
08/10/2006,ATW,WI,AGL,CE,Federal Contract Tower,5,60,19,0,84,0,0,16,0,16,5,60,35,0,100,22,0,22,122
08/11/2006,ATW,WI,AGL,CE,Federal Contract Tower,4,63,34,0,101,0,0,66,0,66,4,63,100,0,167,50,0,50,217
08/12/2006,ATW,WI,AGL,CE,Federal Contract Tower,2,43,8,0,53,0,0,48,0,48,2,43,56,0,101,10,0,10,111
08/13/2006,ATW,WI,AGL,CE,Federal Contract Tower,0,50,11,0,61,0,0,44,0,44,0,50,55,0,105,20,0,20,125
08/14/2006,ATW,WI,AGL,CE,Federal Contract Tower,3,59,31,0,93,0,0,31,0,31,3,59,62,0,124,46,0,46,170
08/15/2006,ATW,WI,AGL,CE,Federal Contract Tower,5,59,40,0,104,0,0,37,0,37,5,59,77,0,141,26,0,26,167
08/16/2006,ATW,WI,AGL,CE,Federal Contract Tower,5,61,16,0,82,0,0,65,0,65,5,61,81,0,147,52,0,52,199
08/17/2006,ATW,WI,AGL,CE,Federal Contract Tower,5,59,39,0,103,0,0,45,0,45,5,59,84,0,148,42,0,42,190
08/18/2006,ATW,WI,AGL,CE,Federal Contract Tower,6,59,27,0,92,0,0,21,0,21,6,59,48,0,113,8,0,8,121
08/19/2006,ATW,WI,AGL,CE,Federal Contract Tower,2,42,13,0,57,0,0,13,0,13,2,42,26,0,70,0,0,0,70
08/20/2006,ATW,WI,AGL,CE,Federal Contract Tower,0,50,20,0,70,0,0,68,0,68,0,50,88,0,138,26,0,26,164
08/21/2006,ATW,WI,AGL,CE,Federal Contract Tower,3,57,34,0,94,0,0,38,0,38,3,57,72,0,132,32,0,32,164
08/22/2006,ATW,WI,AGL,CE,Federal Contract Tower,5,61,28,0,94,0,0,30,0,30,5,61,58,0,124,40,0,40,164
08/23/2006,ATW,WI,AGL,CE,Federal Contract Tower,5,62,34,0,101,0,0,10,0,10,5,62,44,0,111,6,0,6,117
08/24/2006,ATW,WI,AGL,CE,Federal Contract Tower,5,50,22,0,77,0,0,1,0,1,5,50,23,0,78,0,0,0,78
08/25/2006,ATW,WI,AGL,CE,Federal Contract Tower,4,54,29,0,87,0,0,12,0,12,4,54,41,0,99,0,0,0,99
08/26/2006,ATW,WI,AGL,CE,Federal Contract Tower,2,42,30,0,74,0,0,0,0,0,2,42,30,0,74,12,0,12,86
08/27/2006,ATW,WI,AGL,CE,Federal Contract Tower,0,49,11,0,60,0,0,50,0,50,0,49,61,0,110,44,0,44,154
08/28/2006,ATW,WI,AGL,CE,Federal Contract Tower,3,53,20,6,82,0,0,28,0,28,3,53,48,6,110,10,0,10,120
08/29/2006,ATW,WI,AGL,CE,Federal Contract Tower,5,63,27,0,95,0,0,42,0,42,5,63,69,0,137,12,0,12,149
08/30/2006,ATW,WI,AGL,CE,Federal Contract Tower,9,60,39,0,108,0,0,47,2,49,9,60,86,2,157,42,0,42,199
08/31/2006,ATW,WI,AGL,CE,Federal Contract Tower,7,58,26,0,91,0,0,61,0,61,7,58,87,0,152,40,0,40,192
09/01/2006,ATW,WI,AGL,CE,Federal Contract Tower,4,58,23,0,85,0,0,61,6,67,4,58,84,6,152,50,0,50,202
09/02/2006,ATW,WI,AGL,CE,Federal Contract Tower,2,40,2,0,44,0,0,44,0,44,2,40,46,0,88,2,0,2,90
09/03/2006,ATW,WI,AGL,CE,Federal Contract Tower,0,35,12,0,47,0,0,27,0,27,0,35,39,0,74,10,0,10,84
09/04/2006,ATW,WI,AGL,CE,Federal Contract Tower,0,50,9,0,59,0,0,23,0,23,0,50,32,0,82,36,0,36,118
09/05/2006,ATW,WI,AGL,CE,Federal Contract Tower,3,63,14,0,80,0,0,50,0,50,3,63,64,0,130,26,0,26,156
09/06/2006,ATW,WI,AGL,CE,Federal Contract Tower,5,63,21,0,89,0,0,43,0,43,5,63,64,0,132,14,0,14,146
09/07/2006,ATW,WI,AGL,CE,Federal Contract Tower,7,64,32,0,103,0,0,31,0,31,7,64,63,0,134,18,0,18,152
09/08/2006,ATW,WI,AGL,CE,Federal Contract Tower,5,65,31,0,101,0,0,18,4,22,5,65,49,4,123,6,0,6,129
09/09/2006,ATW,WI,AGL,CE,Federal Contract Tower,3,40,23,0,66,0,0,45,0,45,3,40,68,0,111,14,0,14,125
09/10/2006,ATW,WI,AGL,CE,Federal Contract Tower,1,45,14,0,60,0,0,52,0,52,1,45,66,0,112,12,0,12,124
09/11/2006,ATW,WI,AGL,CE,Federal Contract Tower,3,54,47,0,104,0,0,0,0,0,3,54,47,0,104,0,0,0,104
09/12/2006,ATW,WI,AGL,CE,Federal Contract Tower,5,54,16,0,75,0,0,4,0,4,5,54,20,0,79,0,0,0,79
09/13/2006,ATW,WI,AGL,CE,Federal Contract Tower,5,57,31,0,93,0,0,30,0,30,5,57,61,0,123,6,0,6,129
09/14/2006,ATW,WI,AGL,CE,Federal Contract Tower,5,61,27,0,93,0,0,55,0,55,5,61,82,0,148,46,0,46,194
09/15/2006,ATW,WI,AGL,CE,Federal Contract Tower,5,64,38,0,107,0,0,57,2,59,5,64,95,2,166,28,0,28,194
09/16/2006,ATW,WI,AGL,CE,Federal Contract Tower,3,39,5,0,47,0,0,64,0,64,3,39,69,0,111,10,0,10,121
09/17/2006,ATW,WI,AGL,CE,Federal Contract Tower,0,47,8,0,55,0,0,8,0,8,0,47,16,0,63,16,0,16,79
09/18/2006,ATW,WI,AGL,CE,Federal Contract Tower,3,60,34,0,97,0,0,16,2,18,3,60,50,2,115,0,0,0,115
09/19/2006,ATW,WI,AGL,CE,Federal Contract Tower,5,59,27,0,91,0,0,19,0,19,5,59,46,0,110,2,0,2,112
09/20/2006,ATW,WI,AGL,CE,Federal Contract Tower,5,68,23,0,96,0,0,62,2,64,5,68,85,2,160,34,0,34,194
09/21/2006,ATW,WI,AGL,CE,Federal Contract Tower,5,61,24,0,90,0,0,59,2,61,5,61,83,2,151,36,0,36,187
09/22/2006,ATW,WI,AGL,CE,Federal Contract Tower,4,54,23,0,81,0,0,9,0,9,4,54,32,0,90,0,0,0,90
09/23/2006,ATW,WI,AGL,CE,Federal Contract Tower,2,38,1,0,41,0,0,12,0,12,2,38,13,0,53,24,0,24,77
09/24/2006,ATW,WI,AGL,CE,Federal Contract Tower,0,48,12,0,60,0,0,33,0,33,0,48,45,0,93,6,0,6,99
09/25/2006,ATW,WI,AGL,CE,Federal Contract Tower,3,62,27,0,92,0,0,22,0,22,3,62,49,0,114,6,0,6,120
09/26/2006,ATW,WI,AGL,CE,Federal Contract Tower,5,63,24,0,92,0,0,37,2,39,5,63,61,2,131,26,0,26,157
09/27/2006,ATW,WI,AGL,CE,Federal Contract Tower,5,56,30,0,91,0,0,15,0,15,5,56,45,0,106,14,0,14,120
09/28/2006,ATW,WI,AGL,CE,Federal Contract Tower,6,70,33,0,109,0,0,27,0,27,6,70,60,0,136,32,0,32,168
09/29/2006,ATW,WI,AGL,CE,Federal Contract Tower,5,56,20,3,84,0,0,22,0,22,5,56,42,3,106,12,0,12,118
09/30/2006,ATW,WI,AGL,CE,Federal Contract Tower,3,40,24,0,67,0,0,50,0,50,3,40,74,0,117,24,0,24,141
10/01/2006,ATW,WI,AGL,CE,Federal Contract Tower,1,51,25,0,77,0,0,33,0,33,1,51,58,0,110,6,0,6,116
10/02/2006,ATW,WI,AGL,CE,Federal Contract Tower,3,56,25,0,84,0,0,6,0,6,3,56,31,0,90,4,0,4,94
10/03/2006,ATW,WI,AGL,CE,Federal Contract Tower,6,53,41,0,100,0,0,21,0,21,6,53,62,0,121,10,0,10,131
10/04/2006,ATW,WI,AGL,CE,Federal Contract Tower,5,54,28,0,87,0,0,10,0,10,5,54,38,0,97,4,0,4,101
10/05/2006,ATW,WI,AGL,CE,Federal Contract Tower,5,59,33,0,97,0,0,52,1,53,5,59,85,1,150,8,0,8,158
10/06/2006,ATW,WI,AGL,CE,Federal Contract Tower,4,61,20,1,86,0,0,44,0,44,4,61,64,1,130,4,0,4,134
10/07/2006,ATW,WI,AGL,CE,Federal Contract Tower,4,39,16,0,59,0,0,75,0,75,4,39,91,0,134,4,0,4,138
10/08/2006,ATW,WI,AGL,CE,Federal Contract Tower,0,47,21,0,68,0,0,27,0,27,0,47,48,0,95,10,0,10,105
10/09/2006,ATW,WI,AGL,CE,Federal Contract Tower,3,63,19,1,86,0,0,18,0,18,3,63,37,1,104,0,0,0,104
10/10/2006,ATW,WI,AGL,CE,Federal Contract Tower,5,58,45,0,108,0,0,45,0,45,5,58,90,0,153,12,0,12,165
10/11/2006,ATW,WI,AGL,CE,Federal Contract Tower,5,65,24,0,94,0,0,2,0,2,5,65,26,0,96,0,0,0,96
10/12/2006,ATW,WI,AGL,CE,Federal Contract Tower,5,52,26,0,83,0,0,10,0,10,5,52,36,0,93,0,0,0,93
10/13/2006,ATW,WI,AGL,CE,Federal Contract Tower,4,57,24,1,86,0,0,2,0,2,4,57,26,1,88,0,0,0,88
10/14/2006,ATW,WI,AGL,CE,Federal Contract Tower,2,39,12,0,53,0,0,28,0,28,2,39,40,0,81,18,0,18,99
10/15/2006,ATW,WI,AGL,CE,Federal Contract Tower,0,49,16,0,65,0,0,79,0,79,0,49,95,0,144,30,0,30,174
10/16/2006,ATW,WI,AGL,CE,Federal Contract Tower,3,57,26,0,86,0,0,0,0,0,3,57,26,0,86,0,0,0,86
10/17/2006,ATW,WI,AGL,CE,Federal Contract Tower,6,65,32,0,103,0,0,3,0,3,6,65,35,0,106,0,0,0,106
10/18/2006,ATW,WI,AGL,CE,Federal Contract Tower,5,59,45,0,109,0,0,4,0,4,5,59,49,0,113,0,0,0,113
10/19/2006,ATW,WI,AGL,CE,Federal Contract Tower,5,59,27,0,91,0,0,19,0,19,5,59,46,0,110,4,0,4,114
10/20/2006,ATW,WI,AGL,CE,Federal Contract Tower,6,52,29,0,87,0,0,21,0,21,6,52,50,0,108,12,0,12,120
10/21/2006,ATW,WI,AGL,CE,Federal Contract Tower,2,40,9,0,51,0,0,15,0,15,2,40,24,0,66,2,0,2,68
10/22/2006,ATW,WI,AGL,CE,Federal Contract Tower,0,45,12,0,57,0,0,14,0,14,0,45,26,0,71,6,0,6,77
10/23/2006,ATW,WI,AGL,CE,Federal Contract Tower,3,62,21,0,86,0,0,15,0,15,3,62,36,0,101,14,0,14,115
10/24/2006,ATW,WI,AGL,CE,Federal Contract Tower,5,61,35,0,101,0,0,30,0,30,5,61,65,0,131,24,0,24,155
10/25/2006,ATW,WI,AGL,CE,Federal Contract Tower,5,63,38,0,106,0,0,49,0,49,5,63,87,0,155,18,0,18,173
10/26/2006,ATW,WI,AGL,CE,Federal Contract Tower,6,61,40,0,107,0,0,39,2,41,6,61,79,2,148,16,0,16,164
10/27/2006,ATW,WI,AGL,CE,Federal Contract Tower,4,57,24,0,85,0,0,34,0,34,4,57,58,0,119,26,0,26,145
10/28/2006,ATW,WI,AGL,CE,Federal Contract Tower,2,43,2,0,47,0,0,13,0,13,2,43,15,0,60,4,0,4,64
10/29/2006,ATW,WI,AGL,CE,Federal Contract Tower,0,49,11,0,60,0,0,17,0,17,0,49,28,0,77,10,0,10,87
10/30/2006,ATW,WI,AGL,CE,Federal Contract Tower,4,60,18,0,82,0,0,34,0,34,4,60,52,0,116,50,0,50,166
10/31/2006,ATW,WI,AGL,CE,Federal Contract Tower,5,57,33,0,95,0,0,21,0,21,5,57,54,0,116,20,0,20,136
11/01/2006,ATW,WI,AGL,CE,Federal Contract Tower,5,60,21,0,86,0,0,34,0,34,5,60,55,0,120,10,0,10,130
11/02/2006,ATW,WI,AGL,CE,Federal Contract Tower,5,64,32,0,101,0,0,33,0,33,5,64,65,0,134,34,0,34,168
11/03/2006,ATW,WI,AGL,CE,Federal Contract Tower,4,59,29,0,92,0,0,76,0,76,4,59,105,0,168,22,0,22,190
11/04/2006,ATW,WI,AGL,CE,Federal Contract Tower,2,44,2,0,48,0,0,27,0,27,2,44,29,0,75,2,0,2,77
11/05/2006,ATW,WI,AGL,CE,Federal Contract Tower,0,49,7,0,56,0,0,51,0,51,0,49,58,0,107,28,0,28,135
11/06/2006,ATW,WI,AGL,CE,Federal Contract Tower,3,59,25,0,87,0,0,21,0,21,3,59,46,0,108,0,0,0,108
11/07/2006,ATW,WI,AGL,CE,Federal Contract Tower,5,53,30,0,88,0,0,0,0,0,5,53,30,0,88,0,0,0,88
11/08/2006,ATW,WI,AGL,CE,Federal Contract Tower,5,61,19,0,85,0,0,32,0,32,5,61,51,0,117,8,0,8,125
11/09/2006,ATW,WI,AGL,CE,Federal Contract Tower,5,64,36,0,105,0,0,64,0,64,5,64,100,0,169,4,0,4,173
11/10/2006,ATW,WI,AGL,CE,Federal Contract Tower,4,55,27,0,86,0,0,12,0,12,4,55,39,0,98,8,0,8,106
11/11/2006,ATW,WI,AGL,CE,Federal Contract Tower,2,40,4,0,46,0,0,12,0,12,2,40,16,0,58,6,0,6,64
11/12/2006,ATW,WI,AGL,CE,Federal Contract Tower,0,50,11,0,61,0,0,33,0,33,0,50,44,0,94,30,0,30,124
11/13/2006,ATW,WI,AGL,CE,Federal Contract Tower,3,55,15,0,73,0,0,3,0,3,3,55,18,0,76,0,0,0,76
11/14/2006,ATW,WI,AGL,CE,Federal Contract Tower,5,60,19,0,84,0,0,19,0,19,5,60,38,0,103,0,0,0,103
11/15/2006,ATW,WI,AGL,CE,Federal Contract Tower,4,66,33,0,103,0,0,7,2,9,4,66,40,2,112,14,0,14,126
11/16/2006,ATW,WI,AGL,CE,Federal Contract Tower,7,59,31,0,97,0,0,14,2,16,7,59,45,2,113,6,0,6,119
11/17/2006,ATW,WI,AGL,CE,Federal Contract Tower,5,63,36,0,104,0,0,36,0,36,5,63,72,0,140,34,0,34,174
11/18/2006,ATW,WI,AGL,CE,Federal Contract Tower,4,41,11,0,56,0,0,22,0,22,4,41,33,0,78,26,0,26,104
11/19/2006,ATW,WI,AGL,CE,Federal Contract Tower,0,47,15,0,62,0,0,46,0,46,0,47,61,0,108,26,0,26,134
11/20/2006,ATW,WI,AGL,CE,Federal Contract Tower,3,54,26,0,83,0,0,28,0,28,3,54,54,0,111,10,0,10,121
11/21/2006,ATW,WI,AGL,CE,Federal Contract Tower,5,63,38,0,106,0,0,28,0,28,5,63,66,0,134,44,0,44,178
11/22/2006,ATW,WI,AGL,CE,Federal Contract Tower,5,58,37,0,100,0,0,46,0,46,5,58,83,0,146,10,0,10,156
11/23/2006,ATW,WI,AGL,CE,Federal Contract Tower,0,32,1,0,33,0,0,37,0,37,0,32,38,0,70,10,0,10,80
11/24/2006,ATW,WI,AGL,CE,Federal Contract Tower,4,33,13,3,53,0,0,41,0,41,4,33,54,3,94,10,6,16,110
11/25/2006,ATW,WI,AGL,CE,Federal Contract Tower,1,45,10,1,57,0,0,41,0,41,1,45,51,1,98,6,0,6,104
11/26/2006,ATW,WI,AGL,CE,Federal Contract Tower,4,52,25,0,81,0,0,0,0,0,4,52,25,0,81,0,0,0,81
11/27/2006,ATW,WI,AGL,CE,Federal Contract Tower,3,59,19,0,81,0,0,0,0,0,3,59,19,0,81,0,0,0,81
11/28/2006,ATW,WI,AGL,CE,Federal Contract Tower,6,57,35,0,98,0,0,1,0,1,6,57,36,0,99,0,0,0,99
11/29/2006,ATW,WI,AGL,CE,Federal Contract Tower,5,53,24,0,82,0,0,1,0,1,5,53,25,0,83,0,0,0,83
11/30/2006,ATW,WI,AGL,CE,Federal Contract Tower,5,62,31,0,98,0,0,14,0,14,5,62,45,0,112,16,0,16,128
12/01/2006,ATW,WI,AGL,CE,Federal Contract Tower,8,39,15,0,62,0,0,5,0,5,8,39,20,0,67,0,0,0,67
12/02/2006,ATW,WI,AGL,CE,Federal Contract Tower,4,41,11,0,56,0,0,31,0,31,4,41,42,0,87,0,0,0,87
12/03/2006,ATW,WI,AGL,CE,Federal Contract Tower,0,47,7,0,54,0,0,6,0,6,0,47,13,0,60,2,0,2,62
12/04/2006,ATW,WI,AGL,CE,Federal Contract Tower,3,61,25,0,89,0,0,3,0,3,3,61,28,0,92,0,0,0,92
12/05/2006,ATW,WI,AGL,CE,Federal Contract Tower,7,56,21,0,84,0,0,8,0,8,7,56,29,0,92,0,0,0,92
12/06/2006,ATW,WI,AGL,CE,Federal Contract Tower,5,58,29,0,92,0,0,19,2,21,5,58,48,2,113,16,0,16,129
12/07/2006,ATW,WI,AGL,CE,Federal Contract Tower,6,53,61,1,121,0,0,0,0,0,6,53,61,1,121,10,0,10,131
12/08/2006,ATW,WI,AGL,CE,Federal Contract Tower,4,59,29,2,94,0,0,28,0,28,4,59,57,2,122,12,0,12,134
12/09/2006,ATW,WI,AGL,CE,Federal Contract Tower,2,39,8,0,49,0,0,53,0,53,2,39,61,0,102,36,0,36,138
12/10/2006,ATW,WI,AGL,CE,Federal Contract Tower,0,46,7,0,53,0,0,39,0,39,0,46,46,0,92,26,0,26,118
12/11/2006,ATW,WI,AGL,CE,Federal Contract Tower,3,60,13,0,76,0,0,10,0,10,3,60,23,0,86,4,0,4,90
12/12/2006,ATW,WI,AGL,CE,Federal Contract Tower,8,27,11,0,46,0,0,0,0,0,8,27,11,0,46,0,0,0,46
12/13/2006,ATW,WI,AGL,CE,Federal Contract Tower,5,65,46,0,116,0,0,23,2,25,5,65,69,2,141,26,0,26,167
12/14/2006,ATW,WI,AGL,CE,Federal Contract Tower,6,66,48,0,120,0,0,30,0,30,6,66,78,0,150,28,0,28,178
12/15/2006,ATW,WI,AGL,CE,Federal Contract Tower,5,53,29,0,87,0,0,35,0,35,5,53,64,0,122,14,0,14,136
12/16/2006,ATW,WI,AGL,CE,Federal Contract Tower,4,35,5,0,44,0,0,34,0,34,4,35,39,0,78,0,0,0,78
12/17/2006,ATW,WI,AGL,CE,Federal Contract Tower,0,41,10,0,51,0,0,31,0,31,0,41,41,0,82,32,0,32,114
12/18/2006,ATW,WI,AGL,CE,Federal Contract Tower,3,57,24,0,84,0,0,44,0,44,3,57,68,0,128,30,0,30,158
12/19/2006,ATW,WI,AGL,CE,Federal Contract Tower,5,57,33,0,95,0,0,47,0,47,5,57,80,0,142,14,0,14,156
12/20/2006,ATW,WI,AGL,CE,Federal Contract Tower,8,60,28,0,96,0,0,50,1,51,8,60,78,1,147,30,0,30,177
12/21/2006,ATW,WI,AGL,CE,Federal Contract Tower,5,56,26,0,87,0,0,9,0,9,5,56,35,0,96,4,0,4,100
12/22/2006,ATW,WI,AGL,CE,Federal Contract Tower,6,60,8,0,74,0,0,0,1,1,6,60,8,1,75,0,0,0,75
12/23/2006,ATW,WI,AGL,CE,Federal Contract Tower,3,45,8,0,56,0,0,2,0,2,3,45,10,0,58,0,0,0,58
12/24/2006,ATW,WI,AGL,CE,Federal Contract Tower,0,41,2,0,43,0,0,43,0,43,0,41,45,0,86,0,0,0,86
12/25/2006,ATW,WI,AGL,CE,Federal Contract Tower,0,43,0,0,43,0,0,1,0,1,0,43,1,0,44,0,0,0,44
12/26/2006,ATW,WI,AGL,CE,Federal Contract Tower,4,55,18,0,77,0,0,23,0,23,4,55,41,0,100,6,0,6,106
12/27/2006,ATW,WI,AGL,CE,Federal Contract Tower,5,53,7,0,65,0,0,36,0,36,5,53,43,0,101,2,0,2,103
12/28/2006,ATW,WI,AGL,CE,Federal Contract Tower,5,54,11,0,70,0,0,1,0,1,5,54,12,0,71,4,0,4,75
12/29/2006,ATW,WI,AGL,CE,Federal Contract Tower,4,53,9,0,66,0,0,0,0,0,4,53,9,0,66,0,0,0,66
12/30/2006,ATW,WI,AGL,CE,Federal Contract Tower,2,34,8,0,44,0,0,0,0,0,2,34,8,0,44,0,0,0,44
12/31/2006,ATW,WI,AGL,CE,Federal Contract Tower,0,31,5,0,36,0,0,0,0,0,0,31,5,0,36,0,0,0,36
01/01/2007,ATW,WI,AGL,CE,Federal Contract Tower,0,46,4,0,50,0,0,25,0,25,0,46,29,0,75,16,0,16,91
01/02/2007,ATW,WI,AGL,CE,Federal Contract Tower,3,54,24,0,81,0,0,45,0,45,3,54,69,0,126,52,0,52,178
01/03/2007,ATW,WI,AGL,CE,Federal Contract Tower,5,57,13,0,75,0,0,43,0,43,5,57,56,0,118,12,0,12,130
01/04/2007,ATW,WI,AGL,CE,Federal Contract Tower,6,53,24,0,83,0,0,20,0,20,6,53,44,0,103,0,0,0,103
01/05/2007,ATW,WI,AGL,CE,Federal Contract Tower,4,58,27,0,89,0,0,11,0,11,4,58,38,0,100,0,0,0,100
01/06/2007,ATW,WI,AGL,CE,Federal Contract Tower,3,43,2,0,48,0,0,40,0,40,3,43,42,0,88,30,0,30,118
01/07/2007,ATW,WI,AGL,CE,Federal Contract Tower,0,40,7,0,47,0,0,23,0,23,0,40,30,0,70,8,0,8,78
01/08/2007,ATW,WI,AGL,CE,Federal Contract Tower,3,57,15,0,75,0,0,29,0,29,3,57,44,0,104,12,0,12,116
01/09/2007,ATW,WI,AGL,CE,Federal Contract Tower,5,55,26,0,86,0,0,22,0,22,5,55,48,0,108,0,0,0,108
01/10/2007,ATW,WI,AGL,CE,Federal Contract Tower,5,65,22,0,92,0,0,16,0,16,5,65,38,0,108,6,0,6,114
01/11/2007,ATW,WI,AGL,CE,Federal Contract Tower,5,61,17,0,83,0,0,21,0,21,5,61,38,0,104,6,0,6,110
01/12/2007,ATW,WI,AGL,CE,Federal Contract Tower,4,54,12,0,70,0,0,6,0,6,4,54,18,0,76,0,0,0,76
01/13/2007,ATW,WI,AGL,CE,Federal Contract Tower,4,48,5,0,57,0,0,25,0,25,4,48,30,0,82,8,0,8,90
01/14/2007,ATW,WI,AGL,CE,Federal Contract Tower,0,45,3,0,48,0,0,22,0,22,0,45,25,0,70,14,0,14,84
01/15/2007,ATW,WI,AGL,CE,Federal Contract Tower,3,51,19,0,73,0,0,1,0,1,3,51,20,0,74,6,0,6,80
01/16/2007,ATW,WI,AGL,CE,Federal Contract Tower,6,62,21,0,89,0,0,45,0,45,6,62,66,0,134,24,0,24,158
01/17/2007,ATW,WI,AGL,CE,Federal Contract Tower,6,59,24,0,89,0,0,37,0,37,6,59,61,0,126,18,0,18,144
01/18/2007,ATW,WI,AGL,CE,Federal Contract Tower,5,56,27,1,89,0,0,2,2,4,5,56,29,3,93,16,0,16,109
01/19/2007,ATW,WI,AGL,CE,Federal Contract Tower,4,62,23,0,89,0,0,10,0,10,4,62,33,0,99,4,0,4,103
01/20/2007,ATW,WI,AGL,CE,Federal Contract Tower,1,43,8,0,52,0,0,56,0,56,1,43,64,0,108,28,0,28,136
01/21/2007,ATW,WI,AGL,CE,Federal Contract Tower,0,32,3,0,35,0,0,0,0,0,0,32,3,0,35,0,0,0,35
01/22/2007,ATW,WI,AGL,CE,Federal Contract Tower,3,60,15,0,78,0,0,3,0,3,3,60,18,0,81,10,0,10,91
01/23/2007,ATW,WI,AGL,CE,Federal Contract Tower,5,58,33,0,96,0,0,17,0,17,5,58,50,0,113,0,0,0,113
01/24/2007,ATW,WI,AGL,CE,Federal Contract Tower,6,64,19,0,89,0,0,32,4,36,6,64,51,4,125,13,0,13,138
01/25/2007,ATW,WI,AGL,CE,Federal Contract Tower,6,60,27,0,93,0,0,38,0,38,6,60,65,0,131,32,0,32,163
01/26/2007,ATW,WI,AGL,CE,Federal Contract Tower,5,59,16,0,80,0,0,8,0,8,5,59,24,0,88,34,0,34,122
01/27/2007,ATW,WI,AGL,CE,Federal Contract Tower,2,43,6,0,51,0,0,40,0,40,2,43,46,0,91,4,0,4,95
01/28/2007,ATW,WI,AGL,CE,Federal Contract Tower,0,45,13,0,58,0,0,31,0,31,0,45,44,0,89,16,0,16,105
01/29/2007,ATW,WI,AGL,CE,Federal Contract Tower,3,53,24,0,80,0,0,0,0,0,3,53,24,0,80,8,0,8,88
01/30/2007,ATW,WI,AGL,CE,Federal Contract Tower,7,53,14,0,74,0,0,14,0,14,7,53,28,0,88,6,0,6,94
01/31/2007,ATW,WI,AGL,CE,Federal Contract Tower,5,53,18,0,76,0,0,13,0,13,5,53,31,0,89,20,0,20,109
02/01/2007,ATW,WI,AGL,CE,Federal Contract Tower,5,59,20,0,84,0,0,12,0,12,5,59,32,0,96,10,0,10,106
02/02/2007,ATW,WI,AGL,CE,Federal Contract Tower,3,63,20,0,86,0,0,10,0,10,3,63,30,0,96,0,0,0,96
02/03/2007,ATW,WI,AGL,CE,Federal Contract Tower,2,46,2,0,50,0,0,1,0,1,2,46,3,0,51,0,0,0,51
02/04/2007,ATW,WI,AGL,CE,Federal Contract Tower,0,46,5,0,51,0,0,6,0,6,0,46,11,0,57,0,0,0,57
02/05/2007,ATW,WI,AGL,CE,Federal Contract Tower,3,57,39,0,99,0,0,17,0,17,3,57,56,0,116,0,0,0,116
02/06/2007,ATW,WI,AGL,CE,Federal Contract Tower,5,53,17,8,83,0,0,7,2,9,5,53,24,10,92,0,28,28,120
02/07/2007,ATW,WI,AGL,CE,Federal Contract Tower,8,65,40,0,113,0,0,23,0,23,8,65,63,0,136,10,0,10,146
02/08/2007,ATW,WI,AGL,CE,Federal Contract Tower,5,55,40,0,100,0,0,32,0,32,5,55,72,0,132,4,0,4,136
02/09/2007,ATW,WI,AGL,CE,Federal Contract Tower,4,59,22,0,85,0,0,33,0,33,4,59,55,0,118,2,0,2,120
02/10/2007,ATW,WI,AGL,CE,Federal Contract Tower,2,43,17,0,62,0,0,69,0,69,2,43,86,0,131,12,0,12,143
02/11/2007,ATW,WI,AGL,CE,Federal Contract Tower,0,43,17,0,60,0,0,20,0,20,0,43,37,0,80,10,0,10,90
02/12/2007,ATW,WI,AGL,CE,Federal Contract Tower,3,56,20,0,79,0,0,15,0,15,3,56,35,0,94,28,0,28,122
02/13/2007,ATW,WI,AGL,CE,Federal Contract Tower,4,44,26,0,74,0,0,17,0,17,4,44,43,0,91,22,0,22,113
02/14/2007,ATW,WI,AGL,CE,Federal Contract Tower,6,53,16,0,75,0,0,20,0,20,6,53,36,0,95,0,0,0,95
02/15/2007,ATW,WI,AGL,CE,Federal Contract Tower,5,65,28,0,98,0,0,36,0,36,5,65,64,0,134,26,0,26,160
02/16/2007,ATW,WI,AGL,CE,Federal Contract Tower,4,58,25,0,87,0,0,34,0,34,4,58,59,0,121,14,0,14,135
02/17/2007,ATW,WI,AGL,CE,Federal Contract Tower,2,38,10,0,50,0,0,32,0,32,2,38,42,0,82,18,0,18,100
02/18/2007,ATW,WI,AGL,CE,Federal Contract Tower,0,47,13,0,60,0,0,36,0,36,0,47,49,0,96,22,0,22,118
02/19/2007,ATW,WI,AGL,CE,Federal Contract Tower,3,65,18,0,86,0,0,14,0,14,3,65,32,0,100,10,0,10,110
02/20/2007,ATW,WI,AGL,CE,Federal Contract Tower,5,64,24,0,93,0,0,29,0,29,5,64,53,0,122,34,0,34,156
02/21/2007,ATW,WI,AGL,CE,Federal Contract Tower,5,57,30,0,92,0,0,30,0,30,5,57,60,0,122,10,0,10,132
02/22/2007,ATW,WI,AGL,CE,Federal Contract Tower,5,59,24,0,88,0,0,20,2,22,5,59,44,2,110,0,0,0,110
02/23/2007,ATW,WI,AGL,CE,Federal Contract Tower,4,61,24,0,89,0,0,20,0,20,4,61,44,0,109,0,0,0,109
02/24/2007,ATW,WI,AGL,CE,Federal Contract Tower,2,32,4,0,38,0,0,1,0,1,2,32,5,0,39,0,0,0,39
02/25/2007,ATW,WI,AGL,CE,Federal Contract Tower,0,27,4,0,31,0,0,0,0,0,0,27,4,0,31,0,0,0,31
02/26/2007,ATW,WI,AGL,CE,Federal Contract Tower,3,58,14,0,75,0,0,0,0,0,3,58,14,0,75,0,0,0,75
02/27/2007,ATW,WI,AGL,CE,Federal Contract Tower,5,57,25,0,87,0,0,9,0,9,5,57,34,0,96,34,0,34,130
02/28/2007,ATW,WI,AGL,CE,Federal Contract Tower,4,69,24,0,97,0,0,2,0,2,4,69,26,0,99,10,0,10,109
03/01/2007,ATW,WI,AGL,CE,Federal Contract Tower,7,34,3,0,44,0,0,1,0,1,7,34,4,0,45,0,0,0,45
03/02/2007,ATW,WI,AGL,CE,Federal Contract Tower,4,48,7,0,59,0,0,1,0,1,4,48,8,0,60,0,0,0,60
03/03/2007,ATW,WI,AGL,CE,Federal Contract Tower,2,40,9,0,51,0,0,7,0,7,2,40,16,0,58,6,0,6,64
03/04/2007,ATW,WI,AGL,CE,Federal Contract Tower,0,42,2,0,44,0,0,33,0,33,0,42,35,0,77,20,0,20,97
03/05/2007,ATW,WI,AGL,CE,Federal Contract Tower,3,60,27,0,90,0,0,25,0,25,3,60,52,0,115,6,0,6,121
03/06/2007,ATW,WI,AGL,CE,Federal Contract Tower,6,63,24,0,93,0,0,3,0,3,6,63,27,0,96,0,0,0,96
03/07/2007,ATW,WI,AGL,CE,Federal Contract Tower,7,58,24,0,89,0,0,21,0,21,7,58,45,0,110,14,0,14,124
03/08/2007,ATW,WI,AGL,CE,Federal Contract Tower,5,59,30,0,94,0,0,13,0,13,5,59,43,0,107,14,0,14,121
03/09/2007,ATW,WI,AGL,CE,Federal Contract Tower,5,60,30,0,95,0,0,38,0,38,5,60,68,0,133,22,0,22,155
03/10/2007,ATW,WI,AGL,CE,Federal Contract Tower,2,47,2,0,51,0,0,75,0,75,2,47,77,0,126,40,0,40,166
03/11/2007,ATW,WI,AGL,CE,Federal Contract Tower,0,44,9,0,53,0,0,46,0,46,0,44,55,0,99,26,0,26,125
03/12/2007,ATW,WI,AGL,CE,Federal Contract Tower,4,61,16,0,81,0,0,17,0,17,4,61,33,0,98,22,0,22,120
03/13/2007,ATW,WI,AGL,CE,Federal Contract Tower,5,63,31,0,99,0,0,29,0,29,5,63,60,0,128,14,0,14,142
03/14/2007,ATW,WI,AGL,CE,Federal Contract Tower,5,62,15,0,82,0,0,2,0,2,5,62,17,0,84,4,0,4,88
03/15/2007,ATW,WI,AGL,CE,Federal Contract Tower,5,63,13,0,81,0,0,25,0,25,5,63,38,0,106,0,0,0,106
03/16/2007,ATW,WI,AGL,CE,Federal Contract Tower,4,57,42,0,103,0,0,35,0,35,4,57,77,0,138,64,0,64,202
03/17/2007,ATW,WI,AGL,CE,Federal Contract Tower,2,49,10,0,61,0,0,63,0,63,2,49,73,0,124,24,0,24,148
03/18/2007,ATW,WI,AGL,CE,Federal Contract Tower,0,44,7,0,51,0,0,40,2,42,0,44,47,2,93,24,0,24,117
03/19/2007,ATW,WI,AGL,CE,Federal Contract Tower,3,63,15,0,81,0,0,16,0,16,3,63,31,0,97,6,0,6,103
03/20/2007,ATW,WI,AGL,CE,Federal Contract Tower,5,57,34,1,97,0,0,31,0,31,5,57,65,1,128,34,9,43,171
03/21/2007,ATW,WI,AGL,CE,Federal Contract Tower,5,52,28,0,85,0,0,3,0,3,5,52,31,0,88,0,0,0,88
03/22/2007,ATW,WI,AGL,CE,Federal Contract Tower,5,68,25,0,98,0,0,29,0,29,5,68,54,0,127,22,0,22,149
03/23/2007,ATW,WI,AGL,CE,Federal Contract Tower,4,59,30,0,93,0,0,42,0,42,4,59,72,0,135,50,0,50,185
03/24/2007,ATW,WI,AGL,CE,Federal Contract Tower,2,31,6,0,39,0,0,22,0,22,2,31,28,0,61,4,0,4,65
03/25/2007,ATW,WI,AGL,CE,Federal Contract Tower,0,38,4,0,42,0,0,2,0,2,0,38,6,0,44,0,0,0,44
03/26/2007,ATW,WI,AGL,CE,Federal Contract Tower,3,58,23,0,84,0,0,25,0,25,3,58,48,0,109,6,0,6,115
03/27/2007,ATW,WI,AGL,CE,Federal Contract Tower,5,58,17,0,80,0,0,0,0,0,5,58,17,0,80,0,0,0,80
03/28/2007,ATW,WI,AGL,CE,Federal Contract Tower,6,61,28,0,95,0,0,6,0,6,6,61,34,0,101,8,0,8,109
03/29/2007,ATW,WI,AGL,CE,Federal Contract Tower,5,57,31,0,93,0,0,14,0,14,5,57,45,0,107,0,0,0,107
03/30/2007,ATW,WI,AGL,CE,Federal Contract Tower,4,55,16,0,75,0,0,29,0,29,4,55,45,0,104,20,0,20,124
03/31/2007,ATW,WI,AGL,CE,Federal Contract Tower,2,44,7,0,53,0,0,15,0,15,2,44,22,0,68,10,0,10,78
04/01/2007,ATW,WI,AGL,CE,Federal Contract Tower,0,45,8,0,53,0,0,8,0,8,0,45,16,0,61,10,0,10,71
04/02/2007,ATW,WI,AGL,CE,Federal Contract Tower,3,61,19,0,83,0,0,9,0,9,3,61,28,0,92,6,0,6,98
04/03/2007,ATW,WI,AGL,CE,Federal Contract Tower,5,49,3,0,57,0,0,0,0,0,5,49,3,0,57,0,0,0,57
04/04/2007,ATW,WI,AGL,CE,Federal Contract Tower,5,65,19,0,89,0,0,0,0,0,5,65,19,0,89,0,0,0,89
04/05/2007,ATW,WI,AGL,CE,Federal Contract Tower,5,61,26,0,92,0,0,20,0,20,5,61,46,0,112,16,0,16,128
04/06/2007,ATW,WI,AGL,CE,Federal Contract Tower,4,55,31,0,90,0,0,21,0,21,4,55,52,0,111,14,0,14,125
04/07/2007,ATW,WI,AGL,CE,Federal Contract Tower,2,44,7,0,53,0,0,8,0,8,2,44,15,0,61,14,0,14,75
04/08/2007,ATW,WI,AGL,CE,Federal Contract Tower,0,44,8,0,52,0,0,30,0,30,0,44,38,0,82,4,0,4,86
04/09/2007,ATW,WI,AGL,CE,Federal Contract Tower,3,59,19,0,81,0,0,6,0,6,3,59,25,0,87,4,0,4,91
04/10/2007,ATW,WI,AGL,CE,Federal Contract Tower,5,63,18,0,86,0,0,10,0,10,5,63,28,0,96,38,0,38,134
04/11/2007,ATW,WI,AGL,CE,Federal Contract Tower,5,55,7,0,67,0,0,0,0,0,5,55,7,0,67,0,0,0,67
04/12/2007,ATW,WI,AGL,CE,Federal Contract Tower,5,55,16,0,76,0,0,4,0,4,5,55,20,0,80,8,0,8,88
04/13/2007,ATW,WI,AGL,CE,Federal Contract Tower,4,63,16,0,83,0,0,43,0,43,4,63,59,0,126,8,0,8,134
04/14/2007,ATW,WI,AGL,CE,Federal Contract Tower,2,46,10,0,58,0,0,53,0,53,2,46,63,0,111,10,0,10,121
04/15/2007,ATW,WI,AGL,CE,Federal Contract Tower,0,43,11,0,54,0,0,48,0,48,0,43,59,0,102,24,0,24,126
04/16/2007,ATW,WI,AGL,CE,Federal Contract Tower,3,63,26,0,92,0,0,62,0,62,3,63,88,0,154,16,0,16,170
04/17/2007,ATW,WI,AGL,CE,Federal Contract Tower,5,63,23,0,91,0,0,29,0,29,5,63,52,0,120,6,0,6,126
04/18/2007,ATW,WI,AGL,CE,Federal Contract Tower,5,66,23,0,94,0,0,32,0,32,5,66,55,0,126,24,0,24,150
04/19/2007,ATW,WI,AGL,CE,Federal Contract Tower,5,65,32,0,102,0,0,29,0,29,5,65,61,0,131,36,0,36,167
04/20/2007,ATW,WI,AGL,CE,Federal Contract Tower,4,60,18,0,82,0,0,60,0,60,4,60,78,0,142,32,0,32,174
04/21/2007,ATW,WI,AGL,CE,Federal Contract Tower,2,48,9,0,59,0,0,50,0,50,2,48,59,0,109,10,0,10,119
04/22/2007,ATW,WI,AGL,CE,Federal Contract Tower,0,50,9,0,59,0,0,13,0,13,0,50,22,0,72,2,0,2,74
04/23/2007,ATW,WI,AGL,CE,Federal Contract Tower,3,58,20,0,81,0,0,16,0,16,3,58,36,0,97,4,0,4,101
04/24/2007,ATW,WI,AGL,CE,Federal Contract Tower,5,60,28,0,93,0,0,42,0,42,5,60,70,0,135,20,0,20,155
04/25/2007,ATW,WI,AGL,CE,Federal Contract Tower,5,64,34,0,103,0,0,23,0,23,5,64,57,0,126,20,0,20,146
04/26/2007,ATW,WI,AGL,CE,Federal Contract Tower,5,63,35,0,103,0,0,6,0,6,5,63,41,0,109,0,0,0,109
04/27/2007,ATW,WI,AGL,CE,Federal Contract Tower,4,58,19,0,81,0,0,27,0,27,4,58,46,0,108,32,0,32,140
04/28/2007,ATW,WI,AGL,CE,Federal Contract Tower,2,44,2,0,48,0,0,70,0,70,2,44,72,0,118,16,0,16,134
04/29/2007,ATW,WI,AGL,CE,Federal Contract Tower,0,44,6,0,50,0,0,44,0,44,0,44,50,0,94,8,0,8,102
04/30/2007,ATW,WI,AGL,CE,Federal Contract Tower,3,53,15,0,71,0,0,24,0,24,3,53,39,0,95,0,0,0,95
05/01/2007,ATW,WI,AGL,CE,Federal Contract Tower,5,61,30,0,96,0,0,23,0,23,5,61,53,0,119,8,0,8,127
05/02/2007,ATW,WI,AGL,CE,Federal Contract Tower,5,64,19,0,88,0,0,31,0,31,5,64,50,0,119,18,0,18,137
05/03/2007,ATW,WI,AGL,CE,Federal Contract Tower,5,66,33,0,104,0,0,67,0,67,5,66,100,0,171,8,0,8,179
05/04/2007,ATW,WI,AGL,CE,Federal Contract Tower,4,59,20,0,83,0,0,48,0,48,4,59,68,0,131,24,0,24,155
05/05/2007,ATW,WI,AGL,CE,Federal Contract Tower,2,46,6,0,54,0,0,26,0,26,2,46,32,0,80,2,0,2,82
05/06/2007,ATW,WI,AGL,CE,Federal Contract Tower,0,46,6,0,52,0,0,24,0,24,0,46,30,0,76,0,0,0,76
05/07/2007,ATW,WI,AGL,CE,Federal Contract Tower,3,61,22,2,88,0,0,31,0,31,3,61,53,2,119,30,0,30,149
05/08/2007,ATW,WI,AGL,CE,Federal Contract Tower,5,61,24,0,90,0,0,34,0,34,5,61,58,0,124,20,0,20,144
05/09/2007,ATW,WI,AGL,CE,Federal Contract Tower,5,63,23,0,91,0,0,35,0,35,5,63,58,0,126,4,0,4,130
05/10/2007,ATW,WI,AGL,CE,Federal Contract Tower,5,62,29,0,96,0,0,45,0,45,5,62,74,0,141,28,0,28,169
05/11/2007,ATW,WI,AGL,CE,Federal Contract Tower,5,59,16,0,80,0,0,41,0,41,5,59,57,0,121,12,0,12,133
05/12/2007,ATW,WI,AGL,CE,Federal Contract Tower,2,46,8,0,56,0,0,68,0,68,2,46,76,0,124,14,0,14,138
05/13/2007,ATW,WI,AGL,CE,Federal Contract Tower,0,46,14,0,60,0,0,26,0,26,0,46,40,0,86,14,0,14,100
05/14/2007,ATW,WI,AGL,CE,Federal Contract Tower,2,51,18,0,71,0,0,14,0,14,2,51,32,0,85,4,0,4,89
05/15/2007,ATW,WI,AGL,CE,Federal Contract Tower,5,49,28,0,82,0,0,10,0,10,5,49,38,0,92,0,0,0,92
05/16/2007,ATW,WI,AGL,CE,Federal Contract Tower,5,56,30,0,91,0,0,21,0,21,5,56,51,0,112,4,0,4,116
05/17/2007,ATW,WI,AGL,CE,Federal Contract Tower,5,61,25,0,91,0,0,76,0,76,5,61,101,0,167,50,0,50,217
05/18/2007,ATW,WI,AGL,CE,Federal Contract Tower,4,57,18,0,79,0,0,39,0,39,4,57,57,0,118,6,0,6,124
05/19/2007,ATW,WI,AGL,CE,Federal Contract Tower,2,44,1,0,47,0,0,39,0,39,2,44,40,0,86,4,0,4,90
05/20/2007,ATW,WI,AGL,CE,Federal Contract Tower,0,43,13,0,56,0,0,18,0,18,0,43,31,0,74,6,0,6,80
05/21/2007,ATW,WI,AGL,CE,Federal Contract Tower,3,57,30,0,90,0,0,37,0,37,3,57,67,0,127,8,0,8,135
05/22/2007,ATW,WI,AGL,CE,Federal Contract Tower,5,58,25,0,88,0,0,37,0,37,5,58,62,0,125,4,0,4,129
05/23/2007,ATW,WI,AGL,CE,Federal Contract Tower,5,64,18,0,87,0,0,25,0,25,5,64,43,0,112,0,0,0,112
05/24/2007,ATW,WI,AGL,CE,Federal Contract Tower,5,51,27,0,83,0,0,27,0,27,5,51,54,0,110,6,0,6,116
05/25/2007,ATW,WI,AGL,CE,Federal Contract Tower,4,55,15,0,74,0,0,53,0,53,4,55,68,0,127,28,0,28,155
05/26/2007,ATW,WI,AGL,CE,Federal Contract Tower,4,41,11,0,56,0,0,27,0,27,4,41,38,0,83,14,0,14,97
05/27/2007,ATW,WI,AGL,CE,Federal Contract Tower,0,38,9,0,47,0,0,27,0,27,0,38,36,0,74,16,0,16,90
05/28/2007,ATW,WI,AGL,CE,Federal Contract Tower,2,48,7,0,57,0,0,45,0,45,2,48,52,0,102,10,0,10,112
05/29/2007,ATW,WI,AGL,CE,Federal Contract Tower,3,56,19,0,78,0,0,33,0,33,3,56,52,0,111,6,0,6,117
05/30/2007,ATW,WI,AGL,CE,Federal Contract Tower,5,60,15,0,80,0,0,28,0,28,5,60,43,0,108,22,0,22,130
05/31/2007,ATW,WI,AGL,CE,Federal Contract Tower,5,55,42,0,102,0,0,34,0,34,5,55,76,0,136,2,0,2,138
06/01/2007,ATW,WI,AGL,CE,Federal Contract Tower,4,60,17,1,82,0,0,28,0,28,4,60,45,1,110,4,0,4,114
06/02/2007,ATW,WI,AGL,CE,Federal Contract Tower,0,42,9,0,51,0,0,18,0,18,0,42,27,0,69,12,0,12,81
06/03/2007,ATW,WI,AGL,CE,Federal Contract Tower,0,41,15,0,56,0,0,14,0,14,0,41,29,0,70,6,0,6,76
06/04/2007,ATW,WI,AGL,CE,Federal Contract Tower,4,50,18,0,72,0,0,10,0,10,4,50,28,0,82,18,0,18,100
06/05/2007,ATW,WI,AGL,CE,Federal Contract Tower,5,62,28,0,95,0,0,38,0,38,5,62,66,0,133,14,0,14,147
06/06/2007,ATW,WI,AGL,CE,Federal Contract Tower,5,63,18,0,86,0,0,25,0,25,5,63,43,0,111,34,0,34,145
06/07/2007,ATW,WI,AGL,CE,Federal Contract Tower,5,54,13,0,72,0,0,12,0,12,5,54,25,0,84,12,0,12,96
06/08/2007,ATW,WI,AGL,CE,Federal Contract Tower,4,54,29,0,87,0,0,30,0,30,4,54,59,0,117,6,0,6,123
06/09/2007,ATW,WI,AGL,CE,Federal Contract Tower,2,39,7,0,48,0,0,64,0,64,2,39,71,0,112,42,0,42,154
06/10/2007,ATW,WI,AGL,CE,Federal Contract Tower,0,46,11,0,57,0,0,48,0,48,0,46,59,0,105,10,0,10,115
06/11/2007,ATW,WI,AGL,CE,Federal Contract Tower,3,57,15,0,75,0,0,52,0,52,3,57,67,0,127,14,0,14,141
06/12/2007,ATW,WI,AGL,CE,Federal Contract Tower,6,63,31,0,100,0,0,59,0,59,6,63,90,0,159,38,0,38,197
06/13/2007,ATW,WI,AGL,CE,Federal Contract Tower,5,59,32,0,96,0,0,55,0,55,5,59,87,0,151,20,0,20,171
06/14/2007,ATW,WI,AGL,CE,Federal Contract Tower,5,65,17,0,87,0,0,53,0,53,5,65,70,0,140,32,0,32,172
06/15/2007,ATW,WI,AGL,CE,Federal Contract Tower,4,64,21,0,89,0,0,61,0,61,4,64,82,0,150,42,0,42,192
06/16/2007,ATW,WI,AGL,CE,Federal Contract Tower,2,40,7,0,49,0,0,39,0,39,2,40,46,0,88,18,0,18,106
06/17/2007,ATW,WI,AGL,CE,Federal Contract Tower,0,48,15,0,63,0,0,43,0,43,0,48,58,0,106,64,0,64,170
06/18/2007,ATW,WI,AGL,CE,Federal Contract Tower,3,54,13,0,70,0,0,24,0,24,3,54,37,0,94,10,0,10,104
06/19/2007,ATW,WI,AGL,CE,Federal Contract Tower,6,61,15,0,82,0,0,44,0,44,6,61,59,0,126,4,0,4,130
06/20/2007,ATW,WI,AGL,CE,Federal Contract Tower,5,66,33,0,104,0,0,39,0,39,5,66,72,0,143,22,0,22,165
06/21/2007,ATW,WI,AGL,CE,Federal Contract Tower,5,66,31,0,102,0,0,55,0,55,5,66,86,0,157,28,0,28,185
06/22/2007,ATW,WI,AGL,CE,Federal Contract Tower,5,64,24,0,93,0,0,47,6,53,5,64,71,6,146,38,0,38,184
06/23/2007,ATW,WI,AGL,CE,Federal Contract Tower,2,40,11,0,53,0,0,52,0,52,2,40,63,0,105,30,0,30,135
06/24/2007,ATW,WI,AGL,CE,Federal Contract Tower,0,54,17,0,71,0,0,59,0,59,0,54,76,0,130,18,0,18,148
06/25/2007,ATW,WI,AGL,CE,Federal Contract Tower,3,56,32,0,91,0,0,40,0,40,3,56,72,0,131,12,0,12,143
06/26/2007,ATW,WI,AGL,CE,Federal Contract Tower,5,62,41,0,108,0,0,20,0,20,5,62,61,0,128,50,0,50,178
06/27/2007,ATW,WI,AGL,CE,Federal Contract Tower,5,56,20,0,81,0,0,41,0,41,5,56,61,0,122,50,0,50,172
06/28/2007,ATW,WI,AGL,CE,Federal Contract Tower,5,68,23,0,96,0,0,41,0,41,5,68,64,0,137,10,0,10,147
06/29/2007,ATW,WI,AGL,CE,Federal Contract Tower,4,47,30,0,81,0,0,69,0,69,4,47,99,0,150,26,0,26,176
06/30/2007,ATW,WI,AGL,CE,Federal Contract Tower,2,38,5,0,45,0,0,44,0,44,2,38,49,0,89,18,0,18,107
07/01/2007,ATW,WI,AGL,CE,Federal Contract Tower,0,44,9,0,53,0,0,41,0,41,0,44,50,0,94,14,0,14,108
07/02/2007,ATW,WI,AGL,CE,Federal Contract Tower,3,63,15,0,81,0,0,47,0,47,3,63,62,0,128,34,0,34,162
07/03/2007,ATW,WI,AGL,CE,Federal Contract Tower,5,49,30,0,84,0,0,0,0,0,5,49,30,0,84,12,0,12,96
07/04/2007,ATW,WI,AGL,CE,Federal Contract Tower,0,40,14,0,54,0,0,13,0,13,0,40,27,0,67,0,0,0,67
07/05/2007,ATW,WI,AGL,CE,Federal Contract Tower,4,50,11,0,65,0,0,30,2,32,4,50,41,2,97,6,0,6,103
07/06/2007,ATW,WI,AGL,CE,Federal Contract Tower,4,50,13,0,67,0,0,42,0,42,4,50,55,0,109,24,0,24,133
07/07/2007,ATW,WI,AGL,CE,Federal Contract Tower,2,40,7,0,49,0,0,39,0,39,2,40,46,0,88,10,0,10,98
07/08/2007,ATW,WI,AGL,CE,Federal Contract Tower,0,47,3,0,50,0,0,31,0,31,0,47,34,0,81,0,0,0,81
07/09/2007,ATW,WI,AGL,CE,Federal Contract Tower,3,54,32,0,89,0,0,17,2,19,3,54,49,2,108,8,0,8,116
07/10/2007,ATW,WI,AGL,CE,Federal Contract Tower,5,53,27,0,85,0,0,20,0,20,5,53,47,0,105,8,0,8,113
07/11/2007,ATW,WI,AGL,CE,Federal Contract Tower,5,57,28,0,90,0,0,32,0,32,5,57,60,0,122,14,0,14,136
07/12/2007,ATW,WI,AGL,CE,Federal Contract Tower,5,58,29,0,92,0,0,44,2,46,5,58,73,2,138,8,0,8,146
07/13/2007,ATW,WI,AGL,CE,Federal Contract Tower,4,60,17,0,81,0,0,89,0,89,4,60,106,0,170,40,0,40,210
07/14/2007,ATW,WI,AGL,CE,Federal Contract Tower,1,38,12,0,51,1,0,38,0,39,2,38,50,0,90,10,0,10,100
07/15/2007,ATW,WI,AGL,CE,Federal Contract Tower,0,48,8,0,56,0,0,45,0,45,0,48,53,0,101,16,0,16,117
07/16/2007,ATW,WI,AGL,CE,Federal Contract Tower,5,58,17,0,80,0,0,36,0,36,5,58,53,0,116,16,0,16,132
07/17/2007,ATW,WI,AGL,CE,Federal Contract Tower,5,53,33,0,91,0,0,34,0,34,5,53,67,0,125,40,0,40,165
07/18/2007,ATW,WI,AGL,CE,Federal Contract Tower,5,59,30,0,94,0,0,29,0,29,5,59,59,0,123,16,0,16,139
07/19/2007,ATW,WI,AGL,CE,Federal Contract Tower,7,57,35,0,99,0,0,39,3,42,7,57,74,3,141,20,0,20,161
07/20/2007,ATW,WI,AGL,CE,Federal Contract Tower,4,63,30,0,97,0,0,94,0,94,4,63,124,0,191,54,0,54,245
07/21/2007,ATW,WI,AGL,CE,Federal Contract Tower,2,38,25,0,65,0,0,148,0,148,2,38,173,0,213,12,0,12,225
07/22/2007,ATW,WI,AGL,CE,Federal Contract Tower,1,49,57,0,107,0,0,224,4,228,1,49,281,4,335,4,0,4,339
07/23/2007,ATW,WI,AGL,CE,Federal Contract Tower,3,72,49,0,124,0,0,131,0,131,3,72,180,0,255,14,0,14,269
07/24/2007,ATW,WI,AGL,CE,Federal Contract Tower,5,69,67,0,141,0,0,249,0,249,5,69,316,0,390,106,0,106,496
07/25/2007,ATW,WI,AGL,CE,Federal Contract Tower,5,76,128,0,209,0,0,297,4,301,5,76,425,4,510,26,0,26,536
07/26/2007,ATW,WI,AGL,CE,Federal Contract Tower,5,63,112,0,180,0,0,192,0,192,5,63,304,0,372,12,0,12,384
07/27/2007,ATW,WI,AGL,CE,Federal Contract Tower,4,65,120,0,189,0,0,131,0,131,4,65,251,0,320,0,0,0,320
07/28/2007,ATW,WI,AGL,CE,Federal Contract Tower,2,45,69,0,116,0,0,219,0,219,2,45,288,0,335,62,0,62,397
07/29/2007,ATW,WI,AGL,CE,Federal Contract Tower,0,53,52,0,105,0,0,209,0,209,0,53,261,0,314,18,0,18,332
07/30/2007,ATW,WI,AGL,CE,Federal Contract Tower,3,68,52,0,123,0,0,134,0,134,3,68,186,0,257,14,0,14,271
07/31/2007,ATW,WI,AGL,CE,Federal Contract Tower,5,59,19,0,83,0,0,49,0,49,5,59,68,0,132,28,0,28,160
08/01/2007,ATW,WI,AGL,CE,Federal Contract Tower,6,64,35,0,105,0,0,86,0,86,6,64,121,0,191,8,0,8,199
08/02/2007,ATW,WI,AGL,CE,Federal Contract Tower,5,60,32,0,97,0,0,37,0,37,5,60,69,0,134,24,0,24,158
08/03/2007,ATW,WI,AGL,CE,Federal Contract Tower,4,62,16,0,82,0,0,87,0,87,4,62,103,0,169,52,0,52,221
08/04/2007,ATW,WI,AGL,CE,Federal Contract Tower,2,39,9,0,50,0,0,57,0,57,2,39,66,0,107,24,0,24,131
08/05/2007,ATW,WI,AGL,CE,Federal Contract Tower,0,45,15,0,60,0,0,0,0,0,0,45,15,0,60,0,0,0,60
08/06/2007,ATW,WI,AGL,CE,Federal Contract Tower,3,58,35,0,96,0,0,36,2,38,3,58,71,2,134,20,0,20,154
08/07/2007,ATW,WI,AGL,CE,Federal Contract Tower,5,53,19,0,77,0,0,26,0,26,5,53,45,0,103,16,0,16,119
08/08/2007,ATW,WI,AGL,CE,Federal Contract Tower,5,61,21,0,87,0,0,46,0,46,5,61,67,0,133,50,0,50,183
08/09/2007,ATW,WI,AGL,CE,Federal Contract Tower,5,59,18,0,82,0,0,18,2,20,5,59,36,2,102,24,0,24,126
08/10/2007,ATW,WI,AGL,CE,Federal Contract Tower,4,57,30,0,91,0,0,54,0,54,4,57,84,0,145,60,0,60,205
08/11/2007,ATW,WI,AGL,CE,Federal Contract Tower,2,43,7,0,52,0,0,30,0,30,2,43,37,0,82,20,0,20,102
08/12/2007,ATW,WI,AGL,CE,Federal Contract Tower,0,46,11,0,57,0,0,47,0,47,0,46,58,0,104,36,0,36,140
08/13/2007,ATW,WI,AGL,CE,Federal Contract Tower,3,56,16,0,75,0,0,53,0,53,3,56,69,0,128,66,0,66,194
08/14/2007,ATW,WI,AGL,CE,Federal Contract Tower,5,57,38,0,100,0,0,25,0,25,5,57,63,0,125,16,0,16,141
08/15/2007,ATW,WI,AGL,CE,Federal Contract Tower,5,63,17,0,85,0,0,48,2,50,5,63,65,2,135,60,0,60,195
08/16/2007,ATW,WI,AGL,CE,Federal Contract Tower,5,62,33,0,100,0,0,59,0,59,5,62,92,0,159,10,0,10,169
08/17/2007,ATW,WI,AGL,CE,Federal Contract Tower,6,61,20,0,87,0,0,66,2,68,6,61,86,2,155,48,0,48,203
08/18/2007,ATW,WI,AGL,CE,Federal Contract Tower,2,40,11,0,53,0,0,29,0,29,2,40,40,0,82,22,0,22,104
08/19/2007,ATW,WI,AGL,CE,Federal Contract Tower,0,40,21,0,61,0,0,0,0,0,0,40,21,0,61,0,0,0,61
08/20/2007,ATW,WI,AGL,CE,Federal Contract Tower,3,51,28,0,82,0,0,3,0,3,3,51,31,0,85,0,0,0,85
08/21/2007,ATW,WI,AGL,CE,Federal Contract Tower,7,48,30,0,85,0,0,0,0,0,7,48,30,0,85,0,0,0,85
08/22/2007,ATW,WI,AGL,CE,Federal Contract Tower,11,65,21,0,97,0,0,23,0,23,11,65,44,0,120,14,0,14,134
08/23/2007,ATW,WI,AGL,CE,Federal Contract Tower,6,55,25,0,86,0,0,8,0,8,6,55,33,0,94,16,0,16,110
08/24/2007,ATW,WI,AGL,CE,Federal Contract Tower,5,56,18,0,79,0,0,4,0,4,5,56,22,0,83,6,0,6,89
08/25/2007,ATW,WI,AGL,CE,Federal Contract Tower,3,38,4,0,45,0,0,59,0,59,3,38,63,0,104,22,0,22,126
08/26/2007,ATW,WI,AGL,CE,Federal Contract Tower,0,47,9,0,56,0,0,35,0,35,0,47,44,0,91,8,0,8,99
08/27/2007,ATW,WI,AGL,CE,Federal Contract Tower,4,57,24,0,85,0,0,29,0,29,4,57,53,0,114,6,0,6,120
08/28/2007,ATW,WI,AGL,CE,Federal Contract Tower,5,54,19,0,78,0,0,26,0,26,5,54,45,0,104,0,0,0,104
08/29/2007,ATW,WI,AGL,CE,Federal Contract Tower,5,63,29,0,97,0,0,18,0,18,5,63,47,0,115,16,0,16,131
08/30/2007,ATW,WI,AGL,CE,Federal Contract Tower,5,68,20,0,93,0,0,75,2,77,5,68,95,2,170,34,0,34,204
08/31/2007,ATW,WI,AGL,CE,Federal Contract Tower,4,57,25,0,86,0,0,56,0,56,4,57,81,0,142,10,0,10,152
09/01/2007,ATW,WI,AGL,CE,Federal Contract Tower,2,36,14,0,52,0,0,62,0,62,2,36,76,0,114,18,0,18,132
09/02/2007,ATW,WI,AGL,CE,Federal Contract Tower,0,31,4,0,35,0,0,40,3,43,0,31,44,3,78,28,0,28,106
09/03/2007,ATW,WI,AGL,CE,Federal Contract Tower,0,49,12,0,61,0,0,52,4,56,0,49,64,4,117,8,0,8,125
09/04/2007,ATW,WI,AGL,CE,Federal Contract Tower,3,62,21,0,86,0,0,34,0,34,3,62,55,0,120,8,0,8,128
09/05/2007,ATW,WI,AGL,CE,Federal Contract Tower,5,63,15,0,83,0,0,46,0,46,5,63,61,0,129,32,0,32,161
09/06/2007,ATW,WI,AGL,CE,Federal Contract Tower,6,65,17,0,88,0,0,20,2,22,6,65,37,2,110,6,0,6,116
09/07/2007,ATW,WI,AGL,CE,Federal Contract Tower,4,62,23,0,89,0,0,15,2,17,4,62,38,2,106,10,0,10,116
09/08/2007,ATW,WI,AGL,CE,Federal Contract Tower,6,38,9,0,53,0,0,61,8,69,6,38,70,8,122,6,0,6,128
09/09/2007,ATW,WI,AGL,CE,Federal Contract Tower,0,44,9,0,53,0,0,13,0,13,0,44,22,0,66,4,0,4,70
09/10/2007,ATW,WI,AGL,CE,Federal Contract Tower,3,64,13,0,80,0,0,7,0,7,3,64,20,0,87,0,0,0,87
09/11/2007,ATW,WI,AGL,CE,Federal Contract Tower,5,59,25,0,89,0,0,25,0,25,5,59,50,0,114,20,0,20,134
09/12/2007,ATW,WI,AGL,CE,Federal Contract Tower,5,61,21,0,87,0,0,65,0,65,5,61,86,0,152,8,0,8,160
09/13/2007,ATW,WI,AGL,CE,Federal Contract Tower,5,61,19,0,85,0,0,37,2,39,5,61,56,2,124,6,0,6,130
09/14/2007,ATW,WI,AGL,CE,Federal Contract Tower,4,56,22,0,82,0,0,46,0,46,4,56,68,0,128,32,0,32,160
09/15/2007,ATW,WI,AGL,CE,Federal Contract Tower,2,37,4,0,43,0,0,69,0,69,2,37,73,0,112,8,0,8,120
09/16/2007,ATW,WI,AGL,CE,Federal Contract Tower,0,44,12,0,56,0,0,40,0,40,0,44,52,0,96,10,0,10,106
09/17/2007,ATW,WI,AGL,CE,Federal Contract Tower,3,67,26,0,96,0,0,21,0,21,3,67,47,0,117,22,0,22,139
09/18/2007,ATW,WI,AGL,CE,Federal Contract Tower,5,57,27,0,89,0,0,27,0,27,5,57,54,0,116,0,0,0,116
09/19/2007,ATW,WI,AGL,CE,Federal Contract Tower,5,61,25,0,91,0,0,35,0,35,5,61,60,0,126,10,0,10,136
09/20/2007,ATW,WI,AGL,CE,Federal Contract Tower,7,69,20,0,96,0,0,35,0,35,7,69,55,0,131,30,0,30,161
09/21/2007,ATW,WI,AGL,CE,Federal Contract Tower,6,60,29,0,95,0,0,20,0,20,6,60,49,0,115,14,0,14,129
09/22/2007,ATW,WI,AGL,CE,Federal Contract Tower,2,42,11,0,55,0,0,48,0,48,2,42,59,0,103,26,0,26,129
09/23/2007,ATW,WI,AGL,CE,Federal Contract Tower,0,46,16,0,62,0,0,44,0,44,0,46,60,0,106,30,0,30,136
09/24/2007,ATW,WI,AGL,CE,Federal Contract Tower,3,63,29,0,95,0,0,33,0,33,3,63,62,0,128,10,0,10,138
09/25/2007,ATW,WI,AGL,CE,Federal Contract Tower,5,58,31,0,94,0,0,10,0,10,5,58,41,0,104,10,0,10,114
09/26/2007,ATW,WI,AGL,CE,Federal Contract Tower,5,63,35,0,103,0,0,53,2,55,5,63,88,2,158,28,0,28,186
09/27/2007,ATW,WI,AGL,CE,Federal Contract Tower,5,61,25,0,91,0,0,39,0,39,5,61,64,0,130,20,0,20,150
09/28/2007,ATW,WI,AGL,CE,Federal Contract Tower,4,60,18,0,82,0,0,79,0,79,4,60,97,0,161,46,0,46,207
09/29/2007,ATW,WI,AGL,CE,Federal Contract Tower,2,39,7,0,48,0,0,44,0,44,2,39,51,0,92,24,0,24,116
09/30/2007,ATW,WI,AGL,CE,Federal Contract Tower,0,39,7,0,46,0,0,21,0,21,0,39,28,0,67,0,0,0,67
10/01/2007,ATW,WI,AGL,CE,Federal Contract Tower,3,63,19,0,85,0,0,2,0,2,3,63,21,0,87,0,0,0,87
10/02/2007,ATW,WI,AGL,CE,Federal Contract Tower,6,44,26,0,76,0,0,0,0,0,6,44,26,0,76,4,0,4,80
10/03/2007,ATW,WI,AGL,CE,Federal Contract Tower,9,62,22,0,93,0,0,58,0,58,9,62,80,0,151,32,0,32,183
10/04/2007,ATW,WI,AGL,CE,Federal Contract Tower,5,63,29,0,97,0,0,61,0,61,5,63,90,0,158,30,0,30,188
10/05/2007,ATW,WI,AGL,CE,Federal Contract Tower,4,59,16,0,79,0,0,24,0,24,4,59,40,0,103,6,0,6,109
10/06/2007,ATW,WI,AGL,CE,Federal Contract Tower,2,42,9,0,53,0,0,50,0,50,2,42,59,0,103,24,0,24,127
10/07/2007,ATW,WI,AGL,CE,Federal Contract Tower,0,40,21,0,61,0,1,36,0,37,0,41,57,0,98,34,0,34,132
10/08/2007,ATW,WI,AGL,CE,Federal Contract Tower,3,60,20,0,83,0,0,12,0,12,3,60,32,0,95,6,0,6,101
10/09/2007,ATW,WI,AGL,CE,Federal Contract Tower,5,63,28,0,96,0,0,8,0,8,5,63,36,0,104,0,0,0,104
10/10/2007,ATW,WI,AGL,CE,Federal Contract Tower,5,61,24,0,90,0,0,0,0,0,5,61,24,0,90,0,0,0,90
10/11/2007,ATW,WI,AGL,CE,Federal Contract Tower,5,61,38,0,104,0,0,49,0,49,5,61,87,0,153,6,0,6,159
10/12/2007,ATW,WI,AGL,CE,Federal Contract Tower,4,65,37,0,106,0,0,55,0,55,4,65,92,0,161,22,0,22,183
10/13/2007,ATW,WI,AGL,CE,Federal Contract Tower,4,38,17,0,59,0,0,57,0,57,4,38,74,0,116,18,0,18,134
10/14/2007,ATW,WI,AGL,CE,Federal Contract Tower,0,37,16,0,53,0,0,6,0,6,0,37,22,0,59,8,0,8,67
10/15/2007,ATW,WI,AGL,CE,Federal Contract Tower,3,62,17,0,82,0,0,1,0,1,3,62,18,0,83,0,0,0,83
10/16/2007,ATW,WI,AGL,CE,Federal Contract Tower,5,53,25,0,83,0,0,1,0,1,5,53,26,0,84,0,0,0,84
10/17/2007,ATW,WI,AGL,CE,Federal Contract Tower,5,55,26,1,87,0,0,65,0,65,5,55,91,1,152,26,0,26,178
10/18/2007,ATW,WI,AGL,CE,Federal Contract Tower,5,54,20,3,82,0,0,2,0,2,5,54,22,3,84,0,2,2,86
10/19/2007,ATW,WI,AGL,CE,Federal Contract Tower,4,57,15,0,76,0,0,6,0,6,4,57,21,0,82,0,0,0,82
10/20/2007,ATW,WI,AGL,CE,Federal Contract Tower,2,37,11,0,50,0,0,66,0,66,2,37,77,0,116,22,0,22,138
10/21/2007,ATW,WI,AGL,CE,Federal Contract Tower,0,41,14,0,55,0,0,24,0,24,0,41,38,0,79,8,0,8,87
10/22/2007,ATW,WI,AGL,CE,Federal Contract Tower,5,59,14,0,78,0,0,20,0,20,5,59,34,0,98,36,0,36,134
10/23/2007,ATW,WI,AGL,CE,Federal Contract Tower,5,58,17,0,80,0,0,59,0,59,5,58,76,0,139,32,0,32,171
10/24/2007,ATW,WI,AGL,CE,Federal Contract Tower,5,56,29,0,90,0,0,43,2,45,5,56,72,2,135,36,0,36,171
10/25/2007,ATW,WI,AGL,CE,Federal Contract Tower,5,65,20,0,90,0,0,57,0,57,5,65,77,0,147,8,0,8,155
10/26/2007,ATW,WI,AGL,CE,Federal Contract Tower,4,61,23,0,88,0,0,0,0,0,4,61,23,0,88,0,0,0,88
10/27/2007,ATW,WI,AGL,CE,Federal Contract Tower,2,40,4,0,46,0,0,18,0,18,2,40,22,0,64,10,0,10,74
10/28/2007,ATW,WI,AGL,CE,Federal Contract Tower,0,42,9,0,51,0,0,44,0,44,0,42,53,0,95,6,0,6,101
10/29/2007,ATW,WI,AGL,CE,Federal Contract Tower,3,64,15,0,82,0,0,32,0,32,3,64,47,0,114,12,0,12,126
10/30/2007,ATW,WI,AGL,CE,Federal Contract Tower,5,57,18,0,80,0,0,27,6,33,5,57,45,6,113,6,0,6,119
10/31/2007,ATW,WI,AGL,CE,Federal Contract Tower,5,60,18,0,83,0,0,14,0,14,5,60,32,0,97,4,0,4,101
11/01/2007,ATW,WI,AGL,CE,Federal Contract Tower,7,57,27,0,91,0,0,29,0,29,7,57,56,0,120,18,0,18,138
11/02/2007,ATW,WI,AGL,CE,Federal Contract Tower,4,59,24,0,87,0,0,24,0,24,4,59,48,0,111,2,0,2,113
11/03/2007,ATW,WI,AGL,CE,Federal Contract Tower,2,42,9,0,53,0,0,52,0,52,2,42,61,0,105,14,0,14,119
11/04/2007,ATW,WI,AGL,CE,Federal Contract Tower,0,47,12,0,59,0,0,30,0,30,0,47,42,0,89,16,0,16,105
11/05/2007,ATW,WI,AGL,CE,Federal Contract Tower,3,61,21,0,85,0,0,0,0,0,3,61,21,0,85,0,0,0,85
11/06/2007,ATW,WI,AGL,CE,Federal Contract Tower,5,52,15,0,72,0,0,13,0,13,5,52,28,0,85,0,0,0,85
11/07/2007,ATW,WI,AGL,CE,Federal Contract Tower,5,60,18,0,83,0,0,24,0,24,5,60,42,0,107,14,0,14,121
11/08/2007,ATW,WI,AGL,CE,Federal Contract Tower,5,66,30,0,101,0,0,37,4,41,5,66,67,4,142,30,3,33,175
11/09/2007,ATW,WI,AGL,CE,Federal Contract Tower,2,56,20,0,78,0,4,21,0,25,2,60,41,0,103,0,0,0,103
11/10/2007,ATW,WI,AGL,CE,Federal Contract Tower,4,39,5,0,48,0,0,37,0,37,4,39,42,0,85,36,0,36,121
11/11/2007,ATW,WI,AGL,CE,Federal Contract Tower,0,49,15,0,64,0,0,9,0,9,0,49,24,0,73,12,0,12,85
11/12/2007,ATW,WI,AGL,CE,Federal Contract Tower,3,56,29,0,88,0,0,45,0,45,3,56,74,0,133,30,0,30,163
11/13/2007,ATW,WI,AGL,CE,Federal Contract Tower,5,61,31,0,97,0,0,34,0,34,5,61,65,0,131,18,0,18,149
11/14/2007,ATW,WI,AGL,CE,Federal Contract Tower,5,63,21,0,89,0,0,19,0,19,5,63,40,0,108,32,0,32,140
11/15/2007,ATW,WI,AGL,CE,Federal Contract Tower,5,61,19,0,85,0,0,26,0,26,5,61,45,0,111,14,0,14,125
11/16/2007,ATW,WI,AGL,CE,Federal Contract Tower,6,52,18,0,76,0,0,15,0,15,6,52,33,0,91,8,0,8,99
11/17/2007,ATW,WI,AGL,CE,Federal Contract Tower,4,41,4,0,49,0,0,1,0,1,4,41,5,0,50,2,0,2,52
11/18/2007,ATW,WI,AGL,CE,Federal Contract Tower,0,44,7,0,51,0,0,38,0,38,0,44,45,0,89,24,0,24,113
11/19/2007,ATW,WI,AGL,CE,Federal Contract Tower,3,51,19,0,73,0,0,0,0,0,3,51,19,0,73,0,0,0,73
11/20/2007,ATW,WI,AGL,CE,Federal Contract Tower,6,54,18,2,80,0,0,8,0,8,6,54,26,2,88,4,4,8,96
11/21/2007,ATW,WI,AGL,CE,Federal Contract Tower,5,66,18,0,89,0,0,9,0,9,5,66,27,0,98,12,0,12,110
11/22/2007,ATW,WI,AGL,CE,Federal Contract Tower,0,31,5,0,36,0,0,4,0,4,0,31,9,0,40,0,0,0,40
11/23/2007,ATW,WI,AGL,CE,Federal Contract Tower,4,32,11,0,47,0,0,25,0,25,4,32,36,0,72,22,0,22,94
11/24/2007,ATW,WI,AGL,CE,Federal Contract Tower,2,44,5,0,51,0,0,14,0,14,2,44,19,0,65,6,0,6,71
11/25/2007,ATW,WI,AGL,CE,Federal Contract Tower,0,51,26,0,77,0,0,10,0,10,0,51,36,0,87,30,0,30,117
11/26/2007,ATW,WI,AGL,CE,Federal Contract Tower,3,59,18,0,80,0,0,12,0,12,3,59,30,0,92,6,0,6,98
11/27/2007,ATW,WI,AGL,CE,Federal Contract Tower,5,62,22,0,89,0,0,8,0,8,5,62,30,0,97,0,0,0,97
11/28/2007,ATW,WI,AGL,CE,Federal Contract Tower,5,59,18,0,82,0,0,25,0,25,5,59,43,0,107,0,0,0,107
11/29/2007,ATW,WI,AGL,CE,Federal Contract Tower,6,59,21,0,86,0,0,10,0,10,6,59,31,0,96,0,0,0,96
11/30/2007,ATW,WI,AGL,CE,Federal Contract Tower,4,57,26,0,87,0,0,20,2,22,4,57,46,2,109,0,0,0,109
12/01/2007,ATW,WI,AGL,CE,Federal Contract Tower,2,27,9,0,38,0,0,0,0,0,2,27,9,0,38,0,0,0,38
12/02/2007,ATW,WI,AGL,CE,Federal Contract Tower,0,38,5,0,43,0,0,0,0,0,0,38,5,0,43,0,0,0,43
12/03/2007,ATW,WI,AGL,CE,Federal Contract Tower,2,53,20,0,75,0,0,13,0,13,2,53,33,0,88,10,0,10,98
12/04/2007,ATW,WI,AGL,CE,Federal Contract Tower,6,68,17,0,91,0,0,6,0,6,6,68,23,0,97,18,0,18,115
12/05/2007,ATW,WI,AGL,CE,Federal Contract Tower,9,55,25,0,89,0,0,25,0,25,9,55,50,0,114,4,0,4,118
12/06/2007,ATW,WI,AGL,CE,Federal Contract Tower,6,59,14,0,79,0,0,22,0,22,6,59,36,0,101,12,0,12,113
12/07/2007,ATW,WI,AGL,CE,Federal Contract Tower,7,56,18,0,81,0,0,14,0,14,7,56,32,0,95,0,0,0,95
12/08/2007,ATW,WI,AGL,CE,Federal Contract Tower,2,38,13,0,53,0,0,24,0,24,2,38,37,0,77,10,0,10,87
12/09/2007,ATW,WI,AGL,CE,Federal Contract Tower,0,39,3,0,42,0,0,17,0,17,0,39,20,0,59,6,0,6,65
12/10/2007,ATW,WI,AGL,CE,Federal Contract Tower,3,51,21,0,75,0,0,27,0,27,3,51,48,0,102,12,0,12,114
12/11/2007,ATW,WI,AGL,CE,Federal Contract Tower,7,46,12,0,65,0,0,2,0,2,7,46,14,0,67,0,0,0,67
12/12/2007,ATW,WI,AGL,CE,Federal Contract Tower,5,67,21,0,93,0,0,34,2,36,5,67,55,2,129,10,0,10,139
12/13/2007,ATW,WI,AGL,CE,Federal Contract Tower,7,69,17,0,93,0,0,2,0,2,7,69,19,0,95,4,0,4,99
12/14/2007,ATW,WI,AGL,CE,Federal Contract Tower,4,64,25,0,93,0,0,31,0,31,4,64,56,0,124,30,0,30,154
12/15/2007,ATW,WI,AGL,CE,Federal Contract Tower,5,38,6,0,49,0,0,11,0,11,5,38,17,0,60,28,0,28,88
12/16/2007,ATW,WI,AGL,CE,Federal Contract Tower,1,36,14,0,51,0,0,19,0,19,1,36,33,0,70,8,0,8,78
12/17/2007,ATW,WI,AGL,CE,Federal Contract Tower,3,52,14,0,69,0,0,4,0,4,3,52,18,0,73,12,0,12,85
12/18/2007,ATW,WI,AGL,CE,Federal Contract Tower,8,54,11,0,73,0,0,21,0,21,8,54,32,0,94,20,0,20,114
12/19/2007,ATW,WI,AGL,CE,Federal Contract Tower,6,65,24,0,95,0,0,39,4,43,6,65,63,4,138,26,0,26,164
12/20/2007,ATW,WI,AGL,CE,Federal Contract Tower,8,60,18,0,86,0,0,10,0,10,8,60,28,0,96,14,0,14,110
12/21/2007,ATW,WI,AGL,CE,Federal Contract Tower,4,25,10,0,39,0,0,0,0,0,4,25,10,0,39,0,0,0,39
12/22/2007,ATW,WI,AGL,CE,Federal Contract Tower,2,2,1,0,5,0,0,0,0,0,2,2,1,0,5,0,0,0,5
12/23/2007,ATW,WI,AGL,CE,Federal Contract Tower,0,15,6,0,21,0,0,0,0,0,0,15,6,0,21,0,0,0,21
12/24/2007,ATW,WI,AGL,CE,Federal Contract Tower,2,41,5,0,48,0,0,2,0,2,2,41,7,0,50,0,0,0,50
12/25/2007,ATW,WI,AGL,CE,Federal Contract Tower,0,41,4,0,45,0,0,0,0,0,0,41,4,0,45,0,0,0,45
12/26/2007,ATW,WI,AGL,CE,Federal Contract Tower,4,50,16,0,70,0,0,34,0,34,4,50,50,0,104,32,0,32,136
12/27/2007,ATW,WI,AGL,CE,Federal Contract Tower,6,52,16,0,74,0,0,20,0,20,6,52,36,0,94,26,0,26,120
12/28/2007,ATW,WI,AGL,CE,Federal Contract Tower,4,39,9,0,52,0,0,0,0,0,4,39,9,0,52,0,0,0,52
12/29/2007,ATW,WI,AGL,CE,Federal Contract Tower,4,42,5,0,51,0,0,6,0,6,4,42,11,0,57,10,0,10,67
12/30/2007,ATW,WI,AGL,CE,Federal Contract Tower,0,39,12,0,51,0,0,0,0,0,0,39,12,0,51,0,0,0,51
12/31/2007,ATW,WI,AGL,CE,Federal Contract Tower,2,42,4,0,48,0,0,0,0,0,2,42,4,0,48,0,0,0,48
01/01/2008,ATW,WI,AGL,CE,Federal Contract Tower,0,43,3,0,46,0,0,5,0,5,0,43,8,0,51,6,0,6,57
01/02/2008,ATW,WI,AGL,CE,Federal Contract Tower,5,49,11,0,65,0,0,17,0,17,5,49,28,0,82,32,0,32,114
01/03/2008,ATW,WI,AGL,CE,Federal Contract Tower,7,51,20,0,78,0,0,2,0,2,7,51,22,0,80,28,0,28,108
01/04/2008,ATW,WI,AGL,CE,Federal Contract Tower,4,56,21,0,81,0,0,49,0,49,4,56,70,0,130,48,0,48,178
01/05/2008,ATW,WI,AGL,CE,Federal Contract Tower,2,38,7,0,47,0,0,19,0,19,2,38,26,0,66,24,0,24,90
01/06/2008,ATW,WI,AGL,CE,Federal Contract Tower,0,0,1,0,1,0,0,0,0,0,0,0,1,0,1,0,0,0,1
01/07/2008,ATW,WI,AGL,CE,Federal Contract Tower,3,40,11,0,54,0,0,0,0,0,3,40,11,0,54,0,0,0,54
01/08/2008,ATW,WI,AGL,CE,Federal Contract Tower,6,35,13,0,54,0,0,0,0,0,6,35,13,0,54,0,0,0,54
01/09/2008,ATW,WI,AGL,CE,Federal Contract Tower,5,62,14,0,81,0,0,44,0,44,5,62,58,0,125,20,0,20,145
01/10/2008,ATW,WI,AGL,CE,Federal Contract Tower,5,65,14,0,84,0,0,14,0,14,5,65,28,0,98,14,0,14,112
01/11/2008,ATW,WI,AGL,CE,Federal Contract Tower,6,63,29,0,98,0,0,10,0,10,6,63,39,0,108,0,0,0,108
01/12/2008,ATW,WI,AGL,CE,Federal Contract Tower,2,36,5,0,43,0,0,6,0,6,2,36,11,0,49,32,0,32,81
01/13/2008,ATW,WI,AGL,CE,Federal Contract Tower,0,45,8,0,53,0,0,0,0,0,0,45,8,0,53,0,0,0,53
01/14/2008,ATW,WI,AGL,CE,Federal Contract Tower,3,57,29,0,89,0,0,3,0,3,3,57,32,0,92,0,0,0,92
01/15/2008,ATW,WI,AGL,CE,Federal Contract Tower,5,54,24,0,83,0,0,5,0,5,5,54,29,0,88,0,0,0,88
01/16/2008,ATW,WI,AGL,CE,Federal Contract Tower,5,59,19,0,83,0,0,17,2,19,5,59,36,2,102,20,0,20,122
01/17/2008,ATW,WI,AGL,CE,Federal Contract Tower,6,45,7,0,58,0,0,0,0,0,6,45,7,0,58,0,0,0,58
01/18/2008,ATW,WI,AGL,CE,Federal Contract Tower,4,55,22,0,81,0,0,23,0,23,4,55,45,0,104,2,0,2,106
01/19/2008,ATW,WI,AGL,CE,Federal Contract Tower,6,30,12,0,48,0,0,5,0,5,6,30,17,0,53,0,0,0,53
01/20/2008,ATW,WI,AGL,CE,Federal Contract Tower,2,41,13,0,56,0,0,22,0,22,2,41,35,0,78,6,0,6,84
01/21/2008,ATW,WI,AGL,CE,Federal Contract Tower,3,58,28,0,89,0,0,0,0,0,3,58,28,0,89,0,0,0,89
01/22/2008,ATW,WI,AGL,CE,Federal Contract Tower,6,56,19,0,81,0,0,21,0,21,6,56,40,0,102,4,0,4,106
01/23/2008,ATW,WI,AGL,CE,Federal Contract Tower,5,49,24,0,78,0,0,5,0,5,5,49,29,0,83,4,0,4,87
01/24/2008,ATW,WI,AGL,CE,Federal Contract Tower,6,60,19,0,85,0,0,28,0,28,6,60,47,0,113,0,0,0,113
01/25/2008,ATW,WI,AGL,CE,Federal Contract Tower,4,64,24,0,92,0,0,15,2,17,4,64,39,2,109,10,0,10,119
01/26/2008,ATW,WI,AGL,CE,Federal Contract Tower,2,37,2,0,41,0,0,10,0,10,2,37,12,0,51,0,0,0,51
01/27/2008,ATW,WI,AGL,CE,Federal Contract Tower,0,45,9,0,54,0,0,25,0,25,0,45,34,0,79,24,0,24,103
01/28/2008,ATW,WI,AGL,CE,Federal Contract Tower,3,53,12,0,68,0,0,18,0,18,3,53,30,0,86,6,0,6,92
01/29/2008,ATW,WI,AGL,CE,Federal Contract Tower,3,47,13,0,63,0,0,2,0,2,3,47,15,0,65,0,0,0,65
01/30/2008,ATW,WI,AGL,CE,Federal Contract Tower,9,48,10,0,67,0,0,13,0,13,9,48,23,0,80,0,0,0,80
01/31/2008,ATW,WI,AGL,CE,Federal Contract Tower,5,53,27,0,85,0,0,19,0,19,5,53,46,0,104,6,0,6,110
02/01/2008,ATW,WI,AGL,CE,Federal Contract Tower,5,47,7,0,59,0,0,0,0,0,5,47,7,0,59,0,0,0,59
02/02/2008,ATW,WI,AGL,CE,Federal Contract Tower,2,34,3,0,39,0,0,0,0,0,2,34,3,0,39,0,0,0,39
02/03/2008,ATW,WI,AGL,CE,Federal Contract Tower,0,41,4,0,45,0,0,0,0,0,0,41,4,0,45,0,0,0,45
02/04/2008,ATW,WI,AGL,CE,Federal Contract Tower,3,42,13,0,58,0,0,0,0,0,3,42,13,0,58,0,0,0,58
02/05/2008,ATW,WI,AGL,CE,Federal Contract Tower,8,49,20,0,77,0,0,8,0,8,8,49,28,0,85,0,0,0,85
02/06/2008,ATW,WI,AGL,CE,Federal Contract Tower,5,39,17,0,61,0,0,0,0,0,5,39,17,0,61,0,0,0,61
02/07/2008,ATW,WI,AGL,CE,Federal Contract Tower,4,63,22,0,89,0,0,21,0,21,4,63,43,0,110,30,0,30,140
02/08/2008,ATW,WI,AGL,CE,Federal Contract Tower,4,54,25,0,83,0,0,0,0,0,4,54,25,0,83,0,0,0,83
02/09/2008,ATW,WI,AGL,CE,Federal Contract Tower,2,38,7,0,47,0,0,0,0,0,2,38,7,0,47,0,0,0,47
02/10/2008,ATW,WI,AGL,CE,Federal Contract Tower,0,40,5,0,45,0,0,9,0,9,0,40,14,0,54,0,0,0,54
02/11/2008,ATW,WI,AGL,CE,Federal Contract Tower,3,50,19,0,72,0,0,14,0,14,3,50,33,0,86,0,0,0,86
02/12/2008,ATW,WI,AGL,CE,Federal Contract Tower,6,57,18,0,81,0,0,0,0,0,6,57,18,0,81,0,0,0,81
02/13/2008,ATW,WI,AGL,CE,Federal Contract Tower,9,52,28,0,89,0,0,34,0,34,9,52,62,0,123,16,0,16,139
02/14/2008,ATW,WI,AGL,CE,Federal Contract Tower,9,44,17,0,70,0,0,4,0,4,9,44,21,0,74,0,0,0,74
02/15/2008,ATW,WI,AGL,CE,Federal Contract Tower,9,51,24,0,84,0,0,40,0,40,9,51,64,0,124,14,0,14,138
02/16/2008,ATW,WI,AGL,CE,Federal Contract Tower,4,34,18,0,56,0,0,33,0,33,4,34,51,0,89,36,0,36,125
02/17/2008,ATW,WI,AGL,CE,Federal Contract Tower,0,11,3,0,14,0,0,0,0,0,0,11,3,0,14,0,0,0,14
02/18/2008,ATW,WI,AGL,CE,Federal Contract Tower,5,41,21,0,67,0,0,0,0,0,5,41,21,0,67,0,0,0,67
02/19/2008,ATW,WI,AGL,CE,Federal Contract Tower,10,55,21,0,86,0,0,6,0,6,10,55,27,0,92,0,0,0,92
02/20/2008,ATW,WI,AGL,CE,Federal Contract Tower,10,57,22,0,89,0,0,8,0,8,10,57,30,0,97,22,0,22,119
02/21/2008,ATW,WI,AGL,CE,Federal Contract Tower,11,52,13,0,76,0,0,17,0,17,11,52,30,0,93,14,0,14,107
02/22/2008,ATW,WI,AGL,CE,Federal Contract Tower,9,50,9,0,68,0,0,19,2,21,9,50,28,2,89,38,0,38,127
02/23/2008,ATW,WI,AGL,CE,Federal Contract Tower,3,38,14,0,55,0,0,50,0,50,3,38,64,0,105,24,0,24,129
02/24/2008,ATW,WI,AGL,CE,Federal Contract Tower,0,34,7,0,41,0,0,24,0,24,0,34,31,0,65,22,0,22,87
02/25/2008,ATW,WI,AGL,CE,Federal Contract Tower,6,48,16,0,70,0,0,0,0,0,6,48,16,0,70,0,0,0,70
02/26/2008,ATW,WI,AGL,CE,Federal Contract Tower,10,44,15,0,69,0,0,10,0,10,10,44,25,0,79,2,0,2,81
02/27/2008,ATW,WI,AGL,CE,Federal Contract Tower,11,54,25,0,90,0,0,37,0,37,11,54,62,0,127,28,0,28,155
02/28/2008,ATW,WI,AGL,CE,Federal Contract Tower,11,47,20,0,78,0,0,19,0,19,11,47,39,0,97,2,0,2,99
02/29/2008,ATW,WI,AGL,CE,Federal Contract Tower,8,49,15,0,72,0,0,11,0,11,8,49,26,0,83,0,0,0,83
03/01/2008,ATW,WI,AGL,CE,Federal Contract Tower,2,38,4,0,44,0,0,54,0,54,2,38,58,0,98,10,0,10,108
03/02/2008,ATW,WI,AGL,CE,Federal Contract Tower,0,44,6,0,50,0,0,11,0,11,0,44,17,0,61,0,0,0,61
03/03/2008,ATW,WI,AGL,CE,Federal Contract Tower,5,47,8,0,60,0,0,31,0,31,5,47,39,0,91,24,0,24,115
03/04/2008,ATW,WI,AGL,CE,Federal Contract Tower,9,49,9,0,67,0,0,26,0,26,9,49,35,0,93,26,0,26,119
03/05/2008,ATW,WI,AGL,CE,Federal Contract Tower,8,49,16,0,73,0,0,15,0,15,8,49,31,0,88,4,0,4,92
03/06/2008,ATW,WI,AGL,CE,Federal Contract Tower,13,47,21,2,83,0,0,41,0,41,13,47,62,2,124,18,2,20,144
03/07/2008,ATW,WI,AGL,CE,Federal Contract Tower,11,47,16,0,74,0,0,30,0,30,11,47,46,0,104,4,0,4,108
03/08/2008,ATW,WI,AGL,CE,Federal Contract Tower,3,34,7,1,45,0,0,40,0,40,3,34,47,1,85,14,0,14,99
03/09/2008,ATW,WI,AGL,CE,Federal Contract Tower,0,41,6,0,47,0,0,30,0,30,0,41,36,0,77,8,0,8,85
03/10/2008,ATW,WI,AGL,CE,Federal Contract Tower,8,45,14,0,67,0,0,26,0,26,8,45,40,0,93,24,0,24,117
03/11/2008,ATW,WI,AGL,CE,Federal Contract Tower,12,50,17,0,79,0,0,9,0,9,12,50,26,0,88,16,0,16,104
03/12/2008,ATW,WI,AGL,CE,Federal Contract Tower,12,46,17,0,75,0,0,40,0,40,12,46,57,0,115,22,0,22,137
03/13/2008,ATW,WI,AGL,CE,Federal Contract Tower,11,50,29,0,90,0,0,28,2,30,11,50,57,2,120,16,0,16,136
03/14/2008,ATW,WI,AGL,CE,Federal Contract Tower,10,48,10,0,68,0,0,64,0,64,10,48,74,0,132,38,0,38,170
03/15/2008,ATW,WI,AGL,CE,Federal Contract Tower,3,36,14,0,53,0,0,50,0,50,3,36,64,0,103,16,0,16,119
03/16/2008,ATW,WI,AGL,CE,Federal Contract Tower,0,44,17,1,62,0,0,34,0,34,0,44,51,1,96,40,0,40,136
03/17/2008,ATW,WI,AGL,CE,Federal Contract Tower,8,50,14,2,74,0,0,7,0,7,8,50,21,2,81,8,2,10,91
03/18/2008,ATW,WI,AGL,CE,Federal Contract Tower,8,41,15,0,64,0,0,3,0,3,8,41,18,0,67,0,0,0,67
03/19/2008,ATW,WI,AGL,CE,Federal Contract Tower,9,64,31,0,104,0,0,41,0,41,9,64,72,0,145,44,0,44,189
03/20/2008,ATW,WI,AGL,CE,Federal Contract Tower,11,50,27,0,88,0,0,62,2,64,11,50,89,2,152,44,0,44,196
03/21/2008,ATW,WI,AGL,CE,Federal Contract Tower,10,37,13,0,60,0,0,5,0,5,10,37,18,0,65,2,2,4,69
03/22/2008,ATW,WI,AGL,CE,Federal Contract Tower,4,39,6,0,49,0,0,31,0,31,4,39,37,0,80,32,0,32,112
03/23/2008,ATW,WI,AGL,CE,Federal Contract Tower,0,42,8,0,50,0,0,5,0,5,0,42,13,0,55,0,0,0,55
03/24/2008,ATW,WI,AGL,CE,Federal Contract Tower,7,52,15,0,74,0,0,15,0,15,7,52,30,0,89,34,0,34,123
03/25/2008,ATW,WI,AGL,CE,Federal Contract Tower,11,53,17,0,81,0,0,10,0,10,11,53,27,0,91,0,0,0,91
03/26/2008,ATW,WI,AGL,CE,Federal Contract Tower,11,48,16,4,79,0,0,42,2,44,11,48,58,6,123,18,16,34,157
03/27/2008,ATW,WI,AGL,CE,Federal Contract Tower,9,46,10,0,65,0,0,27,3,30,9,46,37,3,95,4,0,4,99
03/28/2008,ATW,WI,AGL,CE,Federal Contract Tower,10,45,15,0,70,0,0,35,0,35,10,45,50,0,105,26,0,26,131
03/29/2008,ATW,WI,AGL,CE,Federal Contract Tower,2,39,9,0,50,0,0,33,0,33,2,39,42,0,83,8,0,8,91
03/30/2008,ATW,WI,AGL,CE,Federal Contract Tower,0,42,9,0,51,0,0,23,0,23,0,42,32,0,74,8,0,8,82
03/31/2008,ATW,WI,AGL,CE,Federal Contract Tower,7,42,14,0,63,0,0,0,0,0,7,42,14,0,63,0,0,0,63
04/01/2008,ATW,WI,AGL,CE,Federal Contract Tower,13,42,17,2,74,0,0,4,2,6,13,42,21,4,80,0,14,14,94
04/02/2008,ATW,WI,AGL,CE,Federal Contract Tower,12,52,19,2,85,0,0,40,0,40,12,52,59,2,125,36,0,36,161
04/03/2008,ATW,WI,AGL,CE,Federal Contract Tower,13,52,17,0,82,0,0,45,0,45,13,52,62,0,127,22,2,24,151
04/04/2008,ATW,WI,AGL,CE,Federal Contract Tower,11,48,28,0,87,0,0,51,0,51,11,48,79,0,138,24,0,24,162
04/05/2008,ATW,WI,AGL,CE,Federal Contract Tower,4,35,9,0,48,0,0,33,0,33,4,35,42,0,81,36,0,36,117
04/06/2008,ATW,WI,AGL,CE,Federal Contract Tower,2,43,8,0,53,0,0,19,0,19,2,43,27,0,72,14,0,14,86
04/07/2008,ATW,WI,AGL,CE,Federal Contract Tower,10,46,14,0,70,0,0,13,0,13,10,46,27,0,83,18,0,18,101
04/08/2008,ATW,WI,AGL,CE,Federal Contract Tower,9,48,10,0,67,0,0,9,0,9,9,48,19,0,76,0,0,0,76
04/09/2008,ATW,WI,AGL,CE,Federal Contract Tower,11,50,24,0,85,0,0,11,0,11,11,50,35,0,96,18,0,18,114
04/10/2008,ATW,WI,AGL,CE,Federal Contract Tower,8,45,18,1,72,0,0,0,0,0,8,45,18,1,72,0,0,0,72
04/11/2008,ATW,WI,AGL,CE,Federal Contract Tower,8,25,8,0,41,0,0,0,0,0,8,25,8,0,41,0,0,0,41
04/12/2008,ATW,WI,AGL,CE,Federal Contract Tower,4,35,2,0,41,0,0,7,0,7,4,35,9,0,48,0,0,0,48
04/13/2008,ATW,WI,AGL,CE,Federal Contract Tower,2,38,20,0,60,0,0,31,0,31,2,38,51,0,91,16,0,16,107
04/14/2008,ATW,WI,AGL,CE,Federal Contract Tower,11,48,9,1,69,0,0,47,1,48,11,48,56,2,117,46,0,46,163
04/15/2008,ATW,WI,AGL,CE,Federal Contract Tower,11,45,23,0,79,0,0,21,0,21,11,45,44,0,100,0,0,0,100
04/16/2008,ATW,WI,AGL,CE,Federal Contract Tower,11,55,15,0,81,0,0,17,0,17,11,55,32,0,98,10,0,10,108
04/17/2008,ATW,WI,AGL,CE,Federal Contract Tower,11,54,27,0,92,0,0,20,0,20,11,54,47,0,112,8,0,8,120
04/18/2008,ATW,WI,AGL,CE,Federal Contract Tower,12,43,26,0,81,0,0,0,0,0,12,43,26,0,81,0,0,0,81
04/19/2008,ATW,WI,AGL,CE,Federal Contract Tower,5,31,10,0,46,0,0,15,0,15,5,31,25,0,61,20,0,20,81
04/20/2008,ATW,WI,AGL,CE,Federal Contract Tower,1,45,7,0,53,0,0,48,0,48,1,45,55,0,101,24,0,24,125
04/21/2008,ATW,WI,AGL,CE,Federal Contract Tower,10,49,13,0,72,0,0,56,0,56,10,49,69,0,128,14,0,14,142
04/22/2008,ATW,WI,AGL,CE,Federal Contract Tower,12,43,26,2,83,0,0,6,0,6,12,43,32,2,89,6,4,10,99
04/23/2008,ATW,WI,AGL,CE,Federal Contract Tower,8,53,32,0,93,0,0,62,0,62,8,53,94,0,155,42,42,84,239
04/24/2008,ATW,WI,AGL,CE,Federal Contract Tower,6,50,40,0,96,0,0,11,0,11,6,50,51,0,107,2,0,2,109
04/25/2008,ATW,WI,AGL,CE,Federal Contract Tower,4,43,8,0,55,0,0,11,0,11,4,43,19,0,66,0,0,0,66
04/26/2008,ATW,WI,AGL,CE,Federal Contract Tower,2,31,12,0,45,0,0,13,0,13,2,31,25,0,58,0,0,0,58
04/27/2008,ATW,WI,AGL,CE,Federal Contract Tower,0,38,9,0,47,0,0,36,0,36,0,38,45,0,83,30,0,30,113
04/28/2008,ATW,WI,AGL,CE,Federal Contract Tower,4,49,10,0,63,0,0,8,0,8,4,49,18,0,71,4,0,4,75
04/29/2008,ATW,WI,AGL,CE,Federal Contract Tower,10,46,12,0,68,0,0,51,4,55,10,46,63,4,123,40,2,42,165
04/30/2008,ATW,WI,AGL,CE,Federal Contract Tower,7,58,20,0,85,0,0,34,0,34,7,58,54,0,119,0,0,0,119
05/01/2008,ATW,WI,AGL,CE,Federal Contract Tower,8,59,24,0,91,0,0,44,2,46,8,59,68,2,137,18,2,20,157
05/02/2008,ATW,WI,AGL,CE,Federal Contract Tower,7,41,7,0,55,0,0,0,0,0,7,41,7,0,55,0,0,0,55
05/03/2008,ATW,WI,AGL,CE,Federal Contract Tower,2,33,13,0,48,0,0,7,6,13,2,33,20,6,61,0,4,4,65
05/04/2008,ATW,WI,AGL,CE,Federal Contract Tower,1,39,18,0,58,0,0,53,0,53,1,39,71,0,111,0,0,0,111
05/05/2008,ATW,WI,AGL,CE,Federal Contract Tower,6,47,20,0,73,0,0,43,0,43,6,47,63,0,116,30,0,30,146
05/06/2008,ATW,WI,AGL,CE,Federal Contract Tower,10,49,16,0,75,0,0,32,0,32,10,49,48,0,107,28,0,28,135
05/07/2008,ATW,WI,AGL,CE,Federal Contract Tower,7,53,21,0,81,0,0,24,0,24,7,53,45,0,105,2,0,2,107
05/08/2008,ATW,WI,AGL,CE,Federal Contract Tower,8,53,26,0,87,0,0,53,2,55,8,53,79,2,142,10,0,10,152
05/09/2008,ATW,WI,AGL,CE,Federal Contract Tower,6,53,16,0,75,0,0,15,0,15,6,53,31,0,90,36,0,36,126
05/10/2008,ATW,WI,AGL,CE,Federal Contract Tower,2,34,11,0,47,0,0,72,0,72,2,34,83,0,119,30,0,30,149
05/11/2008,ATW,WI,AGL,CE,Federal Contract Tower,2,37,10,0,49,0,0,11,0,11,2,37,21,0,60,10,0,10,70
05/12/2008,ATW,WI,AGL,CE,Federal Contract Tower,5,47,23,0,75,0,0,48,0,48,5,47,71,0,123,38,0,38,161
05/13/2008,ATW,WI,AGL,CE,Federal Contract Tower,9,45,23,0,77,0,0,31,0,31,9,45,54,0,108,42,0,42,150
05/14/2008,ATW,WI,AGL,CE,Federal Contract Tower,7,47,17,0,71,0,0,40,8,48,7,47,57,8,119,4,0,4,123
05/15/2008,ATW,WI,AGL,CE,Federal Contract Tower,8,51,10,2,71,0,0,55,0,55,8,51,65,2,126,8,0,8,134
05/16/2008,ATW,WI,AGL,CE,Federal Contract Tower,6,51,27,0,84,0,0,36,0,36,6,51,63,0,120,0,0,0,120
05/17/2008,ATW,WI,AGL,CE,Federal Contract Tower,3,34,3,0,40,0,0,37,0,37,3,34,40,0,77,28,0,28,105
05/18/2008,ATW,WI,AGL,CE,Federal Contract Tower,3,40,11,0,54,0,0,27,0,27,3,40,38,0,81,16,0,16,97
05/19/2008,ATW,WI,AGL,CE,Federal Contract Tower,6,48,27,0,81,0,0,37,0,37,6,48,64,0,118,72,0,72,190
05/20/2008,ATW,WI,AGL,CE,Federal Contract Tower,10,46,24,0,80,0,0,22,0,22,10,46,46,0,102,2,0,2,104
05/21/2008,ATW,WI,AGL,CE,Federal Contract Tower,10,58,13,0,81,0,0,68,0,68,10,58,81,0,149,48,0,48,197
05/22/2008,ATW,WI,AGL,CE,Federal Contract Tower,8,49,34,0,91,0,0,64,0,64,8,49,98,0,155,16,2,18,173
05/23/2008,ATW,WI,AGL,CE,Federal Contract Tower,8,51,21,0,80,0,0,53,0,53,8,51,74,0,133,0,0,0,133
05/24/2008,ATW,WI,AGL,CE,Federal Contract Tower,2,40,9,0,51,0,0,41,0,41,2,40,50,0,92,6,0,6,98
05/25/2008,ATW,WI,AGL,CE,Federal Contract Tower,2,32,4,0,38,0,0,16,0,16,2,32,20,0,54,16,0,16,70
05/26/2008,ATW,WI,AGL,CE,Federal Contract Tower,3,49,7,0,59,0,0,34,0,34,3,49,41,0,93,16,0,16,109
05/27/2008,ATW,WI,AGL,CE,Federal Contract Tower,8,47,24,0,79,0,0,37,0,37,8,47,61,0,116,32,0,32,148
05/28/2008,ATW,WI,AGL,CE,Federal Contract Tower,8,54,24,0,86,0,0,42,2,44,8,54,66,2,130,42,2,44,174
05/29/2008,ATW,WI,AGL,CE,Federal Contract Tower,8,52,24,0,84,0,0,50,0,50,8,52,74,0,134,34,0,34,168
05/30/2008,ATW,WI,AGL,CE,Federal Contract Tower,8,47,12,0,67,0,0,22,0,22,8,47,34,0,89,4,0,4,93
05/31/2008,ATW,WI,AGL,CE,Federal Contract Tower,3,35,8,0,46,0,0,31,0,31,3,35,39,0,77,18,0,18,95
06/01/2008,ATW,WI,AGL,CE,Federal Contract Tower,3,39,4,0,46,0,0,59,0,59,3,39,63,0,105,22,0,22,127
06/02/2008,ATW,WI,AGL,CE,Federal Contract Tower,6,53,8,4,71,0,0,25,0,25,6,53,33,4,96,16,10,26,122
06/03/2008,ATW,WI,AGL,CE,Federal Contract Tower,9,47,12,0,68,0,0,5,0,5,9,47,17,0,73,0,0,0,73
06/04/2008,ATW,WI,AGL,CE,Federal Contract Tower,13,54,33,0,100,0,0,4,0,4,13,54,37,0,104,0,0,0,104
06/05/2008,ATW,WI,AGL,CE,Federal Contract Tower,9,49,26,0,84,0,0,0,0,0,9,49,26,0,84,0,0,0,84
06/06/2008,ATW,WI,AGL,CE,Federal Contract Tower,8,42,24,0,74,0,0,23,0,23,8,42,47,0,97,16,0,16,113
06/07/2008,ATW,WI,AGL,CE,Federal Contract Tower,3,36,18,1,58,0,0,13,0,13,3,36,31,1,71,8,0,8,79
06/08/2008,ATW,WI,AGL,CE,Federal Contract Tower,0,33,6,0,39,0,0,1,0,1,0,33,7,0,40,0,0,0,40
06/09/2008,ATW,WI,AGL,CE,Federal Contract Tower,5,47,18,0,70,0,0,30,0,30,5,47,48,0,100,26,0,26,126
06/10/2008,ATW,WI,AGL,CE,Federal Contract Tower,8,49,26,0,83,0,0,43,0,43,8,49,69,0,126,56,0,56,182
06/11/2008,ATW,WI,AGL,CE,Federal Contract Tower,8,48,26,0,82,0,0,36,0,36,8,48,62,0,118,68,0,68,186
06/12/2008,ATW,WI,AGL,CE,Federal Contract Tower,11,50,19,0,80,0,0,3,0,3,11,50,22,0,83,0,0,0,83
06/13/2008,ATW,WI,AGL,CE,Federal Contract Tower,8,47,24,2,81,0,0,48,0,48,8,47,72,2,129,72,0,72,201
06/14/2008,ATW,WI,AGL,CE,Federal Contract Tower,3,37,11,0,51,0,0,36,0,36,3,37,47,0,87,90,0,90,177
06/15/2008,ATW,WI,AGL,CE,Federal Contract Tower,1,40,17,2,60,0,0,32,0,32,1,40,49,2,92,32,0,32,124
06/16/2008,ATW,WI,AGL,CE,Federal Contract Tower,6,46,20,0,72,0,0,34,0,34,6,46,54,0,106,58,0,58,164
06/17/2008,ATW,WI,AGL,CE,Federal Contract Tower,8,55,18,0,81,0,0,52,0,52,8,55,70,0,133,52,0,52,185
06/18/2008,ATW,WI,AGL,CE,Federal Contract Tower,8,56,27,0,91,0,0,52,0,52,8,56,79,0,143,20,0,20,163
06/19/2008,ATW,WI,AGL,CE,Federal Contract Tower,8,52,18,0,78,0,0,77,4,81,8,52,95,4,159,46,2,48,207
06/20/2008,ATW,WI,AGL,CE,Federal Contract Tower,8,50,22,0,80,0,0,45,0,45,8,50,67,0,125,10,0,10,135
06/21/2008,ATW,WI,AGL,CE,Federal Contract Tower,3,39,9,0,51,0,0,52,0,52,3,39,61,0,103,8,0,8,111
06/22/2008,ATW,WI,AGL,CE,Federal Contract Tower,1,43,12,0,56,0,0,24,0,24,1,43,36,0,80,8,0,8,88
06/23/2008,ATW,WI,AGL,CE,Federal Contract Tower,8,46,15,1,70,0,0,53,0,53,8,46,68,1,123,54,0,54,177
06/24/2008,ATW,WI,AGL,CE,Federal Contract Tower,6,49,18,3,76,0,0,54,0,54,6,49,72,3,130,78,0,78,208
06/25/2008,ATW,WI,AGL,CE,Federal Contract Tower,8,43,24,0,75,0,0,27,3,30,8,43,51,3,105,20,34,54,159
06/26/2008,ATW,WI,AGL,CE,Federal Contract Tower,8,48,29,0,85,0,0,60,0,60,8,48,89,0,145,22,0,22,167
06/27/2008,ATW,WI,AGL,CE,Federal Contract Tower,8,49,23,2,82,0,0,48,0,48,8,49,71,2,130,42,0,42,172
06/28/2008,ATW,WI,AGL,CE,Federal Contract Tower,3,42,24,0,69,0,0,22,0,22,3,42,46,0,91,16,0,16,107
06/29/2008,ATW,WI,AGL,CE,Federal Contract Tower,1,38,8,0,47,0,0,19,0,19,1,38,27,0,66,2,0,2,68
06/30/2008,ATW,WI,AGL,CE,Federal Contract Tower,6,54,11,0,71,0,0,45,0,45,6,54,56,0,116,54,0,54,170
07/01/2008,ATW,WI,AGL,CE,Federal Contract Tower,8,57,20,2,87,0,0,0,0,0,8,57,20,2,87,4,0,4,91
07/02/2008,ATW,WI,AGL,CE,Federal Contract Tower,7,46,5,0,58,0,0,5,0,5,7,46,10,0,63,0,0,0,63
07/03/2008,ATW,WI,AGL,CE,Federal Contract Tower,7,48,27,0,82,0,0,77,0,77,7,48,104,0,159,38,0,38,197
07/04/2008,ATW,WI,AGL,CE,Federal Contract Tower,2,30,5,0,37,0,0,43,0,43,2,30,48,0,80,26,0,26,106
07/05/2008,ATW,WI,AGL,CE,Federal Contract Tower,3,36,7,0,46,0,0,22,0,22,3,36,29,0,68,16,0,16,84
07/06/2008,ATW,WI,AGL,CE,Federal Contract Tower,2,37,9,0,48,0,0,18,0,18,2,37,27,0,66,0,0,0,66
07/07/2008,ATW,WI,AGL,CE,Federal Contract Tower,6,47,25,0,78,0,0,21,0,21,6,47,46,0,99,16,0,16,115
07/08/2008,ATW,WI,AGL,CE,Federal Contract Tower,7,48,24,0,79,0,0,18,0,18,7,48,42,0,97,0,0,0,97
07/09/2008,ATW,WI,AGL,CE,Federal Contract Tower,6,52,18,0,76,0,0,42,2,44,6,52,60,2,120,42,4,46,166
07/10/2008,ATW,WI,AGL,CE,Federal Contract Tower,8,46,14,0,68,0,0,34,0,34,8,46,48,0,102,0,0,0,102
07/11/2008,ATW,WI,AGL,CE,Federal Contract Tower,8,48,15,0,71,0,0,30,0,30,8,48,45,0,101,24,0,24,125
07/12/2008,ATW,WI,AGL,CE,Federal Contract Tower,3,37,2,0,42,0,0,32,0,32,3,37,34,0,74,4,0,4,78
07/13/2008,ATW,WI,AGL,CE,Federal Contract Tower,1,42,13,0,56,0,0,26,0,26,1,42,39,0,82,0,0,0,82
07/14/2008,ATW,WI,AGL,CE,Federal Contract Tower,6,47,16,0,69,0,0,42,0,42,6,47,58,0,111,80,0,80,191
07/15/2008,ATW,WI,AGL,CE,Federal Contract Tower,8,55,28,0,91,0,0,56,0,56,8,55,84,0,147,16,0,16,163
07/16/2008,ATW,WI,AGL,CE,Federal Contract Tower,8,51,25,0,84,0,0,17,0,17,8,51,42,0,101,18,0,18,119
07/17/2008,ATW,WI,AGL,CE,Federal Contract Tower,7,52,19,0,78,0,0,33,0,33,7,52,52,0,111,34,0,34,145
07/18/2008,ATW,WI,AGL,CE,Federal Contract Tower,8,50,19,0,77,0,0,27,0,27,8,50,46,0,104,42,0,42,146
07/19/2008,ATW,WI,AGL,CE,Federal Contract Tower,3,38,9,0,50,0,0,13,0,13,3,38,22,0,63,22,0,22,85
07/20/2008,ATW,WI,AGL,CE,Federal Contract Tower,1,40,8,0,49,0,0,18,0,18,1,40,26,0,67,22,0,22,89
07/21/2008,ATW,WI,AGL,CE,Federal Contract Tower,4,53,27,0,84,0,0,15,0,15,4,53,42,0,99,28,0,28,127
07/22/2008,ATW,WI,AGL,CE,Federal Contract Tower,8,51,11,0,70,0,0,39,0,39,8,51,50,0,109,40,0,40,149
07/23/2008,ATW,WI,AGL,CE,Federal Contract Tower,8,51,22,0,81,0,0,83,0,83,8,51,105,0,164,36,0,36,200
07/24/2008,ATW,WI,AGL,CE,Federal Contract Tower,8,55,28,0,91,0,0,45,0,45,8,55,73,0,136,26,0,26,162
07/25/2008,ATW,WI,AGL,CE,Federal Contract Tower,8,50,35,0,93,0,0,6,0,6,8,50,41,0,99,0,0,0,99
07/26/2008,ATW,WI,AGL,CE,Federal Contract Tower,3,37,22,0,62,0,0,83,0,83,3,37,105,0,145,18,0,18,163
07/27/2008,ATW,WI,AGL,CE,Federal Contract Tower,1,42,69,0,112,0,0,206,0,206,1,42,275,0,318,0,0,0,318
07/28/2008,ATW,WI,AGL,CE,Federal Contract Tower,3,68,51,0,122,0,0,134,0,134,3,68,185,0,256,4,0,4,260
07/29/2008,ATW,WI,AGL,CE,Federal Contract Tower,7,58,77,0,142,0,0,183,0,183,7,58,260,0,325,22,0,22,347
07/30/2008,ATW,WI,AGL,CE,Federal Contract Tower,7,62,101,0,170,0,0,341,0,341,7,62,442,0,511,12,0,12,523
07/31/2008,ATW,WI,AGL,CE,Federal Contract Tower,6,65,126,0,197,0,0,311,0,311,6,65,437,0,508,10,0,10,518
08/01/2008,ATW,WI,AGL,CE,Federal Contract Tower,9,70,92,0,171,0,0,228,0,228,9,70,320,0,399,10,18,28,427
08/02/2008,ATW,WI,AGL,CE,Federal Contract Tower,3,46,48,0,97,0,0,246,0,246,3,46,294,0,343,8,0,8,351
08/03/2008,ATW,WI,AGL,CE,Federal Contract Tower,0,46,59,0,105,0,0,220,2,222,0,46,279,2,327,0,0,0,327
08/04/2008,ATW,WI,AGL,CE,Federal Contract Tower,4,48,42,0,94,0,0,47,0,47,4,48,89,0,141,32,0,32,173
08/05/2008,ATW,WI,AGL,CE,Federal Contract Tower,6,58,32,0,96,0,0,28,0,28,6,58,60,0,124,18,0,18,142
08/06/2008,ATW,WI,AGL,CE,Federal Contract Tower,4,55,19,0,78,0,0,53,0,53,4,55,72,0,131,38,0,38,169
08/07/2008,ATW,WI,AGL,CE,Federal Contract Tower,4,47,24,0,75,0,0,80,2,82,4,47,104,2,157,40,2,42,199
08/08/2008,ATW,WI,AGL,CE,Federal Contract Tower,6,50,27,0,83,0,0,73,0,73,6,50,100,0,156,70,0,70,226
08/09/2008,ATW,WI,AGL,CE,Federal Contract Tower,2,42,14,0,58,0,0,48,0,48,2,42,62,0,106,16,0,16,122
08/10/2008,ATW,WI,AGL,CE,Federal Contract Tower,2,44,12,0,58,0,0,38,0,38,2,44,50,0,96,14,0,14,110
08/11/2008,ATW,WI,AGL,CE,Federal Contract Tower,4,52,16,5,77,0,0,36,0,36,4,52,52,5,113,32,8,40,153
08/12/2008,ATW,WI,AGL,CE,Federal Contract Tower,6,51,13,0,70,0,0,42,0,42,6,51,55,0,112,38,0,38,150
08/13/2008,ATW,WI,AGL,CE,Federal Contract Tower,6,57,30,0,93,0,0,28,0,28,6,57,58,0,121,30,0,30,151
08/14/2008,ATW,WI,AGL,CE,Federal Contract Tower,6,51,24,0,81,0,0,53,0,53,6,51,77,0,134,48,0,48,182
08/15/2008,ATW,WI,AGL,CE,Federal Contract Tower,6,49,17,0,72,0,0,72,0,72,6,49,89,0,144,40,0,40,184
08/16/2008,ATW,WI,AGL,CE,Federal Contract Tower,2,40,8,0,50,0,0,85,0,85,2,40,93,0,135,60,0,60,195
08/17/2008,ATW,WI,AGL,CE,Federal Contract Tower,0,46,3,0,49,0,0,79,0,79,0,46,82,0,128,10,0,10,138
08/18/2008,ATW,WI,AGL,CE,Federal Contract Tower,4,55,22,0,81,0,0,49,0,49,4,55,71,0,130,10,0,10,140
08/19/2008,ATW,WI,AGL,CE,Federal Contract Tower,6,56,30,0,92,0,0,35,0,35,6,56,65,0,127,8,0,8,135
08/20/2008,ATW,WI,AGL,CE,Federal Contract Tower,6,50,23,0,79,0,0,38,0,38,6,50,61,0,117,20,0,20,137
08/21/2008,ATW,WI,AGL,CE,Federal Contract Tower,8,53,29,0,90,0,0,33,2,35,8,53,62,2,125,34,2,36,161
08/22/2008,ATW,WI,AGL,CE,Federal Contract Tower,6,50,34,6,96,0,0,10,0,10,6,50,44,6,106,14,0,14,120
08/23/2008,ATW,WI,AGL,CE,Federal Contract Tower,2,33,3,0,38,0,0,35,0,35,2,33,38,0,73,12,0,12,85
08/24/2008,ATW,WI,AGL,CE,Federal Contract Tower,3,40,7,0,50,0,0,39,0,39,3,40,46,0,89,38,0,38,127
08/25/2008,ATW,WI,AGL,CE,Federal Contract Tower,4,52,16,0,72,0,0,38,0,38,4,52,54,0,110,34,0,34,144
08/26/2008,ATW,WI,AGL,CE,Federal Contract Tower,6,46,27,0,79,0,0,27,0,27,6,46,54,0,106,20,0,20,126
08/27/2008,ATW,WI,AGL,CE,Federal Contract Tower,8,46,23,0,77,0,0,56,0,56,8,46,79,0,133,18,0,18,151
08/28/2008,ATW,WI,AGL,CE,Federal Contract Tower,8,50,19,0,77,0,0,11,0,11,8,50,30,0,88,16,0,16,104
08/29/2008,ATW,WI,AGL,CE,Federal Contract Tower,4,53,19,0,76,0,0,41,0,41,4,53,60,0,117,10,0,10,127
08/30/2008,ATW,WI,AGL,CE,Federal Contract Tower,2,29,9,0,40,0,0,40,0,40,2,29,49,0,80,6,0,6,86
08/31/2008,ATW,WI,AGL,CE,Federal Contract Tower,2,26,2,0,30,0,0,28,0,28,2,26,30,0,58,8,0,8,66
09/01/2008,ATW,WI,AGL,CE,Federal Contract Tower,0,44,10,0,54,0,0,33,0,33,0,44,43,0,87,20,0,20,107
09/02/2008,ATW,WI,AGL,CE,Federal Contract Tower,2,50,16,0,68,0,0,19,0,19,2,50,35,0,87,22,0,22,109
09/03/2008,ATW,WI,AGL,CE,Federal Contract Tower,6,50,20,0,76,0,4,41,0,45,6,54,61,0,121,20,0,20,141
09/04/2008,ATW,WI,AGL,CE,Federal Contract Tower,8,45,27,0,80,0,0,3,0,3,8,45,30,0,83,0,0,0,83
09/05/2008,ATW,WI,AGL,CE,Federal Contract Tower,7,50,21,0,78,0,0,19,0,19,7,50,40,0,97,28,0,28,125
09/06/2008,ATW,WI,AGL,CE,Federal Contract Tower,3,33,20,0,56,0,0,36,0,36,3,33,56,0,92,4,0,4,96
09/07/2008,ATW,WI,AGL,CE,Federal Contract Tower,4,44,10,0,58,0,0,22,0,22,4,44,32,0,80,18,0,18,98
09/08/2008,ATW,WI,AGL,CE,Federal Contract Tower,4,44,25,0,73,0,3,34,0,37,4,47,59,0,110,18,0,18,128
09/09/2008,ATW,WI,AGL,CE,Federal Contract Tower,4,45,26,0,75,0,0,38,0,38,4,45,64,0,113,22,0,22,135
09/10/2008,ATW,WI,AGL,CE,Federal Contract Tower,6,47,23,0,76,0,1,62,0,63,6,48,85,0,139,24,0,24,163
09/11/2008,ATW,WI,AGL,CE,Federal Contract Tower,8,45,32,0,85,0,0,1,0,1,8,45,33,0,86,2,0,2,88
09/12/2008,ATW,WI,AGL,CE,Federal Contract Tower,6,45,25,0,76,0,0,15,0,15,6,45,40,0,91,0,0,0,91
09/13/2008,ATW,WI,AGL,CE,Federal Contract Tower,3,27,3,0,33,0,0,0,0,0,3,27,3,0,33,0,0,0,33
09/14/2008,ATW,WI,AGL,CE,Federal Contract Tower,2,40,17,0,59,0,2,3,0,5,2,42,20,0,64,12,0,12,76
09/15/2008,ATW,WI,AGL,CE,Federal Contract Tower,4,53,20,1,78,0,4,42,0,46,4,57,62,1,124,22,0,22,146
09/16/2008,ATW,WI,AGL,CE,Federal Contract Tower,6,44,17,0,67,0,0,36,0,36,6,44,53,0,103,28,0,28,131
09/17/2008,ATW,WI,AGL,CE,Federal Contract Tower,5,47,28,0,80,0,0,53,0,53,5,47,81,0,133,38,0,38,171
09/18/2008,ATW,WI,AGL,CE,Federal Contract Tower,8,52,22,0,82,0,0,50,0,50,8,52,72,0,132,28,0,28,160
09/19/2008,ATW,WI,AGL,CE,Federal Contract Tower,5,50,27,0,82,0,0,28,0,28,5,50,55,0,110,0,0,0,110
09/20/2008,ATW,WI,AGL,CE,Federal Contract Tower,2,30,13,0,45,0,0,56,0,56,2,30,69,0,101,44,0,44,145
09/21/2008,ATW,WI,AGL,CE,Federal Contract Tower,2,48,20,0,70,0,0,43,0,43,2,48,63,0,113,12,0,12,125
09/22/2008,ATW,WI,AGL,CE,Federal Contract Tower,6,49,33,0,88,0,0,20,0,20,6,49,53,0,108,0,0,0,108
09/23/2008,ATW,WI,AGL,CE,Federal Contract Tower,8,43,18,0,69,0,0,20,0,20,8,43,38,0,89,0,0,0,89
09/24/2008,ATW,WI,AGL,CE,Federal Contract Tower,6,53,18,0,77,0,0,16,0,16,6,53,34,0,93,22,0,22,115
09/25/2008,ATW,WI,AGL,CE,Federal Contract Tower,8,53,16,0,77,0,0,52,0,52,8,53,68,0,129,0,0,0,129
09/26/2008,ATW,WI,AGL,CE,Federal Contract Tower,7,48,25,0,80,0,0,26,0,26,7,48,51,0,106,24,0,24,130
09/27/2008,ATW,WI,AGL,CE,Federal Contract Tower,5,27,11,0,43,0,0,29,0,29,5,27,40,0,72,14,0,14,86
09/28/2008,ATW,WI,AGL,CE,Federal Contract Tower,2,38,18,0,58,0,0,1,0,1,2,38,19,0,59,0,0,0,59
09/29/2008,ATW,WI,AGL,CE,Federal Contract Tower,4,46,22,0,72,0,0,0,0,0,4,46,22,0,72,0,0,0,72
09/30/2008,ATW,WI,AGL,CE,Federal Contract Tower,6,47,20,0,73,0,1,7,0,8,6,48,27,0,81,4,0,4,85
10/01/2008,ATW,WI,AGL,CE,Federal Contract Tower,7,43,22,0,72,0,0,15,0,15,7,43,37,0,87,0,0,0,87
10/02/2008,ATW,WI,AGL,CE,Federal Contract Tower,9,46,19,0,74,0,4,6,0,10,9,50,25,0,84,10,0,10,94
10/03/2008,ATW,WI,AGL,CE,Federal Contract Tower,8,50,11,0,69,0,1,52,0,53,8,51,63,0,122,28,0,28,150
10/04/2008,ATW,WI,AGL,CE,Federal Contract Tower,9,24,10,0,43,0,0,72,0,72,9,24,82,0,115,4,0,4,119
10/05/2008,ATW,WI,AGL,CE,Federal Contract Tower,5,38,9,0,52,0,0,10,0,10,5,38,19,0,62,26,0,26,88
10/06/2008,ATW,WI,AGL,CE,Federal Contract Tower,4,49,22,0,75,0,0,5,0,5,4,49,27,0,80,2,0,2,82
10/07/2008,ATW,WI,AGL,CE,Federal Contract Tower,6,48,9,0,63,0,0,12,0,12,6,48,21,0,75,8,0,8,83
10/08/2008,ATW,WI,AGL,CE,Federal Contract Tower,6,44,17,0,67,0,0,18,0,18,6,44,35,0,85,16,0,16,101
10/09/2008,ATW,WI,AGL,CE,Federal Contract Tower,7,49,25,0,81,0,0,24,0,24,7,49,49,0,105,6,0,6,111
10/10/2008,ATW,WI,AGL,CE,Federal Contract Tower,5,47,22,0,74,0,0,34,0,34,5,47,56,0,108,22,0,22,130
10/11/2008,ATW,WI,AGL,CE,Federal Contract Tower,4,28,7,0,39,0,0,31,0,31,4,28,38,0,70,22,0,22,92
10/12/2008,ATW,WI,AGL,CE,Federal Contract Tower,2,39,12,0,53,0,0,41,0,41,2,39,53,0,94,28,0,28,122
10/13/2008,ATW,WI,AGL,CE,Federal Contract Tower,5,45,16,0,66,0,0,20,0,20,5,45,36,0,86,22,0,22,108
10/14/2008,ATW,WI,AGL,CE,Federal Contract Tower,8,41,19,0,68,0,0,30,0,30,8,41,49,0,98,16,0,16,114
10/15/2008,ATW,WI,AGL,CE,Federal Contract Tower,8,43,20,0,71,0,0,0,0,0,8,43,20,0,71,0,0,0,71
10/16/2008,ATW,WI,AGL,CE,Federal Contract Tower,10,51,17,0,78,0,0,29,0,29,10,51,46,0,107,44,0,44,151
10/17/2008,ATW,WI,AGL,CE,Federal Contract Tower,9,49,30,2,90,0,0,23,0,23,9,49,53,2,113,32,0,32,145
10/18/2008,ATW,WI,AGL,CE,Federal Contract Tower,6,32,17,0,55,0,0,51,0,51,6,32,68,0,106,34,0,34,140
10/19/2008,ATW,WI,AGL,CE,Federal Contract Tower,2,42,14,0,58,0,0,13,0,13,2,42,27,0,71,0,0,0,71
10/20/2008,ATW,WI,AGL,CE,Federal Contract Tower,5,48,20,0,73,0,0,4,0,4,5,48,24,0,77,0,0,0,77
10/21/2008,ATW,WI,AGL,CE,Federal Contract Tower,8,46,24,0,78,0,0,26,0,26,8,46,50,0,104,24,0,24,128
10/22/2008,ATW,WI,AGL,CE,Federal Contract Tower,9,50,21,1,81,0,0,33,0,33,9,50,54,1,114,20,0,20,134
10/23/2008,ATW,WI,AGL,CE,Federal Contract Tower,12,52,23,0,87,0,0,24,0,24,12,52,47,0,111,6,0,6,117
10/24/2008,ATW,WI,AGL,CE,Federal Contract Tower,8,45,8,0,61,0,0,0,0,0,8,45,8,0,61,0,0,0,61
10/25/2008,ATW,WI,AGL,CE,Federal Contract Tower,6,27,14,0,47,0,0,7,0,7,6,27,21,0,54,6,0,6,60
10/26/2008,ATW,WI,AGL,CE,Federal Contract Tower,4,42,2,0,48,0,0,1,0,1,4,42,3,0,49,0,0,0,49
10/27/2008,ATW,WI,AGL,CE,Federal Contract Tower,5,50,18,1,74,0,0,12,0,12,5,50,30,1,86,4,0,4,90
10/28/2008,ATW,WI,AGL,CE,Federal Contract Tower,6,42,12,0,60,0,0,29,0,29,6,42,41,0,89,28,0,28,117
10/29/2008,ATW,WI,AGL,CE,Federal Contract Tower,8,51,28,0,87,0,0,30,0,30,8,51,58,0,117,16,0,16,133
10/30/2008,ATW,WI,AGL,CE,Federal Contract Tower,10,52,20,0,82,0,0,25,0,25,10,52,45,0,107,2,0,2,109
10/31/2008,ATW,WI,AGL,CE,Federal Contract Tower,8,43,15,0,66,0,0,39,0,39,8,43,54,0,105,24,0,24,129
11/01/2008,ATW,WI,AGL,CE,Federal Contract Tower,6,27,7,0,40,0,0,24,0,24,6,27,31,0,64,14,0,14,78
11/02/2008,ATW,WI,AGL,CE,Federal Contract Tower,5,43,4,0,52,0,0,12,0,12,5,43,16,0,64,2,0,2,66
11/03/2008,ATW,WI,AGL,CE,Federal Contract Tower,10,40,25,0,75,0,0,22,0,22,10,40,47,0,97,24,0,24,121
11/04/2008,ATW,WI,AGL,CE,Federal Contract Tower,12,37,14,0,63,0,0,12,0,12,12,37,26,0,75,12,0,12,87
11/05/2008,ATW,WI,AGL,CE,Federal Contract Tower,15,36,7,0,58,0,0,9,0,9,15,36,16,0,67,0,2,2,69
11/06/2008,ATW,WI,AGL,CE,Federal Contract Tower,16,39,25,0,80,0,0,8,0,8,16,39,33,0,88,2,0,2,90
11/07/2008,ATW,WI,AGL,CE,Federal Contract Tower,14,38,11,0,63,0,0,5,0,5,14,38,16,0,68,2,0,2,70
11/08/2008,ATW,WI,AGL,CE,Federal Contract Tower,4,29,2,0,35,0,0,0,0,0,4,29,2,0,35,0,0,0,35
11/09/2008,ATW,WI,AGL,CE,Federal Contract Tower,7,39,3,0,49,0,0,1,0,1,7,39,4,0,50,2,0,2,52
11/10/2008,ATW,WI,AGL,CE,Federal Contract Tower,10,39,27,0,76,0,0,13,0,13,10,39,40,0,89,8,0,8,97
11/11/2008,ATW,WI,AGL,CE,Federal Contract Tower,12,35,9,0,56,0,0,11,0,11,12,35,20,0,67,16,0,16,83
11/12/2008,ATW,WI,AGL,CE,Federal Contract Tower,11,38,8,0,57,0,0,0,0,0,11,38,8,0,57,0,0,0,57
11/13/2008,ATW,WI,AGL,CE,Federal Contract Tower,16,37,23,2,78,0,0,3,0,3,16,37,26,2,81,0,0,0,81
11/14/2008,ATW,WI,AGL,CE,Federal Contract Tower,13,38,16,1,68,0,0,9,0,9,13,38,25,1,77,2,0,2,79
11/15/2008,ATW,WI,AGL,CE,Federal Contract Tower,6,26,4,0,36,0,28,10,0,38,6,54,14,0,74,10,0,10,84
11/16/2008,ATW,WI,AGL,CE,Federal Contract Tower,6,38,2,0,46,0,0,23,0,23,6,38,25,0,69,20,0,20,89
11/17/2008,ATW,WI,AGL,CE,Federal Contract Tower,7,41,8,0,56,0,0,8,0,8,7,41,16,0,64,10,0,10,74
11/18/2008,ATW,WI,AGL,CE,Federal Contract Tower,12,35,14,0,61,0,0,25,0,25,12,35,39,0,86,20,0,20,106
11/19/2008,ATW,WI,AGL,CE,Federal Contract Tower,16,38,21,0,75,0,0,18,0,18,16,38,39,0,93,22,0,22,115
11/20/2008,ATW,WI,AGL,CE,Federal Contract Tower,16,39,10,0,65,0,0,9,0,9,16,39,19,0,74,8,0,8,82
11/21/2008,ATW,WI,AGL,CE,Federal Contract Tower,13,42,14,0,69,0,0,20,0,20,13,42,34,0,89,4,0,4,93
11/22/2008,ATW,WI,AGL,CE,Federal Contract Tower,4,28,6,0,38,0,0,25,0,25,4,28,31,0,63,14,0,14,77
11/23/2008,ATW,WI,AGL,CE,Federal Contract Tower,7,35,6,0,48,0,2,20,0,22,7,37,26,0,70,6,0,6,76
11/24/2008,ATW,WI,AGL,CE,Federal Contract Tower,10,38,13,0,61,0,0,0,0,0,10,38,13,0,61,0,0,0,61
11/25/2008,ATW,WI,AGL,CE,Federal Contract Tower,9,41,16,0,66,0,0,9,0,9,9,41,25,0,75,12,0,12,87
11/26/2008,ATW,WI,AGL,CE,Federal Contract Tower,12,39,18,0,69,0,0,31,0,31,12,39,49,0,100,20,0,20,120
11/27/2008,ATW,WI,AGL,CE,Federal Contract Tower,1,27,1,0,29,0,0,4,0,4,1,27,5,0,33,0,0,0,33
11/28/2008,ATW,WI,AGL,CE,Federal Contract Tower,2,30,4,0,36,0,0,19,0,19,2,30,23,0,55,10,0,10,65
11/29/2008,ATW,WI,AGL,CE,Federal Contract Tower,5,36,13,0,54,0,0,36,0,36,5,36,49,0,90,18,0,18,108
11/30/2008,ATW,WI,AGL,CE,Federal Contract Tower,6,34,7,0,47,0,0,0,0,0,6,34,7,0,47,0,0,0,47
12/01/2008,ATW,WI,AGL,CE,Federal Contract Tower,5,40,13,1,59,0,0,0,0,0,5,40,13,1,59,2,0,2,61
12/02/2008,ATW,WI,AGL,CE,Federal Contract Tower,10,39,14,0,63,0,0,4,0,4,10,39,18,0,67,16,0,16,83
12/03/2008,ATW,WI,AGL,CE,Federal Contract Tower,12,36,4,0,52,0,0,5,0,5,12,36,9,0,57,0,0,0,57
12/04/2008,ATW,WI,AGL,CE,Federal Contract Tower,12,38,13,0,63,0,1,9,0,10,12,39,22,0,73,24,0,24,97
12/05/2008,ATW,WI,AGL,CE,Federal Contract Tower,10,39,11,2,62,0,0,6,0,6,10,39,17,2,68,6,0,6,74
12/06/2008,ATW,WI,AGL,CE,Federal Contract Tower,6,28,2,0,36,0,0,1,0,1,6,28,3,0,37,0,0,0,37
12/07/2008,ATW,WI,AGL,CE,Federal Contract Tower,7,34,6,2,49,0,0,4,0,4,7,34,10,2,53,10,0,10,63
12/08/2008,ATW,WI,AGL,CE,Federal Contract Tower,8,41,12,1,62,0,0,4,0,4,8,41,16,1,66,2,0,2,68
12/09/2008,ATW,WI,AGL,CE,Federal Contract Tower,7,34,9,0,50,0,0,0,0,0,7,34,9,0,50,4,0,4,54
12/10/2008,ATW,WI,AGL,CE,Federal Contract Tower,11,43,19,0,73,0,0,6,0,6,11,43,25,0,79,18,0,18,97
12/11/2008,ATW,WI,AGL,CE,Federal Contract Tower,10,39,18,0,67,0,3,22,0,25,10,42,40,0,92,14,0,14,106
12/12/2008,ATW,WI,AGL,CE,Federal Contract Tower,8,45,10,0,63,0,0,14,0,14,8,45,24,0,77,2,0,2,79
12/13/2008,ATW,WI,AGL,CE,Federal Contract Tower,7,25,9,0,41,0,0,5,0,5,7,25,14,0,46,0,0,0,46
12/14/2008,ATW,WI,AGL,CE,Federal Contract Tower,7,34,2,0,43,0,0,0,0,0,7,34,2,0,43,0,0,0,43
12/15/2008,ATW,WI,AGL,CE,Federal Contract Tower,7,37,8,0,52,0,0,1,0,1,7,37,9,0,53,0,0,0,53
12/16/2008,ATW,WI,AGL,CE,Federal Contract Tower,4,33,13,0,50,0,0,0,0,0,4,33,13,0,50,2,0,2,52
12/17/2008,ATW,WI,AGL,CE,Federal Contract Tower,10,46,13,0,69,0,0,10,0,10,10,46,23,0,79,4,0,4,83
12/18/2008,ATW,WI,AGL,CE,Federal Contract Tower,11,40,13,0,64,0,0,18,0,18,11,40,31,0,82,12,0,12,94
12/19/2008,ATW,WI,AGL,CE,Federal Contract Tower,8,31,5,0,44,0,0,4,0,4,8,31,9,0,48,12,0,12,60
12/20/2008,ATW,WI,AGL,CE,Federal Contract Tower,7,31,4,1,43,0,0,0,0,0,7,31,4,1,43,0,0,0,43
12/21/2008,ATW,WI,AGL,CE,Federal Contract Tower,6,31,2,0,39,0,0,0,0,0,6,31,2,0,39,0,0,0,39
12/22/2008,ATW,WI,AGL,CE,Federal Contract Tower,5,39,12,0,56,0,0,10,0,10,5,39,22,0,66,14,0,14,80
12/23/2008,ATW,WI,AGL,CE,Federal Contract Tower,4,39,4,0,47,0,0,0,0,0,4,39,4,0,47,0,0,0,47
12/24/2008,ATW,WI,AGL,CE,Federal Contract Tower,6,36,0,0,42,0,0,0,0,0,6,36,0,0,42,0,0,0,42
12/25/2008,ATW,WI,AGL,CE,Federal Contract Tower,0,31,2,0,33,0,0,4,0,4,0,31,6,0,37,0,0,0,37
12/26/2008,ATW,WI,AGL,CE,Federal Contract Tower,2,23,2,0,27,0,0,0,0,0,2,23,2,0,27,0,0,0,27
12/27/2008,ATW,WI,AGL,CE,Federal Contract Tower,0,3,0,0,3,0,0,0,0,0,0,3,0,0,3,0,0,0,3
12/28/2008,ATW,WI,AGL,CE,Federal Contract Tower,8,33,5,0,46,0,0,3,0,3,8,33,8,0,49,8,0,8,57
12/29/2008,ATW,WI,AGL,CE,Federal Contract Tower,8,39,16,1,64,0,0,6,0,6,8,39,22,1,70,12,0,12,82
12/30/2008,ATW,WI,AGL,CE,Federal Contract Tower,9,39,3,0,51,0,0,0,0,0,9,39,3,0,51,0,0,0,51
12/31/2008,ATW,WI,AGL,CE,Federal Contract Tower,8,34,6,0,48,0,0,11,0,11,8,34,17,0,59,20,0,20,79
01/01/2009,ATW,WI,AGL,CE,Federal Contract Tower,0,35,0,0,35,0,0,2,0,2,0,35,2,0,37,0,0,0,37
01/02/2009,ATW,WI,AGL,CE,Federal Contract Tower,6,38,10,0,54,0,0,24,0,24,6,38,34,0,78,4,0,4,82
01/03/2009,ATW,WI,AGL,CE,Federal Contract Tower,3,28,5,0,36,0,0,3,0,3,3,28,8,0,39,8,0,8,47
01/04/2009,ATW,WI,AGL,CE,Federal Contract Tower,4,33,3,0,40,0,0,0,0,0,4,33,3,0,40,0,0,0,40
01/05/2009,ATW,WI,AGL,CE,Federal Contract Tower,6,36,6,0,48,0,0,16,0,16,6,36,22,0,64,24,0,24,88
01/06/2009,ATW,WI,AGL,CE,Federal Contract Tower,6,34,15,0,55,0,0,8,0,8,6,34,23,0,63,24,0,24,87
01/07/2009,ATW,WI,AGL,CE,Federal Contract Tower,8,34,8,0,50,0,0,1,0,1,8,34,9,0,51,0,0,0,51
01/08/2009,ATW,WI,AGL,CE,Federal Contract Tower,10,37,15,0,62,0,0,18,0,18,10,37,33,0,80,14,0,14,94
01/09/2009,ATW,WI,AGL,CE,Federal Contract Tower,6,30,14,0,50,0,0,1,0,1,6,30,15,0,51,0,0,0,51
01/10/2009,ATW,WI,AGL,CE,Federal Contract Tower,4,17,11,10,42,0,0,11,2,13,4,17,22,12,55,8,24,32,87
01/11/2009,ATW,WI,AGL,CE,Federal Contract Tower,2,37,7,0,46,0,0,22,0,22,2,37,29,0,68,6,0,6,74
01/12/2009,ATW,WI,AGL,CE,Federal Contract Tower,5,40,5,0,50,0,0,7,0,7,5,40,12,0,57,20,0,20,77
01/13/2009,ATW,WI,AGL,CE,Federal Contract Tower,6,36,7,0,49,0,0,6,0,6,6,36,13,0,55,10,0,10,65
01/14/2009,ATW,WI,AGL,CE,Federal Contract Tower,7,33,8,0,48,0,1,2,0,3,7,34,10,0,51,0,0,0,51
01/15/2009,ATW,WI,AGL,CE,Federal Contract Tower,9,40,11,0,60,0,0,6,0,6,9,40,17,0,66,0,0,0,66
01/16/2009,ATW,WI,AGL,CE,Federal Contract Tower,8,36,7,0,51,0,0,8,0,8,8,36,15,0,59,2,0,2,61
01/17/2009,ATW,WI,AGL,CE,Federal Contract Tower,6,18,0,0,24,0,0,0,0,0,6,18,0,0,24,0,0,0,24
01/18/2009,ATW,WI,AGL,CE,Federal Contract Tower,11,23,6,2,42,0,0,14,0,14,11,23,20,2,56,6,0,6,62
01/19/2009,ATW,WI,AGL,CE,Federal Contract Tower,7,36,5,0,48,0,0,11,0,11,7,36,16,0,59,20,0,20,79
01/20/2009,ATW,WI,AGL,CE,Federal Contract Tower,6,37,9,0,52,0,0,8,0,8,6,37,17,0,60,0,0,0,60
01/21/2009,ATW,WI,AGL,CE,Federal Contract Tower,8,39,11,0,58,0,0,0,0,0,8,39,11,0,58,0,0,0,58
01/22/2009,ATW,WI,AGL,CE,Federal Contract Tower,8,39,14,0,61,0,0,0,0,0,8,39,14,0,61,0,0,0,61
01/23/2009,ATW,WI,AGL,CE,Federal Contract Tower,8,42,8,0,58,0,0,3,0,3,8,42,11,0,61,0,0,0,61
01/24/2009,ATW,WI,AGL,CE,Federal Contract Tower,6,19,4,1,30,0,0,21,0,21,6,19,25,1,51,10,0,10,61
01/25/2009,ATW,WI,AGL,CE,Federal Contract Tower,10,24,6,0,40,0,0,9,0,9,10,24,15,0,49,4,0,4,53
01/26/2009,ATW,WI,AGL,CE,Federal Contract Tower,7,38,11,0,56,0,1,1,0,2,7,39,12,0,58,0,0,0,58
01/27/2009,ATW,WI,AGL,CE,Federal Contract Tower,6,36,12,0,54,0,0,7,0,7,6,36,19,0,61,30,0,30,91
01/28/2009,ATW,WI,AGL,CE,Federal Contract Tower,8,36,6,0,50,0,0,7,0,7,8,36,13,0,57,14,0,14,71
01/29/2009,ATW,WI,AGL,CE,Federal Contract Tower,8,38,17,0,63,0,0,3,0,3,8,38,20,0,66,4,0,4,70
01/30/2009,ATW,WI,AGL,CE,Federal Contract Tower,8,41,10,0,59,0,0,11,0,11,8,41,21,0,70,6,0,6,76
01/31/2009,ATW,WI,AGL,CE,Federal Contract Tower,6,19,5,0,30,0,0,5,0,5,6,19,10,0,35,8,0,8,43
02/01/2009,ATW,WI,AGL,CE,Federal Contract Tower,10,27,4,2,43,0,0,7,0,7,10,27,11,2,50,4,0,4,54
02/02/2009,ATW,WI,AGL,CE,Federal Contract Tower,6,41,4,0,51,0,0,12,2,14,6,41,16,2,65,4,0,4,69
02/03/2009,ATW,WI,AGL,CE,Federal Contract Tower,5,39,14,0,58,0,0,5,0,5,5,39,19,0,63,26,0,26,89
02/04/2009,ATW,WI,AGL,CE,Federal Contract Tower,9,34,17,0,60,0,0,18,0,18,9,34,35,0,78,38,0,38,116
02/05/2009,ATW,WI,AGL,CE,Federal Contract Tower,10,37,15,1,63,0,0,15,1,16,10,37,30,2,79,16,0,16,95
02/06/2009,ATW,WI,AGL,CE,Federal Contract Tower,6,37,18,0,61,0,0,12,0,12,6,37,30,0,73,0,0,0,73
02/07/2009,ATW,WI,AGL,CE,Federal Contract Tower,4,23,10,0,37,0,0,18,0,18,4,23,28,0,55,12,0,12,67
02/08/2009,ATW,WI,AGL,CE,Federal Contract Tower,11,24,6,0,41,0,0,49,0,49,11,24,55,0,90,30,0,30,120
02/09/2009,ATW,WI,AGL,CE,Federal Contract Tower,8,41,8,0,57,0,0,0,0,0,8,41,8,0,57,0,0,0,57
02/10/2009,ATW,WI,AGL,CE,Federal Contract Tower,6,38,8,2,54,0,0,7,0,7,6,38,15,2,61,4,0,4,65
02/11/2009,ATW,WI,AGL,CE,Federal Contract Tower,7,40,15,0,62,0,0,8,0,8,7,40,23,0,70,4,0,4,74
02/12/2009,ATW,WI,AGL,CE,Federal Contract Tower,12,42,20,0,74,0,0,6,0,6,12,42,26,0,80,0,0,0,80
02/13/2009,ATW,WI,AGL,CE,Federal Contract Tower,10,34,7,3,54,0,0,16,0,16,10,34,23,3,70,40,0,40,110
02/14/2009,ATW,WI,AGL,CE,Federal Contract Tower,4,27,4,0,35,0,0,23,0,23,4,27,27,0,58,22,0,22,80
02/15/2009,ATW,WI,AGL,CE,Federal Contract Tower,7,27,5,0,39,0,0,25,0,25,7,27,30,0,64,12,0,12,76
02/16/2009,ATW,WI,AGL,CE,Federal Contract Tower,11,35,10,0,56,0,0,16,0,16,11,35,26,0,72,6,0,6,78
02/17/2009,ATW,WI,AGL,CE,Federal Contract Tower,9,34,14,0,57,0,0,4,0,4,9,34,18,0,61,0,0,0,61
02/18/2009,ATW,WI,AGL,CE,Federal Contract Tower,12,33,7,0,52,0,0,0,0,0,12,33,7,0,52,0,0,0,52
02/19/2009,ATW,WI,AGL,CE,Federal Contract Tower,12,36,11,0,59,0,0,6,0,6,12,36,17,0,65,0,0,0,65
02/20/2009,ATW,WI,AGL,CE,Federal Contract Tower,10,39,10,0,59,0,0,6,0,6,10,39,16,0,65,6,0,6,71
02/21/2009,ATW,WI,AGL,CE,Federal Contract Tower,4,25,0,0,29,0,0,0,0,0,4,25,0,0,29,0,0,0,29
02/22/2009,ATW,WI,AGL,CE,Federal Contract Tower,5,33,4,0,42,0,0,17,0,17,5,33,21,0,59,16,0,16,75
02/23/2009,ATW,WI,AGL,CE,Federal Contract Tower,10,42,15,0,67,0,0,18,0,18,10,42,33,0,85,12,0,12,97
02/24/2009,ATW,WI,AGL,CE,Federal Contract Tower,10,33,26,2,71,0,0,21,0,21,10,33,47,2,92,14,0,14,106
02/25/2009,ATW,WI,AGL,CE,Federal Contract Tower,11,40,14,0,65,0,0,2,0,2,11,40,16,0,67,4,0,4,71
02/26/2009,ATW,WI,AGL,CE,Federal Contract Tower,11,34,9,0,54,0,0,0,0,0,11,34,9,0,54,0,0,0,54
02/27/2009,ATW,WI,AGL,CE,Federal Contract Tower,12,35,11,0,58,0,0,6,0,6,12,35,17,0,64,2,0,2,66
02/28/2009,ATW,WI,AGL,CE,Federal Contract Tower,4,25,5,2,36,0,0,13,0,13,4,25,18,2,49,8,0,8,57
03/01/2009,ATW,WI,AGL,CE,Federal Contract Tower,4,25,1,0,30,0,0,12,0,12,4,25,13,0,42,4,0,4,46
03/02/2009,ATW,WI,AGL,CE,Federal Contract Tower,6,37,16,0,59,0,0,24,0,24,6,37,40,0,83,36,0,36,119
03/03/2009,ATW,WI,AGL,CE,Federal Contract Tower,6,45,19,0,70,0,0,18,0,18,6,45,37,0,88,22,0,22,110
03/04/2009,ATW,WI,AGL,CE,Federal Contract Tower,10,46,11,0,67,0,0,31,0,31,10,46,42,0,98,8,0,8,106
03/05/2009,ATW,WI,AGL,CE,Federal Contract Tower,12,40,7,2,61,0,0,1,0,1,12,40,8,2,62,0,0,0,62
03/06/2009,ATW,WI,AGL,CE,Federal Contract Tower,10,39,15,2,66,0,0,9,0,9,10,39,24,2,75,6,0,6,81
03/07/2009,ATW,WI,AGL,CE,Federal Contract Tower,4,32,2,0,38,0,0,3,0,3,4,32,5,0,41,0,0,0,41
03/08/2009,ATW,WI,AGL,CE,Federal Contract Tower,1,20,1,0,22,0,0,0,0,0,1,20,1,0,22,0,0,0,22
03/09/2009,ATW,WI,AGL,CE,Federal Contract Tower,11,38,20,0,69,0,2,27,0,29,11,40,47,0,98,36,0,36,134
03/10/2009,ATW,WI,AGL,CE,Federal Contract Tower,6,21,2,0,29,0,0,0,0,0,6,21,2,0,29,0,0,0,29
03/11/2009,ATW,WI,AGL,CE,Federal Contract Tower,11,38,10,0,59,0,0,5,0,5,11,38,15,0,64,2,0,2,66
03/12/2009,ATW,WI,AGL,CE,Federal Contract Tower,12,43,13,0,68,0,0,27,0,27,12,43,40,0,95,10,0,10,105
03/13/2009,ATW,WI,AGL,CE,Federal Contract Tower,11,47,0,0,58,0,0,46,0,46,11,47,46,0,104,54,0,54,158
03/14/2009,ATW,WI,AGL,CE,Federal Contract Tower,5,29,4,0,38,0,0,43,0,43,5,29,47,0,81,26,0,26,107
03/15/2009,ATW,WI,AGL,CE,Federal Contract Tower,9,29,7,0,45,0,0,39,0,39,9,29,46,0,84,4,0,4,88
03/16/2009,ATW,WI,AGL,CE,Federal Contract Tower,11,38,14,0,63,0,0,15,0,15,11,38,29,0,78,4,0,4,82
03/17/2009,ATW,WI,AGL,CE,Federal Contract Tower,8,35,15,0,58,0,0,10,0,10,8,35,25,0,68,8,0,8,76
03/18/2009,ATW,WI,AGL,CE,Federal Contract Tower,12,36,17,0,65,0,0,18,0,18,12,36,35,0,83,10,0,10,93
03/19/2009,ATW,WI,AGL,CE,Federal Contract Tower,10,37,20,2,69,0,3,30,0,33,10,40,50,2,102,12,0,12,114
03/20/2009,ATW,WI,AGL,CE,Federal Contract Tower,10,39,14,0,63,0,0,19,0,19,10,39,33,0,82,0,0,0,82
03/21/2009,ATW,WI,AGL,CE,Federal Contract Tower,3,33,5,0,41,0,0,35,0,35,3,33,40,0,76,12,0,12,88
03/22/2009,ATW,WI,AGL,CE,Federal Contract Tower,7,30,14,0,51,0,0,20,0,20,7,30,34,0,71,26,0,26,97
03/23/2009,ATW,WI,AGL,CE,Federal Contract Tower,11,39,9,0,59,0,0,0,0,0,11,39,9,0,59,0,0,0,59
03/24/2009,ATW,WI,AGL,CE,Federal Contract Tower,10,35,3,0,48,0,0,0,0,0,10,35,3,0,48,0,0,0,48
03/25/2009,ATW,WI,AGL,CE,Federal Contract Tower,11,39,11,0,61,0,0,0,0,0,11,39,11,0,61,0,0,0,61
03/26/2009,ATW,WI,AGL,CE,Federal Contract Tower,14,32,27,0,73,0,0,13,0,13,14,32,40,0,86,8,0,8,94
03/27/2009,ATW,WI,AGL,CE,Federal Contract Tower,12,37,20,0,69,0,2,27,0,29,12,39,47,0,98,12,0,12,110
03/28/2009,ATW,WI,AGL,CE,Federal Contract Tower,4,33,8,0,45,0,0,9,0,9,4,33,17,0,54,8,0,8,62
03/29/2009,ATW,WI,AGL,CE,Federal Contract Tower,3,37,7,0,47,0,0,10,0,10,3,37,17,0,57,4,0,4,61
03/30/2009,ATW,WI,AGL,CE,Federal Contract Tower,6,41,19,0,66,0,3,29,0,32,6,44,48,0,98,30,0,30,128
03/31/2009,ATW,WI,AGL,CE,Federal Contract Tower,6,42,10,0,58,0,0,0,0,0,6,42,10,0,58,0,0,0,58
04/01/2009,ATW,WI,AGL,CE,Federal Contract Tower,7,37,8,0,52,0,0,4,0,4,7,37,12,0,56,0,0,0,56
04/02/2009,ATW,WI,AGL,CE,Federal Contract Tower,5,48,7,0,60,0,0,14,0,14,5,48,21,0,74,24,0,24,98
04/03/2009,ATW,WI,AGL,CE,Federal Contract Tower,8,40,11,0,59,0,0,9,0,9,8,40,20,0,68,0,0,0,68
04/04/2009,ATW,WI,AGL,CE,Federal Contract Tower,4,27,8,0,39,0,0,40,0,40,4,27,48,0,79,18,0,18,97
04/05/2009,ATW,WI,AGL,CE,Federal Contract Tower,2,30,0,0,32,0,0,1,0,1,2,30,1,0,33,0,0,0,33
04/06/2009,ATW,WI,AGL,CE,Federal Contract Tower,7,43,10,0,60,0,0,10,0,10,7,43,20,0,70,36,0,36,106
04/07/2009,ATW,WI,AGL,CE,Federal Contract Tower,4,41,15,0,60,0,0,10,0,10,4,41,25,0,70,16,0,16,86
04/08/2009,ATW,WI,AGL,CE,Federal Contract Tower,8,47,6,0,61,0,0,30,0,30,8,47,36,0,91,44,0,44,135
04/09/2009,ATW,WI,AGL,CE,Federal Contract Tower,7,52,26,0,85,0,0,38,0,38,7,52,64,0,123,12,2,14,137
04/10/2009,ATW,WI,AGL,CE,Federal Contract Tower,7,44,6,0,57,0,0,35,0,35,7,44,41,0,92,48,0,48,140
04/11/2009,ATW,WI,AGL,CE,Federal Contract Tower,5,27,8,0,40,0,0,45,0,45,5,27,53,0,85,16,0,16,101
04/12/2009,ATW,WI,AGL,CE,Federal Contract Tower,3,32,9,0,44,0,0,14,0,14,3,32,23,0,58,14,0,14,72
04/13/2009,ATW,WI,AGL,CE,Federal Contract Tower,6,44,10,0,60,0,0,8,0,8,6,44,18,0,68,18,0,18,86
04/14/2009,ATW,WI,AGL,CE,Federal Contract Tower,4,41,17,0,62,0,2,2,0,4,4,43,19,0,66,8,0,8,74
04/15/2009,ATW,WI,AGL,CE,Federal Contract Tower,8,49,17,0,74,0,0,36,0,36,8,49,53,0,110,10,0,10,120
04/16/2009,ATW,WI,AGL,CE,Federal Contract Tower,8,43,12,0,63,0,0,42,0,42,8,43,54,0,105,28,0,28,133
04/17/2009,ATW,WI,AGL,CE,Federal Contract Tower,7,42,19,0,68,0,0,30,0,30,7,42,49,0,98,42,0,42,140
04/18/2009,ATW,WI,AGL,CE,Federal Contract Tower,6,28,4,0,38,0,0,33,0,33,6,28,37,0,71,30,0,30,101
04/19/2009,ATW,WI,AGL,CE,Federal Contract Tower,2,27,15,0,44,0,0,0,0,0,2,27,15,0,44,6,0,6,50
04/20/2009,ATW,WI,AGL,CE,Federal Contract Tower,4,45,9,0,58,0,0,0,0,0,4,45,9,0,58,0,0,0,58
04/21/2009,ATW,WI,AGL,CE,Federal Contract Tower,4,38,3,0,45,0,0,1,0,1,4,38,4,0,46,0,0,0,46
04/22/2009,ATW,WI,AGL,CE,Federal Contract Tower,8,47,9,0,64,0,0,22,0,22,8,47,31,0,86,20,0,20,106
04/23/2009,ATW,WI,AGL,CE,Federal Contract Tower,8,48,15,0,71,0,0,15,0,15,8,48,30,0,86,6,0,6,92
04/24/2009,ATW,WI,AGL,CE,Federal Contract Tower,5,45,6,5,61,0,0,17,0,17,5,45,23,5,78,24,2,26,104
04/25/2009,ATW,WI,AGL,CE,Federal Contract Tower,6,26,3,0,35,0,0,0,0,0,6,26,3,0,35,0,0,0,35
04/26/2009,ATW,WI,AGL,CE,Federal Contract Tower,2,30,5,0,37,0,0,0,0,0,2,30,5,0,37,0,0,0,37
04/27/2009,ATW,WI,AGL,CE,Federal Contract Tower,5,45,17,0,67,0,0,8,0,8,5,45,25,0,75,16,0,16,91
04/28/2009,ATW,WI,AGL,CE,Federal Contract Tower,3,41,10,3,57,0,2,61,0,63,3,43,71,3,120,90,0,90,210
04/29/2009,ATW,WI,AGL,CE,Federal Contract Tower,6,41,18,0,65,0,0,26,0,26,6,41,44,0,91,26,0,26,117
04/30/2009,ATW,WI,AGL,CE,Federal Contract Tower,7,41,29,0,77,0,0,1,0,1,7,41,30,0,78,0,0,0,78
05/01/2009,ATW,WI,AGL,CE,Federal Contract Tower,4,49,19,0,72,0,0,25,0,25,4,49,44,0,97,12,0,12,109
05/02/2009,ATW,WI,AGL,CE,Federal Contract Tower,3,30,4,0,37,0,0,16,0,16,3,30,20,0,53,6,0,6,59
05/03/2009,ATW,WI,AGL,CE,Federal Contract Tower,3,33,2,0,38,0,0,46,0,46,3,33,48,0,84,6,0,6,90
05/04/2009,ATW,WI,AGL,CE,Federal Contract Tower,4,42,8,0,54,0,0,33,0,33,4,42,41,0,87,24,0,24,111
05/05/2009,ATW,WI,AGL,CE,Federal Contract Tower,3,43,12,0,58,0,0,18,0,18,3,43,30,0,76,16,0,16,92
05/06/2009,ATW,WI,AGL,CE,Federal Contract Tower,6,52,19,0,77,0,0,8,0,8,6,52,27,0,85,10,0,10,95
05/07/2009,ATW,WI,AGL,CE,Federal Contract Tower,7,43,22,0,72,0,0,20,0,20,7,43,42,0,92,22,0,22,114
05/08/2009,ATW,WI,AGL,CE,Federal Contract Tower,6,44,18,0,68,0,0,48,0,48,6,44,66,0,116,22,0,22,138
05/09/2009,ATW,WI,AGL,CE,Federal Contract Tower,4,27,8,0,39,0,0,2,0,2,4,27,10,0,41,0,0,0,41
05/10/2009,ATW,WI,AGL,CE,Federal Contract Tower,3,31,10,0,44,0,0,21,0,21,3,31,31,0,65,20,0,20,85
05/11/2009,ATW,WI,AGL,CE,Federal Contract Tower,5,41,13,0,59,0,0,39,0,39,5,41,52,0,98,46,0,46,144
05/12/2009,ATW,WI,AGL,CE,Federal Contract Tower,4,44,19,0,67,0,20,11,0,31,4,64,30,0,98,8,0,8,106
05/13/2009,ATW,WI,AGL,CE,Federal Contract Tower,8,40,11,0,59,0,0,0,0,0,8,40,11,0,59,0,0,0,59
05/14/2009,ATW,WI,AGL,CE,Federal Contract Tower,7,43,16,0,66,0,0,15,0,15,7,43,31,0,81,16,0,16,97
05/15/2009,ATW,WI,AGL,CE,Federal Contract Tower,3,41,22,0,66,0,0,10,0,10,3,41,32,0,76,6,0,6,82
05/16/2009,ATW,WI,AGL,CE,Federal Contract Tower,6,26,11,0,43,0,0,3,0,3,6,26,14,0,46,0,0,0,46
05/17/2009,ATW,WI,AGL,CE,Federal Contract Tower,3,29,5,0,37,0,0,38,0,38,3,29,43,0,75,26,0,26,101
05/18/2009,ATW,WI,AGL,CE,Federal Contract Tower,5,40,28,0,73,0,2,16,0,18,5,42,44,0,91,10,0,10,101
05/19/2009,ATW,WI,AGL,CE,Federal Contract Tower,4,38,16,0,58,0,0,22,0,22,4,38,38,0,80,24,0,24,104
05/20/2009,ATW,WI,AGL,CE,Federal Contract Tower,6,41,26,0,73,0,0,20,0,20,6,41,46,0,93,0,2,2,95
05/21/2009,ATW,WI,AGL,CE,Federal Contract Tower,7,40,18,0,65,0,0,15,0,15,7,40,33,0,80,8,0,8,88
05/22/2009,ATW,WI,AGL,CE,Federal Contract Tower,4,43,20,0,67,0,0,23,0,23,4,43,43,0,90,16,0,16,106
05/23/2009,ATW,WI,AGL,CE,Federal Contract Tower,4,24,11,0,39,0,0,27,0,27,4,24,38,0,66,4,0,4,70
05/24/2009,ATW,WI,AGL,CE,Federal Contract Tower,2,25,4,0,31,0,0,28,0,28,2,25,32,0,59,10,0,10,69
05/25/2009,ATW,WI,AGL,CE,Federal Contract Tower,3,38,7,0,48,0,0,22,0,22,3,38,29,0,70,26,0,26,96
05/26/2009,ATW,WI,AGL,CE,Federal Contract Tower,3,47,11,0,61,0,0,4,0,4,3,47,15,0,65,0,0,0,65
05/27/2009,ATW,WI,AGL,CE,Federal Contract Tower,11,38,11,0,60,0,0,0,0,0,11,38,11,0,60,0,0,0,60
05/28/2009,ATW,WI,AGL,CE,Federal Contract Tower,7,45,19,2,73,0,0,14,0,14,7,45,33,2,87,26,0,26,113
05/29/2009,ATW,WI,AGL,CE,Federal Contract Tower,4,44,10,0,58,0,0,35,5,40,4,44,45,5,98,22,0,22,120
05/30/2009,ATW,WI,AGL,CE,Federal Contract Tower,5,28,4,0,37,0,0,19,0,19,5,28,23,0,56,10,0,10,66
05/31/2009,ATW,WI,AGL,CE,Federal Contract Tower,3,33,5,0,41,0,0,47,0,47,3,33,52,0,88,20,0,20,108
06/01/2009,ATW,WI,AGL,CE,Federal Contract Tower,5,46,11,0,62,0,0,12,0,12,5,46,23,0,74,0,0,0,74
06/02/2009,ATW,WI,AGL,CE,Federal Contract Tower,4,42,14,0,60,0,0,19,0,19,4,42,33,0,79,0,0,0,79
06/03/2009,ATW,WI,AGL,CE,Federal Contract Tower,5,46,10,0,61,0,0,26,0,26,5,46,36,0,87,12,0,12,99
06/04/2009,ATW,WI,AGL,CE,Federal Contract Tower,8,42,10,2,62,0,0,33,0,33,8,42,43,2,95,50,2,52,147
06/05/2009,ATW,WI,AGL,CE,Federal Contract Tower,5,40,15,0,60,0,0,23,0,23,5,40,38,0,83,16,2,18,101
06/06/2009,ATW,WI,AGL,CE,Federal Contract Tower,3,31,9,0,43,0,0,13,0,13,3,31,22,0,56,4,0,4,60
06/07/2009,ATW,WI,AGL,CE,Federal Contract Tower,3,32,15,2,52,0,0,0,0,0,3,32,15,2,52,0,0,0,52
06/08/2009,ATW,WI,AGL,CE,Federal Contract Tower,5,38,13,0,56,0,0,0,0,0,5,38,13,0,56,0,0,0,56
06/09/2009,ATW,WI,AGL,CE,Federal Contract Tower,6,41,10,0,57,0,0,20,0,20,6,41,30,0,77,46,0,46,123
06/10/2009,ATW,WI,AGL,CE,Federal Contract Tower,8,41,11,0,60,0,0,10,0,10,8,41,21,0,70,30,0,30,100
06/11/2009,ATW,WI,AGL,CE,Federal Contract Tower,8,40,21,0,69,0,0,15,0,15,8,40,36,0,84,8,0,8,92
06/12/2009,ATW,WI,AGL,CE,Federal Contract Tower,8,38,14,0,60,0,0,54,0,54,8,38,68,0,114,20,0,20,134
06/13/2009,ATW,WI,AGL,CE,Federal Contract Tower,4,30,9,0,43,0,0,19,0,19,4,30,28,0,62,18,0,18,80
06/14/2009,ATW,WI,AGL,CE,Federal Contract Tower,3,35,5,0,43,0,0,41,0,41,3,35,46,0,84,16,0,16,100
06/15/2009,ATW,WI,AGL,CE,Federal Contract Tower,7,40,12,3,62,0,0,27,0,27,7,40,39,3,89,100,0,100,189
06/16/2009,ATW,WI,AGL,CE,Federal Contract Tower,6,42,20,0,68,0,0,17,0,17,6,42,37,0,85,70,0,70,155
06/17/2009,ATW,WI,AGL,CE,Federal Contract Tower,8,42,31,0,81,0,0,17,0,17,8,42,48,0,98,70,0,70,168
06/18/2009,ATW,WI,AGL,CE,Federal Contract Tower,10,41,21,2,74,0,0,15,0,15,10,41,36,2,89,54,0,54,143
06/19/2009,ATW,WI,AGL,CE,Federal Contract Tower,5,38,9,0,52,0,0,7,0,7,5,38,16,0,59,6,0,6,65
06/20/2009,ATW,WI,AGL,CE,Federal Contract Tower,3,32,12,0,47,0,0,33,0,33,3,32,45,0,80,0,0,0,80
06/21/2009,ATW,WI,AGL,CE,Federal Contract Tower,3,32,14,0,49,0,0,29,0,29,3,32,43,0,78,18,0,18,96
06/22/2009,ATW,WI,AGL,CE,Federal Contract Tower,7,43,27,0,77,0,0,23,0,23,7,43,50,0,100,46,0,46,146
06/23/2009,ATW,WI,AGL,CE,Federal Contract Tower,6,42,20,0,68,0,0,25,0,25,6,42,45,0,93,42,0,42,135
06/24/2009,ATW,WI,AGL,CE,Federal Contract Tower,6,41,19,0,66,0,0,16,0,16,6,41,35,0,82,22,0,22,104
06/25/2009,ATW,WI,AGL,CE,Federal Contract Tower,7,43,9,0,59,0,1,26,0,27,7,44,35,0,86,22,0,22,108
06/26/2009,ATW,WI,AGL,CE,Federal Contract Tower,7,43,14,0,64,0,0,33,0,33,7,43,47,0,97,24,0,24,121
06/27/2009,ATW,WI,AGL,CE,Federal Contract Tower,3,34,8,0,45,0,0,18,0,18,3,34,26,0,63,12,0,12,75
06/28/2009,ATW,WI,AGL,CE,Federal Contract Tower,2,37,15,0,54,0,0,24,0,24,2,37,39,0,78,0,0,0,78
06/29/2009,ATW,WI,AGL,CE,Federal Contract Tower,5,41,17,0,63,0,0,24,0,24,5,41,41,0,87,12,0,12,99
06/30/2009,ATW,WI,AGL,CE,Federal Contract Tower,8,45,15,1,69,0,0,14,0,14,8,45,29,1,83,8,2,10,93
07/01/2009,ATW,WI,AGL,CE,Federal Contract Tower,8,41,19,4,72,0,0,11,2,13,8,41,30,6,85,20,0,20,105
07/02/2009,ATW,WI,AGL,CE,Federal Contract Tower,8,40,23,0,71,0,0,35,3,38,8,40,58,3,109,30,0,30,139
07/03/2009,ATW,WI,AGL,CE,Federal Contract Tower,5,36,17,0,58,0,0,23,0,23,5,36,40,0,81,18,0,18,99
07/04/2009,ATW,WI,AGL,CE,Federal Contract Tower,2,24,4,0,30,0,0,0,0,0,2,24,4,0,30,0,0,0,30
07/05/2009,ATW,WI,AGL,CE,Federal Contract Tower,3,33,14,0,50,0,0,19,0,19,3,33,33,0,69,0,0,0,69
07/06/2009,ATW,WI,AGL,CE,Federal Contract Tower,6,37,17,2,62,0,0,19,0,19,6,37,36,2,81,20,0,20,101
07/07/2009,ATW,WI,AGL,CE,Federal Contract Tower,6,40,10,0,56,0,0,35,0,35,6,40,45,0,91,24,0,24,115
07/08/2009,ATW,WI,AGL,CE,Federal Contract Tower,9,43,6,0,58,0,2,26,0,28,9,45,32,0,86,38,0,38,124
07/09/2009,ATW,WI,AGL,CE,Federal Contract Tower,9,40,15,0,64,0,0,0,0,0,9,40,15,0,64,32,0,32,96
07/10/2009,ATW,WI,AGL,CE,Federal Contract Tower,6,37,11,0,54,0,0,22,0,22,6,37,33,0,76,30,0,30,106
07/11/2009,ATW,WI,AGL,CE,Federal Contract Tower,7,27,5,0,39,0,0,25,0,25,7,27,30,0,64,12,0,12,76
07/12/2009,ATW,WI,AGL,CE,Federal Contract Tower,3,35,12,0,50,0,0,35,0,35,3,35,47,0,85,34,0,34,119
07/13/2009,ATW,WI,AGL,CE,Federal Contract Tower,5,45,24,0,74,0,0,33,0,33,5,45,57,0,107,24,0,24,131
07/14/2009,ATW,WI,AGL,CE,Federal Contract Tower,6,41,18,0,65,0,0,16,0,16,6,41,34,0,81,16,0,16,97
07/15/2009,ATW,WI,AGL,CE,Federal Contract Tower,8,41,10,0,59,0,0,11,0,11,8,41,21,0,70,0,0,0,70
07/16/2009,ATW,WI,AGL,CE,Federal Contract Tower,8,39,27,0,74,0,0,21,0,21,8,39,48,0,95,0,0,0,95
07/17/2009,ATW,WI,AGL,CE,Federal Contract Tower,5,42,22,0,69,0,0,9,0,9,5,42,31,0,78,0,0,0,78
07/18/2009,ATW,WI,AGL,CE,Federal Contract Tower,8,25,5,0,38,0,0,27,0,27,8,25,32,0,65,32,0,32,97
07/19/2009,ATW,WI,AGL,CE,Federal Contract Tower,3,33,17,0,53,0,0,37,0,37,3,33,54,0,90,14,0,14,104
07/20/2009,ATW,WI,AGL,CE,Federal Contract Tower,7,34,23,0,64,0,3,37,4,44,7,37,60,4,108,48,0,48,156
07/21/2009,ATW,WI,AGL,CE,Federal Contract Tower,6,41,15,0,62,0,2,9,0,11,6,43,24,0,73,2,0,2,75
07/22/2009,ATW,WI,AGL,CE,Federal Contract Tower,10,40,22,0,72,0,0,12,0,12,10,40,34,0,84,6,0,6,90
07/23/2009,ATW,WI,AGL,CE,Federal Contract Tower,8,43,31,0,82,0,2,51,0,53,8,45,82,0,135,24,0,24,159
07/24/2009,ATW,WI,AGL,CE,Federal Contract Tower,9,42,18,0,69,0,2,47,0,49,9,44,65,0,118,8,0,8,126
07/25/2009,ATW,WI,AGL,CE,Federal Contract Tower,6,31,13,0,50,0,2,42,0,44,6,33,55,0,94,0,8,8,102
07/26/2009,ATW,WI,AGL,CE,Federal Contract Tower,3,32,63,0,98,0,0,145,0,145,3,32,208,0,243,4,0,4,247
07/27/2009,ATW,WI,AGL,CE,Federal Contract Tower,7,40,59,0,106,0,2,162,0,164,7,42,221,0,270,0,0,0,270
07/28/2009,ATW,WI,AGL,CE,Federal Contract Tower,5,55,63,0,123,0,0,211,0,211,5,55,274,0,334,2,0,2,336
07/29/2009,ATW,WI,AGL,CE,Federal Contract Tower,8,54,93,0,155,0,0,287,0,287,8,54,380,0,442,16,0,16,458
07/30/2009,ATW,WI,AGL,CE,Federal Contract Tower,8,41,106,0,155,0,0,239,0,239,8,41,345,0,394,0,0,0,394
07/31/2009,ATW,WI,AGL,CE,Federal Contract Tower,7,38,92,0,137,0,0,339,0,339,7,38,431,0,476,16,0,16,492
08/01/2009,ATW,WI,AGL,CE,Federal Contract Tower,7,30,61,0,98,0,126,0,0,126,7,156,61,0,224,0,0,0,224
08/02/2009,ATW,WI,AGL,CE,Federal Contract Tower,3,35,49,0,87,0,159,0,0,159,3,194,49,0,246,2,0,2,248
08/03/2009,ATW,WI,AGL,CE,Federal Contract Tower,7,37,30,0,74,0,0,28,0,28,7,37,58,0,102,0,0,0,102
08/04/2009,ATW,WI,AGL,CE,Federal Contract Tower,6,47,17,0,70,0,1,34,0,35,6,48,51,0,105,18,0,18,123
08/05/2009,ATW,WI,AGL,CE,Federal Contract Tower,8,41,25,0,74,0,0,34,0,34,8,41,59,0,108,24,0,24,132
08/06/2009,ATW,WI,AGL,CE,Federal Contract Tower,8,43,22,0,73,0,0,42,0,42,8,43,64,0,115,42,0,42,157
08/07/2009,ATW,WI,AGL,CE,Federal Contract Tower,8,42,23,0,73,0,0,8,0,8,8,42,31,0,81,14,0,14,95
08/08/2009,ATW,WI,AGL,CE,Federal Contract Tower,6,29,9,0,44,0,0,3,0,3,6,29,12,0,47,0,0,0,47
08/09/2009,ATW,WI,AGL,CE,Federal Contract Tower,3,33,16,0,52,0,0,13,0,13,3,33,29,0,65,12,0,12,77
08/10/2009,ATW,WI,AGL,CE,Federal Contract Tower,7,38,22,0,67,0,0,7,0,7,7,38,29,0,74,2,0,2,76
08/11/2009,ATW,WI,AGL,CE,Federal Contract Tower,6,40,10,0,56,0,0,32,0,32,6,40,42,0,88,36,0,36,124
08/12/2009,ATW,WI,AGL,CE,Federal Contract Tower,8,43,29,2,82,0,0,40,0,40,8,43,69,2,122,40,34,74,196
08/13/2009,ATW,WI,AGL,CE,Federal Contract Tower,7,42,23,0,72,0,2,49,0,51,7,44,72,0,123,16,0,16,139
08/14/2009,ATW,WI,AGL,CE,Federal Contract Tower,8,40,13,0,61,0,0,11,0,11,8,40,24,0,72,28,0,28,100
08/15/2009,ATW,WI,AGL,CE,Federal Contract Tower,6,29,11,0,46,0,0,19,0,19,6,29,30,0,65,0,0,0,65
08/16/2009,ATW,WI,AGL,CE,Federal Contract Tower,3,32,6,0,41,0,0,8,0,8,3,32,14,0,49,0,0,0,49
08/17/2009,ATW,WI,AGL,CE,Federal Contract Tower,4,43,11,0,58,0,0,25,0,25,4,43,36,0,83,56,0,56,139
08/18/2009,ATW,WI,AGL,CE,Federal Contract Tower,6,37,13,0,56,0,0,34,0,34,6,37,47,0,90,4,0,4,94
08/19/2009,ATW,WI,AGL,CE,Federal Contract Tower,8,43,6,0,57,0,0,18,0,18,8,43,24,0,75,12,0,12,87
08/20/2009,ATW,WI,AGL,CE,Federal Contract Tower,8,41,24,0,73,0,0,2,0,2,8,41,26,0,75,0,0,0,75
08/21/2009,ATW,WI,AGL,CE,Federal Contract Tower,8,43,12,0,63,0,0,7,0,7,8,43,19,0,70,0,0,0,70
08/22/2009,ATW,WI,AGL,CE,Federal Contract Tower,6,27,6,0,39,0,0,25,0,25,6,27,31,0,64,48,0,48,112
08/23/2009,ATW,WI,AGL,CE,Federal Contract Tower,2,29,12,0,43,0,0,38,0,38,2,29,50,0,81,4,0,4,85
08/24/2009,ATW,WI,AGL,CE,Federal Contract Tower,4,39,16,0,59,0,0,33,0,33,4,39,49,0,92,16,0,16,108
08/25/2009,ATW,WI,AGL,CE,Federal Contract Tower,6,36,21,0,63,0,0,10,0,10,6,36,31,0,73,26,0,26,99
08/26/2009,ATW,WI,AGL,CE,Federal Contract Tower,8,43,21,2,74,0,2,34,0,36,8,45,55,2,110,38,0,38,148
08/27/2009,ATW,WI,AGL,CE,Federal Contract Tower,9,41,24,2,76,0,0,29,0,29,9,41,53,2,105,42,0,42,147
08/28/2009,ATW,WI,AGL,CE,Federal Contract Tower,6,39,15,3,63,0,0,18,0,18,6,39,33,3,81,32,0,32,113
08/29/2009,ATW,WI,AGL,CE,Federal Contract Tower,4,29,9,0,42,0,0,1,0,1,4,29,10,0,43,0,0,0,43
08/30/2009,ATW,WI,AGL,CE,Federal Contract Tower,3,29,12,0,44,0,4,49,0,53,3,33,61,0,97,32,0,32,129
08/31/2009,ATW,WI,AGL,CE,Federal Contract Tower,5,35,21,0,61,0,0,36,0,36,5,35,57,0,97,52,0,52,149
09/01/2009,ATW,WI,AGL,CE,Federal Contract Tower,6,38,20,0,64,0,0,29,0,29,6,38,49,0,93,46,0,46,139
09/02/2009,ATW,WI,AGL,CE,Federal Contract Tower,8,41,21,2,72,0,0,34,0,34,8,41,55,2,106,46,0,46,152
09/03/2009,ATW,WI,AGL,CE,Federal Contract Tower,10,37,28,0,75,0,0,23,0,23,10,37,51,0,98,18,0,18,116
09/04/2009,ATW,WI,AGL,CE,Federal Contract Tower,7,40,13,0,60,0,0,41,0,41,7,40,54,0,101,32,0,32,133
09/05/2009,ATW,WI,AGL,CE,Federal Contract Tower,3,24,11,0,38,0,0,40,0,40,3,24,51,0,78,30,0,30,108
09/06/2009,ATW,WI,AGL,CE,Federal Contract Tower,5,23,6,0,34,0,0,31,0,31,5,23,37,0,65,34,0,34,99
09/07/2009,ATW,WI,AGL,CE,Federal Contract Tower,3,32,10,0,45,0,0,29,0,29,3,32,39,0,74,20,0,20,94
09/08/2009,ATW,WI,AGL,CE,Federal Contract Tower,5,35,21,0,61,0,0,16,0,16,5,35,37,0,77,4,0,4,81
09/09/2009,ATW,WI,AGL,CE,Federal Contract Tower,8,36,25,0,69,0,0,17,0,17,8,36,42,0,86,6,0,6,92
09/10/2009,ATW,WI,AGL,CE,Federal Contract Tower,10,36,35,0,81,0,0,25,0,25,10,36,60,0,106,44,0,44,150
09/11/2009,ATW,WI,AGL,CE,Federal Contract Tower,9,37,30,0,76,0,0,26,0,26,9,37,56,0,102,4,0,4,106
09/12/2009,ATW,WI,AGL,CE,Federal Contract Tower,6,30,20,0,56,0,0,31,0,31,6,30,51,0,87,8,0,8,95
09/13/2009,ATW,WI,AGL,CE,Federal Contract Tower,6,31,10,0,47,0,0,27,0,27,6,31,37,0,74,0,0,0,74
09/14/2009,ATW,WI,AGL,CE,Federal Contract Tower,7,38,19,0,64,0,0,31,0,31,7,38,50,0,95,34,0,34,129
09/15/2009,ATW,WI,AGL,CE,Federal Contract Tower,8,41,21,0,70,0,0,20,0,20,8,41,41,0,90,50,0,50,140
09/16/2009,ATW,WI,AGL,CE,Federal Contract Tower,6,37,31,0,74,0,0,26,0,26,6,37,57,0,100,52,0,52,152
09/17/2009,ATW,WI,AGL,CE,Federal Contract Tower,10,37,26,0,73,0,0,92,0,92,10,37,118,0,165,56,0,56,221
09/18/2009,ATW,WI,AGL,CE,Federal Contract Tower,8,35,13,0,56,0,0,21,0,21,8,35,34,0,77,14,0,14,91
09/19/2009,ATW,WI,AGL,CE,Federal Contract Tower,6,31,12,0,49,0,0,24,0,24,6,31,36,0,73,14,0,14,87
09/20/2009,ATW,WI,AGL,CE,Federal Contract Tower,6,29,5,0,40,0,0,36,0,36,6,29,41,0,76,6,0,6,82
09/21/2009,ATW,WI,AGL,CE,Federal Contract Tower,7,39,30,0,76,0,0,4,0,4,7,39,34,0,80,12,0,12,92
09/22/2009,ATW,WI,AGL,CE,Federal Contract Tower,8,32,30,0,70,0,0,0,0,0,8,32,30,0,70,0,0,0,70
09/23/2009,ATW,WI,AGL,CE,Federal Contract Tower,8,40,16,0,64,0,0,30,0,30,8,40,46,0,94,70,0,70,164
09/24/2009,ATW,WI,AGL,CE,Federal Contract Tower,9,39,19,0,67,0,0,9,0,9,9,39,28,0,76,10,0,10,86
09/25/2009,ATW,WI,AGL,CE,Federal Contract Tower,8,41,14,0,63,0,0,19,0,19,8,41,33,0,82,24,0,24,106
09/26/2009,ATW,WI,AGL,CE,Federal Contract Tower,3,25,20,0,48,0,0,10,0,10,3,25,30,0,58,10,0,10,68
09/27/2009,ATW,WI,AGL,CE,Federal Contract Tower,6,31,28,0,65,0,0,25,0,25,6,31,53,0,90,0,0,0,90
09/28/2009,ATW,WI,AGL,CE,Federal Contract Tower,8,38,19,0,65,0,0,1,0,1,8,38,20,0,66,0,0,0,66
09/29/2009,ATW,WI,AGL,CE,Federal Contract Tower,7,36,16,4,63,0,0,1,2,3,7,36,17,6,66,0,16,16,82
09/30/2009,ATW,WI,AGL,CE,Federal Contract Tower,10,41,21,0,72,0,0,35,0,35,10,41,56,0,107,36,0,36,143
10/01/2009,ATW,WI,AGL,CE,Federal Contract Tower,9,38,24,0,71,0,0,34,0,34,9,38,58,0,105,14,0,14,119
10/02/2009,ATW,WI,AGL,CE,Federal Contract Tower,8,35,20,0,63,0,0,2,0,2,8,35,22,0,65,10,0,10,75
10/03/2009,ATW,WI,AGL,CE,Federal Contract Tower,3,25,6,0,34,0,0,0,0,0,3,25,6,0,34,6,0,6,40
10/04/2009,ATW,WI,AGL,CE,Federal Contract Tower,6,33,13,0,52,0,0,18,0,18,6,33,31,0,70,10,0,10,80
10/05/2009,ATW,WI,AGL,CE,Federal Contract Tower,7,37,14,0,58,0,0,10,0,10,7,37,24,0,68,10,0,10,78
10/06/2009,ATW,WI,AGL,CE,Federal Contract Tower,6,33,9,0,48,0,0,0,0,0,6,33,9,0,48,0,0,0,48
10/07/2009,ATW,WI,AGL,CE,Federal Contract Tower,6,40,6,0,52,0,0,23,0,23,6,40,29,0,75,22,0,22,97
10/08/2009,ATW,WI,AGL,CE,Federal Contract Tower,11,40,15,0,66,0,0,17,0,17,11,40,32,0,83,20,0,20,103
10/09/2009,ATW,WI,AGL,CE,Federal Contract Tower,7,48,34,0,89,0,0,11,0,11,7,48,45,0,100,24,0,24,124
10/10/2009,ATW,WI,AGL,CE,Federal Contract Tower,3,27,13,0,43,0,0,22,0,22,3,27,35,0,65,0,0,0,65
10/11/2009,ATW,WI,AGL,CE,Federal Contract Tower,6,30,13,0,49,0,0,36,0,36,6,30,49,0,85,10,0,10,95
10/12/2009,ATW,WI,AGL,CE,Federal Contract Tower,7,35,10,0,52,0,0,0,0,0,7,35,10,0,52,0,0,0,52
10/13/2009,ATW,WI,AGL,CE,Federal Contract Tower,8,38,31,0,77,0,0,51,4,55,8,38,82,4,132,14,0,14,146
10/14/2009,ATW,WI,AGL,CE,Federal Contract Tower,6,39,13,0,58,0,0,9,0,9,6,39,22,0,67,22,0,22,89
10/15/2009,ATW,WI,AGL,CE,Federal Contract Tower,9,38,23,0,70,0,0,0,0,0,9,38,23,0,70,6,0,6,76
10/16/2009,ATW,WI,AGL,CE,Federal Contract Tower,7,38,29,0,74,0,0,13,0,13,7,38,42,0,87,8,0,8,95
10/17/2009,ATW,WI,AGL,CE,Federal Contract Tower,5,27,13,1,46,0,0,22,0,22,5,27,35,1,68,18,0,18,86
10/18/2009,ATW,WI,AGL,CE,Federal Contract Tower,6,34,13,0,53,0,2,28,0,30,6,36,41,0,83,8,0,8,91
10/19/2009,ATW,WI,AGL,CE,Federal Contract Tower,7,40,18,0,65,0,0,46,0,46,7,40,64,0,111,18,0,18,129
10/20/2009,ATW,WI,AGL,CE,Federal Contract Tower,10,33,22,0,65,0,0,3,0,3,10,33,25,0,68,0,0,0,68
10/21/2009,ATW,WI,AGL,CE,Federal Contract Tower,8,40,19,0,67,0,0,0,0,0,8,40,19,0,67,0,0,0,67
10/22/2009,ATW,WI,AGL,CE,Federal Contract Tower,8,39,24,0,71,0,0,6,0,6,8,39,30,0,77,18,0,18,95
10/23/2009,ATW,WI,AGL,CE,Federal Contract Tower,6,33,13,0,52,0,0,0,0,0,6,33,13,0,52,0,0,0,52
10/24/2009,ATW,WI,AGL,CE,Federal Contract Tower,3,25,2,0,30,0,0,21,0,21,3,25,23,0,51,20,0,20,71
10/25/2009,ATW,WI,AGL,CE,Federal Contract Tower,4,30,5,0,39,0,0,11,0,11,4,30,16,0,50,18,0,18,68
10/26/2009,ATW,WI,AGL,CE,Federal Contract Tower,5,45,15,0,65,0,0,0,0,0,5,45,15,0,65,0,0,0,65
10/27/2009,ATW,WI,AGL,CE,Federal Contract Tower,9,48,24,0,81,0,0,35,0,35,9,48,59,0,116,4,0,4,120
10/28/2009,ATW,WI,AGL,CE,Federal Contract Tower,8,38,33,0,79,0,0,0,0,0,8,38,33,0,79,0,0,0,79
10/29/2009,ATW,WI,AGL,CE,Federal Contract Tower,8,42,26,0,76,0,2,3,0,5,8,44,29,0,81,0,0,0,81
10/30/2009,ATW,WI,AGL,CE,Federal Contract Tower,6,34,24,0,64,0,0,4,0,4,6,34,28,0,68,0,0,0,68
10/31/2009,ATW,WI,AGL,CE,Federal Contract Tower,9,27,5,0,41,0,0,2,0,2,9,27,7,0,43,0,0,0,43
11/01/2009,ATW,WI,AGL,CE,Federal Contract Tower,3,37,14,0,54,0,0,30,0,30,3,37,44,0,84,0,0,0,84
11/02/2009,ATW,WI,AGL,CE,Federal Contract Tower,5,37,24,0,66,0,0,21,0,21,5,37,45,0,87,14,0,14,101
11/03/2009,ATW,WI,AGL,CE,Federal Contract Tower,6,40,12,0,58,0,26,0,0,26,6,66,12,0,84,70,0,70,154
11/04/2009,ATW,WI,AGL,CE,Federal Contract Tower,8,42,12,0,62,0,0,6,0,6,8,42,18,0,68,4,0,4,72
11/05/2009,ATW,WI,AGL,CE,Federal Contract Tower,8,43,18,3,72,0,0,24,0,24,8,43,42,3,96,24,0,24,120
11/06/2009,ATW,WI,AGL,CE,Federal Contract Tower,5,46,27,0,78,0,0,4,0,4,5,46,31,0,82,12,0,12,94
11/07/2009,ATW,WI,AGL,CE,Federal Contract Tower,3,23,5,4,35,0,0,48,0,48,3,23,53,4,83,42,0,42,125
11/08/2009,ATW,WI,AGL,CE,Federal Contract Tower,3,33,5,0,41,0,0,30,0,30,3,33,35,0,71,10,0,10,81
11/09/2009,ATW,WI,AGL,CE,Federal Contract Tower,5,43,23,0,71,0,0,16,0,16,5,43,39,0,87,56,0,56,143
11/10/2009,ATW,WI,AGL,CE,Federal Contract Tower,4,37,15,0,56,0,0,46,0,46,4,37,61,0,102,34,0,34,136
11/11/2009,ATW,WI,AGL,CE,Federal Contract Tower,6,39,21,0,66,0,0,38,0,38,6,39,59,0,104,36,0,36,140
11/12/2009,ATW,WI,AGL,CE,Federal Contract Tower,8,40,13,0,61,0,0,16,0,16,8,40,29,0,77,48,0,48,125
11/13/2009,ATW,WI,AGL,CE,Federal Contract Tower,6,40,12,0,58,0,0,16,0,16,6,40,28,0,74,0,0,0,74
11/14/2009,ATW,WI,AGL,CE,Federal Contract Tower,3,29,15,0,47,0,0,3,0,3,3,29,18,0,50,2,0,2,52
11/15/2009,ATW,WI,AGL,CE,Federal Contract Tower,4,35,14,0,53,0,0,37,0,37,4,35,51,0,90,28,0,28,118
11/16/2009,ATW,WI,AGL,CE,Federal Contract Tower,3,41,19,0,63,0,0,19,0,19,3,41,38,0,82,8,0,8,90
11/17/2009,ATW,WI,AGL,CE,Federal Contract Tower,4,43,22,0,69,0,0,8,0,8,4,43,30,0,77,16,0,16,93
11/18/2009,ATW,WI,AGL,CE,Federal Contract Tower,8,39,15,0,62,0,0,27,0,27,8,39,42,0,89,8,0,8,97
11/19/2009,ATW,WI,AGL,CE,Federal Contract Tower,8,43,21,0,72,0,0,0,0,0,8,43,21,0,72,0,0,0,72
11/20/2009,ATW,WI,AGL,CE,Federal Contract Tower,6,45,22,0,73,0,0,0,0,0,6,45,22,0,73,0,0,0,73
11/21/2009,ATW,WI,AGL,CE,Federal Contract Tower,4,26,11,0,41,0,0,11,0,11,4,26,22,0,52,4,0,4,56
11/22/2009,ATW,WI,AGL,CE,Federal Contract Tower,4,33,3,0,40,0,1,5,0,6,4,34,8,0,46,24,0,24,70
11/23/2009,ATW,WI,AGL,CE,Federal Contract Tower,3,35,7,0,45,0,0,0,0,0,3,35,7,0,45,0,0,0,45
11/24/2009,ATW,WI,AGL,CE,Federal Contract Tower,4,36,10,0,50,0,0,0,0,0,4,36,10,0,50,0,0,0,50
11/25/2009,ATW,WI,AGL,CE,Federal Contract Tower,7,41,20,0,68,0,0,0,0,0,7,41,20,0,68,0,0,0,68
11/26/2009,ATW,WI,AGL,CE,Federal Contract Tower,3,20,4,0,27,0,0,2,0,2,3,20,6,0,29,0,0,0,29
11/27/2009,ATW,WI,AGL,CE,Federal Contract Tower,4,20,11,0,35,0,0,28,0,28,4,20,39,0,63,6,0,6,69
11/28/2009,ATW,WI,AGL,CE,Federal Contract Tower,7,31,5,0,43,0,0,30,0,30,7,31,35,0,73,8,0,8,81
11/29/2009,ATW,WI,AGL,CE,Federal Contract Tower,5,38,15,0,58,0,0,0,0,0,5,38,15,0,58,0,0,0,58
11/30/2009,ATW,WI,AGL,CE,Federal Contract Tower,3,46,20,0,69,0,6,4,0,10,3,52,24,0,79,8,0,8,87
12/01/2009,ATW,WI,AGL,CE,Federal Contract Tower,4,39,7,1,51,0,0,28,1,29,4,39,35,2,80,18,0,18,98
12/02/2009,ATW,WI,AGL,CE,Federal Contract Tower,8,39,21,4,72,0,0,15,0,15,8,39,36,4,87,0,12,12,99
12/03/2009,ATW,WI,AGL,CE,Federal Contract Tower,8,47,13,0,68,0,6,0,0,6,8,53,13,0,74,0,0,0,74
12/04/2009,ATW,WI,AGL,CE,Federal Contract Tower,6,34,21,0,61,0,0,3,0,3,6,34,24,0,64,0,0,0,64
12/05/2009,ATW,WI,AGL,CE,Federal Contract Tower,5,30,23,0,58,0,1,19,0,20,5,31,42,0,78,12,0,12,90
12/06/2009,ATW,WI,AGL,CE,Federal Contract Tower,9,29,10,0,48,0,0,32,0,32,9,29,42,0,80,22,0,22,102
12/07/2009,ATW,WI,AGL,CE,Federal Contract Tower,5,36,7,0,48,0,0,10,0,10,5,36,17,0,58,18,0,18,76
12/08/2009,ATW,WI,AGL,CE,Federal Contract Tower,3,29,11,0,43,0,0,0,0,0,3,29,11,0,43,0,0,0,43
12/09/2009,ATW,WI,AGL,CE,Federal Contract Tower,5,23,3,0,31,0,0,0,0,0,5,23,3,0,31,0,0,0,31
12/10/2009,ATW,WI,AGL,CE,Federal Contract Tower,8,37,6,0,51,0,0,4,0,4,8,37,10,0,55,0,0,0,55
12/11/2009,ATW,WI,AGL,CE,Federal Contract Tower,6,41,13,0,60,0,0,14,0,14,6,41,27,0,74,16,0,16,90
12/12/2009,ATW,WI,AGL,CE,Federal Contract Tower,5,26,9,0,40,0,0,25,0,25,5,26,34,0,65,24,0,24,89
12/13/2009,ATW,WI,AGL,CE,Federal Contract Tower,4,31,7,0,42,0,0,0,0,0,4,31,7,0,42,0,0,0,42
12/14/2009,ATW,WI,AGL,CE,Federal Contract Tower,5,86,10,0,101,0,0,0,0,0,5,86,10,0,101,0,0,0,101
12/15/2009,ATW,WI,AGL,CE,Federal Contract Tower,6,35,14,0,55,0,0,3,0,3,6,35,17,0,58,10,0,10,68
12/16/2009,ATW,WI,AGL,CE,Federal Contract Tower,6,38,23,0,67,0,0,12,0,12,6,38,35,0,79,34,0,34,113
12/17/2009,ATW,WI,AGL,CE,Federal Contract Tower,4,43,24,0,71,0,0,6,0,6,4,43,30,0,77,36,0,36,113
12/18/2009,ATW,WI,AGL,CE,Federal Contract Tower,2,41,12,0,55,0,0,7,0,7,2,41,19,0,62,24,0,24,86
12/19/2009,ATW,WI,AGL,CE,Federal Contract Tower,5,30,3,0,38,0,0,0,0,0,5,30,3,0,38,0,0,0,38
12/20/2009,ATW,WI,AGL,CE,Federal Contract Tower,3,30,4,0,37,0,0,2,0,2,3,30,6,0,39,8,0,8,47
12/21/2009,ATW,WI,AGL,CE,Federal Contract Tower,1,46,7,1,55,0,0,0,0,0,1,46,7,1,55,0,0,0,55
12/22/2009,ATW,WI,AGL,CE,Federal Contract Tower,2,42,13,2,59,0,0,29,2,31,2,42,42,4,90,18,0,18,108
12/23/2009,ATW,WI,AGL,CE,Federal Contract Tower,5,44,9,0,58,0,0,3,0,3,5,44,12,0,61,6,0,6,67
12/24/2009,ATW,WI,AGL,CE,Federal Contract Tower,4,26,0,0,30,0,0,0,0,0,4,26,0,0,30,0,0,0,30
12/25/2009,ATW,WI,AGL,CE,Federal Contract Tower,4,22,0,0,26,0,0,0,0,0,4,22,0,0,26,0,0,0,26
12/26/2009,ATW,WI,AGL,CE,Federal Contract Tower,5,27,1,0,33,0,0,4,0,4,5,27,5,0,37,4,0,4,41
12/27/2009,ATW,WI,AGL,CE,Federal Contract Tower,4,33,3,0,40,0,0,0,0,0,4,33,3,0,40,0,0,0,40
12/28/2009,ATW,WI,AGL,CE,Federal Contract Tower,1,43,7,0,51,0,0,4,0,4,1,43,11,0,55,4,0,4,59
12/29/2009,ATW,WI,AGL,CE,Federal Contract Tower,5,39,13,0,57,0,0,40,0,40,5,39,53,0,97,18,0,18,115
12/30/2009,ATW,WI,AGL,CE,Federal Contract Tower,4,42,4,0,50,0,0,2,0,2,4,42,6,0,52,2,0,2,54
12/31/2009,ATW,WI,AGL,CE,Federal Contract Tower,6,30,2,0,38,0,0,5,0,5,6,30,7,0,43,0,0,0,43
01/01/2010,ATW,WI,AGL,CE,Federal Contract Tower,2,22,5,0,29,0,0,4,0,4,2,22,9,0,33,0,0,0,33
01/02/2010,ATW,WI,AGL,CE,Federal Contract Tower,3,33,0,0,36,0,0,8,0,8,3,33,8,0,44,2,0,2,46
01/03/2010,ATW,WI,AGL,CE,Federal Contract Tower,5,32,9,0,46,0,0,8,0,8,5,32,17,0,54,4,0,4,58
01/04/2010,ATW,WI,AGL,CE,Federal Contract Tower,5,36,11,0,52,0,0,0,0,0,5,36,11,0,52,0,0,0,52
01/05/2010,ATW,WI,AGL,CE,Federal Contract Tower,3,37,18,0,58,0,0,6,0,6,3,37,24,0,64,0,0,0,64
01/06/2010,ATW,WI,AGL,CE,Federal Contract Tower,6,38,6,0,50,0,0,1,0,1,6,38,7,0,51,0,0,0,51
01/07/2010,ATW,WI,AGL,CE,Federal Contract Tower,6,32,0,0,38,0,0,0,0,0,6,32,0,0,38,0,0,0,38
01/08/2010,ATW,WI,AGL,CE,Federal Contract Tower,3,37,7,0,47,0,0,4,0,4,3,37,11,0,51,4,0,4,55
01/09/2010,ATW,WI,AGL,CE,Federal Contract Tower,8,21,4,0,33,0,0,23,0,23,8,21,27,0,56,10,0,10,66
01/10/2010,ATW,WI,AGL,CE,Federal Contract Tower,4,34,7,0,45,0,0,5,0,5,4,34,12,0,50,4,0,4,54
01/11/2010,ATW,WI,AGL,CE,Federal Contract Tower,2,39,14,0,55,0,0,3,2,5,2,39,17,2,60,0,0,0,60
01/12/2010,ATW,WI,AGL,CE,Federal Contract Tower,6,38,19,2,65,0,0,20,0,20,6,38,39,2,85,2,0,2,87
01/13/2010,ATW,WI,AGL,CE,Federal Contract Tower,6,40,12,5,63,0,0,13,0,13,6,40,25,5,76,24,0,24,100
01/14/2010,ATW,WI,AGL,CE,Federal Contract Tower,7,46,14,1,68,0,0,1,0,1,7,46,15,1,69,2,0,2,71
01/15/2010,ATW,WI,AGL,CE,Federal Contract Tower,7,44,16,0,67,0,0,3,0,3,7,44,19,0,70,0,0,0,70
01/16/2010,ATW,WI,AGL,CE,Federal Contract Tower,8,22,6,0,36,0,0,0,0,0,8,22,6,0,36,0,0,0,36
01/17/2010,ATW,WI,AGL,CE,Federal Contract Tower,4,29,1,0,34,0,0,8,0,8,4,29,9,0,42,10,0,10,52
01/18/2010,ATW,WI,AGL,CE,Federal Contract Tower,2,37,17,0,56,0,0,2,0,2,2,37,19,0,58,0,0,0,58
01/19/2010,ATW,WI,AGL,CE,Federal Contract Tower,4,39,15,0,58,0,2,24,0,26,4,41,39,0,84,30,0,30,114
01/20/2010,ATW,WI,AGL,CE,Federal Contract Tower,6,40,20,0,66,0,0,2,0,2,6,40,22,0,68,0,0,0,68
01/21/2010,ATW,WI,AGL,CE,Federal Contract Tower,6,40,16,0,62,0,0,11,0,11,6,40,27,0,73,30,0,30,103
01/22/2010,ATW,WI,AGL,CE,Federal Contract Tower,4,40,16,0,60,0,0,2,0,2,4,40,18,0,62,0,0,0,62
01/23/2010,ATW,WI,AGL,CE,Federal Contract Tower,8,20,1,0,29,0,0,0,0,0,8,20,1,0,29,0,0,0,29
01/24/2010,ATW,WI,AGL,CE,Federal Contract Tower,4,31,0,0,35,0,0,0,0,0,4,31,0,0,35,0,0,0,35
01/25/2010,ATW,WI,AGL,CE,Federal Contract Tower,2,40,13,0,55,0,0,0,0,0,2,40,13,0,55,0,0,0,55
01/26/2010,ATW,WI,AGL,CE,Federal Contract Tower,4,40,22,2,68,0,0,3,1,4,4,40,25,3,72,10,0,10,82
01/27/2010,ATW,WI,AGL,CE,Federal Contract Tower,5,45,9,2,61,0,0,13,0,13,5,45,22,2,74,2,0,2,76
01/28/2010,ATW,WI,AGL,CE,Federal Contract Tower,5,42,6,0,53,0,0,0,0,0,5,42,6,0,53,0,0,0,53
01/29/2010,ATW,WI,AGL,CE,Federal Contract Tower,4,38,10,0,52,0,0,7,0,7,4,38,17,0,59,8,0,8,67
01/30/2010,ATW,WI,AGL,CE,Federal Contract Tower,8,23,9,0,40,0,0,41,0,41,8,23,50,0,81,18,0,18,99
01/31/2010,ATW,WI,AGL,CE,Federal Contract Tower,4,31,9,0,44,0,0,23,0,23,4,31,32,0,67,8,0,8,75
02/01/2010,ATW,WI,AGL,CE,Federal Contract Tower,2,42,12,0,56,0,0,2,2,4,2,42,14,2,60,0,2,2,62
02/02/2010,ATW,WI,AGL,CE,Federal Contract Tower,4,38,15,0,57,0,0,0,0,0,4,38,15,0,57,0,0,0,57
02/03/2010,ATW,WI,AGL,CE,Federal Contract Tower,6,39,11,0,56,0,0,23,0,23,6,39,34,0,79,4,2,6,85
02/04/2010,ATW,WI,AGL,CE,Federal Contract Tower,6,43,21,0,70,0,1,18,0,19,6,44,39,0,89,22,0,22,111
02/05/2010,ATW,WI,AGL,CE,Federal Contract Tower,4,37,9,0,50,0,0,2,0,2,4,37,11,0,52,0,0,0,52
02/06/2010,ATW,WI,AGL,CE,Federal Contract Tower,10,20,10,0,40,0,0,11,0,11,10,20,21,0,51,2,0,2,53
02/07/2010,ATW,WI,AGL,CE,Federal Contract Tower,4,31,10,0,45,0,0,7,0,7,4,31,17,0,52,0,0,0,52
02/08/2010,ATW,WI,AGL,CE,Federal Contract Tower,2,38,32,0,72,0,0,5,0,5,2,38,37,0,77,14,0,14,91
02/09/2010,ATW,WI,AGL,CE,Federal Contract Tower,4,28,4,0,36,0,0,0,0,0,4,28,4,0,36,0,0,0,36
02/10/2010,ATW,WI,AGL,CE,Federal Contract Tower,7,41,11,9,68,0,0,16,2,18,7,41,27,11,86,28,4,32,118
02/11/2010,ATW,WI,AGL,CE,Federal Contract Tower,11,37,10,0,58,0,0,21,0,21,11,37,31,0,79,36,0,36,115
02/12/2010,ATW,WI,AGL,CE,Federal Contract Tower,7,35,19,0,61,0,0,11,0,11,7,35,30,0,72,8,0,8,80
02/13/2010,ATW,WI,AGL,CE,Federal Contract Tower,7,24,5,0,36,0,0,31,0,31,7,24,36,0,67,18,0,18,85
02/14/2010,ATW,WI,AGL,CE,Federal Contract Tower,4,27,6,0,37,0,0,8,0,8,4,27,14,0,45,14,0,14,59
02/15/2010,ATW,WI,AGL,CE,Federal Contract Tower,6,37,8,0,51,0,0,0,0,0,6,37,8,0,51,0,0,0,51
02/16/2010,ATW,WI,AGL,CE,Federal Contract Tower,8,35,12,0,55,0,1,7,0,8,8,36,19,0,63,20,0,20,83
02/17/2010,ATW,WI,AGL,CE,Federal Contract Tower,8,51,8,0,67,0,0,7,0,7,8,51,15,0,74,6,0,6,80
02/18/2010,ATW,WI,AGL,CE,Federal Contract Tower,8,39,18,0,65,0,0,16,0,16,8,39,34,0,81,4,0,4,85
02/19/2010,ATW,WI,AGL,CE,Federal Contract Tower,6,38,15,0,59,0,0,20,0,20,6,38,35,0,79,26,0,26,105
02/20/2010,ATW,WI,AGL,CE,Federal Contract Tower,7,26,8,0,41,0,0,10,0,10,7,26,18,0,51,12,0,12,63
02/21/2010,ATW,WI,AGL,CE,Federal Contract Tower,5,29,7,0,41,0,0,4,0,4,5,29,11,0,45,0,0,0,45
02/22/2010,ATW,WI,AGL,CE,Federal Contract Tower,6,32,13,0,51,0,0,0,0,0,6,32,13,0,51,0,0,0,51
02/23/2010,ATW,WI,AGL,CE,Federal Contract Tower,6,46,16,1,69,0,0,0,1,1,6,46,16,2,70,0,0,0,70
02/24/2010,ATW,WI,AGL,CE,Federal Contract Tower,7,46,11,0,64,0,0,0,0,0,7,46,11,0,64,0,0,0,64
02/25/2010,ATW,WI,AGL,CE,Federal Contract Tower,8,36,26,0,70,0,0,27,0,27,8,36,53,0,97,52,0,52,149
02/26/2010,ATW,WI,AGL,CE,Federal Contract Tower,9,37,11,0,57,0,0,15,0,15,9,37,26,0,72,0,0,0,72
02/27/2010,ATW,WI,AGL,CE,Federal Contract Tower,10,22,4,0,36,0,0,5,0,5,10,22,9,0,41,26,0,26,67
02/28/2010,ATW,WI,AGL,CE,Federal Contract Tower,5,31,11,0,47,0,0,0,0,0,5,31,11,0,47,0,0,0,47
03/01/2010,ATW,WI,AGL,CE,Federal Contract Tower,7,39,12,0,58,0,0,2,0,2,7,39,14,0,60,0,0,0,60
03/02/2010,ATW,WI,AGL,CE,Federal Contract Tower,6,46,10,0,62,0,0,10,0,10,6,46,20,0,72,0,0,0,72
03/03/2010,ATW,WI,AGL,CE,Federal Contract Tower,10,37,16,1,64,0,0,21,0,21,10,37,37,1,85,28,2,30,115
03/04/2010,ATW,WI,AGL,CE,Federal Contract Tower,8,39,17,2,66,0,0,26,0,26,8,39,43,2,92,28,0,28,120
03/05/2010,ATW,WI,AGL,CE,Federal Contract Tower,10,41,10,0,61,0,2,27,0,29,10,43,37,0,90,24,0,24,114
03/06/2010,ATW,WI,AGL,CE,Federal Contract Tower,7,25,11,0,43,0,0,30,0,30,7,25,41,0,73,36,0,36,109
03/07/2010,ATW,WI,AGL,CE,Federal Contract Tower,4,30,5,0,39,0,0,15,0,15,4,30,20,0,54,14,0,14,68
03/08/2010,ATW,WI,AGL,CE,Federal Contract Tower,7,36,14,0,57,0,0,19,0,19,7,36,33,0,76,28,0,28,104
03/09/2010,ATW,WI,AGL,CE,Federal Contract Tower,8,36,14,0,58,3,0,0,0,3,11,36,14,0,61,0,0,0,61
03/10/2010,ATW,WI,AGL,CE,Federal Contract Tower,5,33,19,0,57,0,0,0,0,0,5,33,19,0,57,0,0,0,57
03/11/2010,ATW,WI,AGL,CE,Federal Contract Tower,2,9,5,0,16,0,0,0,0,0,2,9,5,0,16,0,0,0,16
03/12/2010,ATW,WI,AGL,CE,Federal Contract Tower,2,3,3,0,8,0,0,0,0,0,2,3,3,0,8,0,0,0,8
03/13/2010,ATW,WI,AGL,CE,Federal Contract Tower,5,21,5,0,31,0,0,0,0,0,5,21,5,0,31,0,0,0,31
03/14/2010,ATW,WI,AGL,CE,Federal Contract Tower,5,33,8,0,46,0,1,11,0,12,5,34,19,0,58,10,0,10,68
03/15/2010,ATW,WI,AGL,CE,Federal Contract Tower,7,38,18,0,63,0,0,26,0,26,7,38,44,0,89,20,0,20,109
03/16/2010,ATW,WI,AGL,CE,Federal Contract Tower,6,45,21,0,72,0,2,38,0,40,6,47,59,0,112,16,0,16,128
03/17/2010,ATW,WI,AGL,CE,Federal Contract Tower,10,51,19,3,83,0,0,54,1,55,10,51,73,4,138,8,6,14,152
03/18/2010,ATW,WI,AGL,CE,Federal Contract Tower,9,40,18,0,67,0,2,22,0,24,9,42,40,0,91,2,0,2,93
03/19/2010,ATW,WI,AGL,CE,Federal Contract Tower,7,36,28,2,73,0,0,15,0,15,7,36,43,2,88,2,0,2,90
03/20/2010,ATW,WI,AGL,CE,Federal Contract Tower,7,24,2,2,35,0,0,21,0,21,7,24,23,2,56,8,0,8,64
03/21/2010,ATW,WI,AGL,CE,Federal Contract Tower,5,30,8,0,43,0,0,36,0,36,5,30,44,0,79,42,0,42,121
03/22/2010,ATW,WI,AGL,CE,Federal Contract Tower,8,41,22,0,71,0,0,23,0,23,8,41,45,0,94,26,0,26,120
03/23/2010,ATW,WI,AGL,CE,Federal Contract Tower,6,42,11,0,59,0,0,22,0,22,6,42,33,0,81,26,0,26,107
03/24/2010,ATW,WI,AGL,CE,Federal Contract Tower,10,39,24,0,73,0,0,32,2,34,10,39,56,2,107,6,2,8,115
03/25/2010,ATW,WI,AGL,CE,Federal Contract Tower,7,40,18,0,65,0,0,18,0,18,7,40,36,0,83,2,0,2,85
03/26/2010,ATW,WI,AGL,CE,Federal Contract Tower,8,41,13,0,62,0,0,43,0,43,8,41,56,0,105,10,0,10,115
03/27/2010,ATW,WI,AGL,CE,Federal Contract Tower,10,25,15,0,50,0,3,41,0,44,10,28,56,0,94,14,0,14,108
03/28/2010,ATW,WI,AGL,CE,Federal Contract Tower,5,34,10,0,49,0,0,15,0,15,5,34,25,0,64,0,0,0,64
03/29/2010,ATW,WI,AGL,CE,Federal Contract Tower,9,40,6,0,55,0,0,30,0,30,9,40,36,0,85,24,0,24,109
03/30/2010,ATW,WI,AGL,CE,Federal Contract Tower,6,48,21,0,75,0,0,27,0,27,6,48,48,0,102,0,4,4,106
03/31/2010,ATW,WI,AGL,CE,Federal Contract Tower,10,44,18,0,72,0,0,28,0,28,10,44,46,0,100,4,0,4,104
04/01/2010,ATW,WI,AGL,CE,Federal Contract Tower,8,46,14,0,68,0,0,23,0,23,8,46,37,0,91,18,0,18,109
04/02/2010,ATW,WI,AGL,CE,Federal Contract Tower,8,39,12,0,59,0,1,23,0,24,8,40,35,0,83,16,0,16,99
04/03/2010,ATW,WI,AGL,CE,Federal Contract Tower,7,27,10,0,44,0,0,2,0,2,7,27,12,0,46,0,0,0,46
04/04/2010,ATW,WI,AGL,CE,Federal Contract Tower,4,32,8,0,44,0,0,8,0,8,4,32,16,0,52,0,0,0,52
04/05/2010,ATW,WI,AGL,CE,Federal Contract Tower,9,39,17,0,65,0,0,30,0,30,9,39,47,0,95,50,0,50,145
04/06/2010,ATW,WI,AGL,CE,Federal Contract Tower,15,30,7,0,52,0,0,2,0,2,15,30,9,0,54,0,0,0,54
04/07/2010,ATW,WI,AGL,CE,Federal Contract Tower,16,32,26,0,74,0,0,14,0,14,16,32,40,0,88,8,0,8,96
04/08/2010,ATW,WI,AGL,CE,Federal Contract Tower,18,40,17,0,75,0,0,0,0,0,18,40,17,0,75,0,0,0,75
04/09/2010,ATW,WI,AGL,CE,Federal Contract Tower,17,30,19,0,66,0,0,35,0,35,17,30,54,0,101,14,0,14,115
04/10/2010,ATW,WI,AGL,CE,Federal Contract Tower,13,27,8,0,48,0,0,16,0,16,13,27,24,0,64,10,0,10,74
04/11/2010,ATW,WI,AGL,CE,Federal Contract Tower,16,21,10,1,48,0,3,26,0,29,16,24,36,1,77,56,0,56,133
04/12/2010,ATW,WI,AGL,CE,Federal Contract Tower,17,31,19,0,67,0,0,18,0,18,17,31,37,0,85,0,0,0,85
04/13/2010,ATW,WI,AGL,CE,Federal Contract Tower,16,30,23,0,69,0,0,10,0,10,16,30,33,0,79,6,0,6,85
04/14/2010,ATW,WI,AGL,CE,Federal Contract Tower,21,28,21,0,70,0,0,39,0,39,21,28,60,0,109,0,0,0,109
04/15/2010,ATW,WI,AGL,CE,Federal Contract Tower,18,30,20,0,68,0,0,9,0,9,18,30,29,0,77,16,0,16,93
04/16/2010,ATW,WI,AGL,CE,Federal Contract Tower,16,30,15,0,61,0,0,11,0,11,16,30,26,0,72,0,0,0,72
04/17/2010,ATW,WI,AGL,CE,Federal Contract Tower,11,20,7,0,38,0,0,7,0,7,11,20,14,0,45,8,0,8,53
04/18/2010,ATW,WI,AGL,CE,Federal Contract Tower,11,25,9,0,45,0,0,47,0,47,11,25,56,0,92,18,0,18,110
04/19/2010,ATW,WI,AGL,CE,Federal Contract Tower,21,33,23,0,77,0,0,41,0,41,21,33,64,0,118,14,0,14,132
04/20/2010,ATW,WI,AGL,CE,Federal Contract Tower,20,29,9,0,58,0,0,26,1,27,20,29,35,1,85,18,2,20,105
04/21/2010,ATW,WI,AGL,CE,Federal Contract Tower,19,37,30,0,86,0,0,37,0,37,19,37,67,0,123,46,0,46,169
04/22/2010,ATW,WI,AGL,CE,Federal Contract Tower,20,32,23,0,75,0,0,43,0,43,20,32,66,0,118,56,0,56,174
04/23/2010,ATW,WI,AGL,CE,Federal Contract Tower,19,29,16,0,64,0,0,25,0,25,19,29,41,0,89,25,0,25,114
04/24/2010,ATW,WI,AGL,CE,Federal Contract Tower,11,17,7,0,35,0,0,1,0,1,11,17,8,0,36,0,0,0,36
04/25/2010,ATW,WI,AGL,CE,Federal Contract Tower,9,26,5,0,40,0,0,0,0,0,9,26,5,0,40,0,0,0,40
04/26/2010,ATW,WI,AGL,CE,Federal Contract Tower,8,36,9,0,53,0,0,30,0,30,8,36,39,0,83,30,0,30,113
04/27/2010,ATW,WI,AGL,CE,Federal Contract Tower,8,39,27,0,74,0,0,23,0,23,8,39,50,0,97,18,0,18,115
04/28/2010,ATW,WI,AGL,CE,Federal Contract Tower,10,36,31,0,77,0,0,49,0,49,10,36,80,0,126,26,0,26,152
04/29/2010,ATW,WI,AGL,CE,Federal Contract Tower,10,40,19,2,71,0,0,21,0,21,10,40,40,2,92,4,0,4,96
04/30/2010,ATW,WI,AGL,CE,Federal Contract Tower,8,36,2,0,46,0,0,6,0,6,8,36,8,0,52,2,0,2,54
05/01/2010,ATW,WI,AGL,CE,Federal Contract Tower,15,16,1,0,32,0,0,7,0,7,15,16,8,0,39,4,0,4,43
05/02/2010,ATW,WI,AGL,CE,Federal Contract Tower,14,26,14,0,54,0,0,9,0,9,14,26,23,0,63,0,0,0,63
05/03/2010,ATW,WI,AGL,CE,Federal Contract Tower,18,29,22,0,69,0,0,25,0,25,18,29,47,0,94,10,0,10,104
05/04/2010,ATW,WI,AGL,CE,Federal Contract Tower,19,36,23,0,78,0,0,36,0,36,19,36,59,0,114,44,0,44,158
05/05/2010,ATW,WI,AGL,CE,Federal Contract Tower,23,30,25,0,78,0,0,8,0,8,23,30,33,0,86,0,0,0,86
05/06/2010,ATW,WI,AGL,CE,Federal Contract Tower,22,29,32,0,83,0,0,34,2,36,22,29,66,2,119,48,0,48,167
05/07/2010,ATW,WI,AGL,CE,Federal Contract Tower,21,27,9,0,57,0,0,2,0,2,21,27,11,0,59,0,0,0,59
05/08/2010,ATW,WI,AGL,CE,Federal Contract Tower,18,19,3,0,40,0,0,6,0,6,18,19,9,0,46,0,0,0,46
05/09/2010,ATW,WI,AGL,CE,Federal Contract Tower,15,25,8,0,48,0,0,27,0,27,15,25,35,0,75,20,0,20,95
05/10/2010,ATW,WI,AGL,CE,Federal Contract Tower,18,27,20,0,65,0,0,26,0,26,18,27,46,0,91,34,0,34,125
05/11/2010,ATW,WI,AGL,CE,Federal Contract Tower,11,39,16,0,66,0,0,0,0,0,11,39,16,0,66,0,0,0,66
05/12/2010,ATW,WI,AGL,CE,Federal Contract Tower,8,41,13,2,64,0,0,11,0,11,8,41,24,2,75,16,0,16,91
05/13/2010,ATW,WI,AGL,CE,Federal Contract Tower,10,38,15,0,63,0,0,0,0,0,10,38,15,0,63,0,0,0,63
05/14/2010,ATW,WI,AGL,CE,Federal Contract Tower,8,44,29,0,81,0,0,19,0,19,8,44,48,0,100,26,0,26,126
05/15/2010,ATW,WI,AGL,CE,Federal Contract Tower,12,20,12,0,44,0,0,42,0,42,12,20,54,0,86,38,0,38,124
05/16/2010,ATW,WI,AGL,CE,Federal Contract Tower,6,33,15,0,54,0,0,30,0,30,6,33,45,0,84,2,0,2,86
05/17/2010,ATW,WI,AGL,CE,Federal Contract Tower,7,39,18,0,64,0,0,13,2,15,7,39,31,2,79,0,0,0,79
05/18/2010,ATW,WI,AGL,CE,Federal Contract Tower,8,41,19,2,70,0,0,17,0,17,8,41,36,2,87,10,0,10,97
05/19/2010,ATW,WI,AGL,CE,Federal Contract Tower,9,42,16,0,67,0,0,25,0,25,9,42,41,0,92,14,0,14,106
05/20/2010,ATW,WI,AGL,CE,Federal Contract Tower,10,42,22,0,74,0,0,26,0,26,10,42,48,0,100,18,0,18,118
05/21/2010,ATW,WI,AGL,CE,Federal Contract Tower,8,40,16,3,67,0,0,0,0,0,8,40,16,3,67,0,0,0,67
05/22/2010,ATW,WI,AGL,CE,Federal Contract Tower,10,21,8,0,39,0,2,17,0,19,10,23,25,0,58,28,0,28,86
05/23/2010,ATW,WI,AGL,CE,Federal Contract Tower,6,33,6,0,45,0,0,24,0,24,6,33,30,0,69,10,0,10,79
05/24/2010,ATW,WI,AGL,CE,Federal Contract Tower,8,54,26,0,88,0,0,12,0,12,8,54,38,0,100,26,0,26,126
05/25/2010,ATW,WI,AGL,CE,Federal Contract Tower,8,43,19,0,70,0,0,20,0,20,8,43,39,0,90,24,0,24,114
05/26/2010,ATW,WI,AGL,CE,Federal Contract Tower,10,41,15,0,66,0,0,9,0,9,10,41,24,0,75,8,0,8,83
05/27/2010,ATW,WI,AGL,CE,Federal Contract Tower,10,41,20,0,71,0,0,25,2,27,10,41,45,2,98,10,0,10,108
05/28/2010,ATW,WI,AGL,CE,Federal Contract Tower,7,37,15,0,59,0,0,30,0,30,7,37,45,0,89,12,0,12,101
05/29/2010,ATW,WI,AGL,CE,Federal Contract Tower,10,20,6,0,36,0,0,33,0,33,10,20,39,0,69,10,0,10,79
05/30/2010,ATW,WI,AGL,CE,Federal Contract Tower,5,23,3,0,31,0,0,8,0,8,5,23,11,0,39,0,0,0,39
05/31/2010,ATW,WI,AGL,CE,Federal Contract Tower,2,33,13,0,48,0,0,39,0,39,2,33,52,0,87,16,0,16,103
06/01/2010,ATW,WI,AGL,CE,Federal Contract Tower,10,45,20,0,75,0,0,21,0,21,10,45,41,0,96,8,0,8,104
06/02/2010,ATW,WI,AGL,CE,Federal Contract Tower,8,39,27,0,74,0,2,7,0,9,8,41,34,0,83,10,0,10,93
06/03/2010,ATW,WI,AGL,CE,Federal Contract Tower,12,39,30,0,81,0,0,30,0,30,12,39,60,0,111,38,0,38,149
06/04/2010,ATW,WI,AGL,CE,Federal Contract Tower,8,33,17,0,58,0,0,3,0,3,8,33,20,0,61,6,0,6,67
06/05/2010,ATW,WI,AGL,CE,Federal Contract Tower,8,23,7,0,38,0,1,17,0,18,8,24,24,0,56,34,0,34,90
06/06/2010,ATW,WI,AGL,CE,Federal Contract Tower,8,31,11,0,50,0,0,25,0,25,8,31,36,0,75,10,0,10,85
06/07/2010,ATW,WI,AGL,CE,Federal Contract Tower,7,41,12,0,60,0,3,38,0,41,7,44,50,0,101,0,0,0,101
06/08/2010,ATW,WI,AGL,CE,Federal Contract Tower,8,42,8,0,58,0,0,0,0,0,8,42,8,0,58,0,0,0,58
06/09/2010,ATW,WI,AGL,CE,Federal Contract Tower,7,44,21,0,72,0,0,13,0,13,7,44,34,0,85,6,0,6,91
06/10/2010,ATW,WI,AGL,CE,Federal Contract Tower,9,47,33,0,89,0,0,24,0,24,9,47,57,0,113,8,0,8,121
06/11/2010,ATW,WI,AGL,CE,Federal Contract Tower,5,42,13,2,62,0,0,4,0,4,5,42,17,2,66,0,0,0,66
06/12/2010,ATW,WI,AGL,CE,Federal Contract Tower,6,32,4,2,44,0,0,0,1,1,6,32,4,3,45,0,0,0,45
06/13/2010,ATW,WI,AGL,CE,Federal Contract Tower,11,28,10,2,51,0,2,2,0,4,11,30,12,2,55,10,0,10,65
06/14/2010,ATW,WI,AGL,CE,Federal Contract Tower,4,42,23,0,69,0,1,7,0,8,4,43,30,0,77,12,0,12,89
06/15/2010,ATW,WI,AGL,CE,Federal Contract Tower,5,48,21,0,74,0,0,0,0,0,5,48,21,0,74,0,0,0,74
06/16/2010,ATW,WI,AGL,CE,Federal Contract Tower,6,50,28,0,84,0,0,27,0,27,6,50,55,0,111,40,0,40,151
06/17/2010,ATW,WI,AGL,CE,Federal Contract Tower,9,52,27,0,88,0,0,29,0,29,9,52,56,0,117,10,0,10,127
06/18/2010,ATW,WI,AGL,CE,Federal Contract Tower,4,44,12,0,60,0,45,0,0,45,4,89,12,0,105,84,0,84,189
06/19/2010,ATW,WI,AGL,CE,Federal Contract Tower,9,23,9,0,41,0,0,24,0,24,9,23,33,0,65,4,0,4,69
06/20/2010,ATW,WI,AGL,CE,Federal Contract Tower,11,33,4,0,48,0,0,40,0,40,11,33,44,0,88,58,0,58,146
06/21/2010,ATW,WI,AGL,CE,Federal Contract Tower,5,45,27,0,77,0,4,22,0,26,5,49,49,0,103,20,0,20,123
06/22/2010,ATW,WI,AGL,CE,Federal Contract Tower,6,57,18,0,81,0,2,37,0,39,6,59,55,0,120,74,0,74,194
06/23/2010,ATW,WI,AGL,CE,Federal Contract Tower,6,35,13,2,56,0,0,0,0,0,6,35,13,2,56,0,0,0,56
06/24/2010,ATW,WI,AGL,CE,Federal Contract Tower,10,39,23,0,72,0,0,48,0,48,10,39,71,0,120,46,0,46,166
06/25/2010,ATW,WI,AGL,CE,Federal Contract Tower,6,45,23,0,74,0,0,32,0,32,6,45,55,0,106,32,0,32,138
06/26/2010,ATW,WI,AGL,CE,Federal Contract Tower,11,24,6,0,41,0,0,8,0,8,11,24,14,0,49,20,0,20,69
06/27/2010,ATW,WI,AGL,CE,Federal Contract Tower,9,27,15,0,51,0,1,12,2,15,9,28,27,2,66,2,0,2,68
06/28/2010,ATW,WI,AGL,CE,Federal Contract Tower,4,45,12,0,61,0,3,17,0,20,4,48,29,0,81,24,0,24,105
06/29/2010,ATW,WI,AGL,CE,Federal Contract Tower,6,46,13,0,65,0,1,53,0,54,6,47,66,0,119,28,0,28,147
06/30/2010,ATW,WI,AGL,CE,Federal Contract Tower,5,45,22,0,72,0,0,40,0,40,5,45,62,0,112,6,0,6,118
07/01/2010,ATW,WI,AGL,CE,Federal Contract Tower,9,46,17,0,72,0,2,20,0,22,9,48,37,0,94,6,0,6,100
07/02/2010,ATW,WI,AGL,CE,Federal Contract Tower,6,44,9,0,59,0,0,38,0,38,6,44,47,0,97,48,0,48,145
07/03/2010,ATW,WI,AGL,CE,Federal Contract Tower,9,28,4,0,41,0,0,26,0,26,9,28,30,0,67,4,0,4,71
07/04/2010,ATW,WI,AGL,CE,Federal Contract Tower,10,21,3,0,34,0,0,4,0,4,10,21,7,0,38,6,0,6,44
07/05/2010,ATW,WI,AGL,CE,Federal Contract Tower,6,66,10,0,82,0,0,0,0,0,6,66,10,0,82,0,0,0,82
07/06/2010,ATW,WI,AGL,CE,Federal Contract Tower,5,46,12,0,63,0,0,12,0,12,5,46,24,0,75,0,0,0,75
07/07/2010,ATW,WI,AGL,CE,Federal Contract Tower,8,49,19,0,76,0,0,0,0,0,8,49,19,0,76,0,0,0,76
07/08/2010,ATW,WI,AGL,CE,Federal Contract Tower,9,44,22,2,77,0,0,14,0,14,9,44,36,2,91,18,0,18,109
07/09/2010,ATW,WI,AGL,CE,Federal Contract Tower,6,46,19,0,71,0,0,33,0,33,6,46,52,0,104,30,0,30,134
07/10/2010,ATW,WI,AGL,CE,Federal Contract Tower,12,23,4,0,39,0,0,33,0,33,12,23,37,0,72,16,0,16,88
07/11/2010,ATW,WI,AGL,CE,Federal Contract Tower,8,34,7,0,49,0,0,12,0,12,8,34,19,0,61,6,0,6,67
07/12/2010,ATW,WI,AGL,CE,Federal Contract Tower,2,46,20,0,68,0,4,6,2,12,2,50,26,2,80,10,4,14,94
07/13/2010,ATW,WI,AGL,CE,Federal Contract Tower,5,46,27,0,78,0,1,34,0,35,5,47,61,0,113,62,0,62,175
07/14/2010,ATW,WI,AGL,CE,Federal Contract Tower,7,42,17,0,66,0,0,12,0,12,7,42,29,0,78,6,0,6,84
07/15/2010,ATW,WI,AGL,CE,Federal Contract Tower,10,45,8,0,63,0,0,33,0,33,10,45,41,0,96,32,0,32,128
07/16/2010,ATW,WI,AGL,CE,Federal Contract Tower,4,44,26,0,74,0,24,0,0,24,4,68,26,0,98,12,0,12,110
07/17/2010,ATW,WI,AGL,CE,Federal Contract Tower,9,27,20,0,56,0,1,37,0,38,9,28,57,0,94,6,0,6,100
07/18/2010,ATW,WI,AGL,CE,Federal Contract Tower,9,35,5,0,49,0,0,15,0,15,9,35,20,0,64,2,0,2,66
07/19/2010,ATW,WI,AGL,CE,Federal Contract Tower,4,40,23,0,67,0,0,13,0,13,4,40,36,0,80,2,0,2,82
07/20/2010,ATW,WI,AGL,CE,Federal Contract Tower,8,51,18,0,77,0,0,28,0,28,8,51,46,0,105,46,0,46,151
07/21/2010,ATW,WI,AGL,CE,Federal Contract Tower,7,48,28,3,86,0,0,56,0,56,7,48,84,3,142,44,0,44,186
07/22/2010,ATW,WI,AGL,CE,Federal Contract Tower,10,55,13,0,78,0,0,0,0,0,10,55,13,0,78,0,0,0,78
07/23/2010,ATW,WI,AGL,CE,Federal Contract Tower,7,40,26,0,73,0,0,19,0,19,7,40,45,0,92,0,0,0,92
07/24/2010,ATW,WI,AGL,CE,Federal Contract Tower,8,29,30,0,67,0,0,74,0,74,8,29,104,0,141,0,0,0,141
07/25/2010,ATW,WI,AGL,CE,Federal Contract Tower,9,33,41,0,83,0,0,407,0,407,9,33,448,0,490,0,0,0,490
07/26/2010,ATW,WI,AGL,CE,Federal Contract Tower,5,47,70,0,122,0,0,527,0,527,5,47,597,0,649,0,0,0,649
07/27/2010,ATW,WI,AGL,CE,Federal Contract Tower,5,51,71,0,127,0,0,427,0,427,5,51,498,0,554,6,0,6,560
07/28/2010,ATW,WI,AGL,CE,Federal Contract Tower,6,51,117,0,174,0,0,370,0,370,6,51,487,0,544,8,0,8,552
07/29/2010,ATW,WI,AGL,CE,Federal Contract Tower,9,49,103,0,161,0,0,478,0,478,9,49,581,0,639,2,0,2,641
07/30/2010,ATW,WI,AGL,CE,Federal Contract Tower,7,44,91,0,142,0,0,318,0,318,7,44,409,0,460,0,0,0,460
07/31/2010,ATW,WI,AGL,CE,Federal Contract Tower,10,30,94,0,134,0,0,65,0,65,10,30,159,0,199,0,0,0,199
08/01/2010,ATW,WI,AGL,CE,Federal Contract Tower,10,30,70,0,110,0,0,160,0,160,10,30,230,0,270,0,0,0,270
08/02/2010,ATW,WI,AGL,CE,Federal Contract Tower,4,44,44,0,92,0,0,0,0,0,4,44,44,0,92,18,0,18,110
08/03/2010,ATW,WI,AGL,CE,Federal Contract Tower,6,52,19,0,77,0,0,26,0,26,6,52,45,0,103,14,0,14,117
08/04/2010,ATW,WI,AGL,CE,Federal Contract Tower,7,39,14,1,61,0,2,45,0,47,7,41,59,1,108,46,0,46,154
08/05/2010,ATW,WI,AGL,CE,Federal Contract Tower,9,45,21,0,75,0,0,35,0,35,9,45,56,0,110,24,0,24,134
08/06/2010,ATW,WI,AGL,CE,Federal Contract Tower,6,47,22,0,75,0,0,42,0,42,6,47,64,0,117,36,0,36,153
08/07/2010,ATW,WI,AGL,CE,Federal Contract Tower,8,26,4,0,38,0,0,24,0,24,8,26,28,0,62,26,0,26,88
08/08/2010,ATW,WI,AGL,CE,Federal Contract Tower,9,35,12,0,56,0,0,12,0,12,9,35,24,0,68,12,0,12,80
08/09/2010,ATW,WI,AGL,CE,Federal Contract Tower,5,47,12,3,67,0,0,12,1,13,5,47,24,4,80,4,0,4,84
08/10/2010,ATW,WI,AGL,CE,Federal Contract Tower,5,43,18,0,66,0,0,9,0,9,5,43,27,0,75,0,0,0,75
08/11/2010,ATW,WI,AGL,CE,Federal Contract Tower,5,47,22,0,74,0,0,2,0,2,5,47,24,0,76,0,0,0,76
08/12/2010,ATW,WI,AGL,CE,Federal Contract Tower,10,55,18,0,83,0,0,17,0,17,10,55,35,0,100,2,0,2,102
08/13/2010,ATW,WI,AGL,CE,Federal Contract Tower,8,40,14,0,62,0,2,4,0,6,8,42,18,0,68,14,0,14,82
08/14/2010,ATW,WI,AGL,CE,Federal Contract Tower,8,27,9,0,44,0,0,12,0,12,8,27,21,0,56,2,0,2,58
08/15/2010,ATW,WI,AGL,CE,Federal Contract Tower,7,35,8,0,50,0,0,34,0,34,7,35,42,0,84,8,0,8,92
08/16/2010,ATW,WI,AGL,CE,Federal Contract Tower,4,47,17,0,68,0,0,19,0,19,4,47,36,0,87,4,0,4,91
08/17/2010,ATW,WI,AGL,CE,Federal Contract Tower,4,52,6,0,62,0,0,43,0,43,4,52,49,0,105,6,0,6,111
08/18/2010,ATW,WI,AGL,CE,Federal Contract Tower,4,51,15,0,70,0,0,35,0,35,4,51,50,0,105,14,0,14,119
08/19/2010,ATW,WI,AGL,CE,Federal Contract Tower,8,50,27,0,85,0,0,17,0,17,8,50,44,0,102,4,0,4,106
08/20/2010,ATW,WI,AGL,CE,Federal Contract Tower,4,47,12,0,63,0,0,15,0,15,4,47,27,0,78,16,0,16,94
08/21/2010,ATW,WI,AGL,CE,Federal Contract Tower,4,24,16,0,44,0,0,8,0,8,4,24,24,0,52,18,0,18,70
08/22/2010,ATW,WI,AGL,CE,Federal Contract Tower,8,37,10,0,55,0,0,42,0,42,8,37,52,0,97,42,0,42,139
08/23/2010,ATW,WI,AGL,CE,Federal Contract Tower,3,41,19,0,63,0,0,33,0,33,3,41,52,0,96,26,0,26,122
08/24/2010,ATW,WI,AGL,CE,Federal Contract Tower,12,43,15,0,70,0,6,16,0,22,12,49,31,0,92,34,0,34,126
08/25/2010,ATW,WI,AGL,CE,Federal Contract Tower,10,41,21,0,72,0,0,40,0,40,10,41,61,0,112,14,0,14,126
08/26/2010,ATW,WI,AGL,CE,Federal Contract Tower,14,43,28,2,87,0,0,36,0,36,14,43,64,2,123,18,22,40,163
08/27/2010,ATW,WI,AGL,CE,Federal Contract Tower,10,40,18,0,68,0,4,42,0,46,10,44,60,0,114,28,0,28,142
08/28/2010,ATW,WI,AGL,CE,Federal Contract Tower,11,19,5,0,35,0,3,31,0,34,11,22,36,0,69,20,0,20,89
08/29/2010,ATW,WI,AGL,CE,Federal Contract Tower,10,33,12,0,55,0,0,52,0,52,10,33,64,0,107,66,0,66,173
08/30/2010,ATW,WI,AGL,CE,Federal Contract Tower,9,44,15,0,68,0,0,29,0,29,9,44,44,0,97,20,0,20,117
08/31/2010,ATW,WI,AGL,CE,Federal Contract Tower,12,41,15,1,69,0,0,7,0,7,12,41,22,1,76,6,0,6,82
09/01/2010,ATW,WI,AGL,CE,Federal Contract Tower,10,43,17,0,70,0,5,4,0,9,10,48,21,0,79,4,0,4,83
09/02/2010,ATW,WI,AGL,CE,Federal Contract Tower,14,44,23,0,81,0,0,11,0,11,14,44,34,0,92,0,0,0,92
09/03/2010,ATW,WI,AGL,CE,Federal Contract Tower,12,37,16,0,65,0,0,2,0,2,12,37,18,0,67,0,0,0,67
09/04/2010,ATW,WI,AGL,CE,Federal Contract Tower,7,17,5,0,29,0,0,15,0,15,7,17,20,0,44,4,0,4,48
09/05/2010,ATW,WI,AGL,CE,Federal Contract Tower,6,26,13,0,45,0,0,29,0,29,6,26,42,0,74,22,0,22,96
09/06/2010,ATW,WI,AGL,CE,Federal Contract Tower,12,29,7,0,48,0,2,10,0,12,12,31,17,0,60,4,0,4,64
09/07/2010,ATW,WI,AGL,CE,Federal Contract Tower,9,41,18,0,68,0,0,4,0,4,9,41,22,0,72,6,0,6,78
09/08/2010,ATW,WI,AGL,CE,Federal Contract Tower,10,40,15,0,65,0,0,33,0,33,10,40,48,0,98,4,0,4,102
09/09/2010,ATW,WI,AGL,CE,Federal Contract Tower,13,37,28,0,78,0,0,33,0,33,13,37,61,0,111,32,0,32,143
09/10/2010,ATW,WI,AGL,CE,Federal Contract Tower,10,38,15,0,63,0,1,22,0,23,10,39,37,0,86,6,0,6,92
09/11/2010,ATW,WI,AGL,CE,Federal Contract Tower,9,23,19,0,51,0,0,0,0,0,9,23,19,0,51,0,0,0,51
09/12/2010,ATW,WI,AGL,CE,Federal Contract Tower,7,28,10,0,45,0,3,50,0,53,7,31,60,0,98,32,0,32,130
09/13/2010,ATW,WI,AGL,CE,Federal Contract Tower,9,38,23,0,70,0,0,30,0,30,9,38,53,0,100,36,0,36,136
09/14/2010,ATW,WI,AGL,CE,Federal Contract Tower,10,57,17,0,84,0,0,28,0,28,10,57,45,0,112,66,0,66,178
09/15/2010,ATW,WI,AGL,CE,Federal Contract Tower,10,39,22,1,72,0,0,10,0,10,10,39,32,1,82,22,0,22,104
09/16/2010,ATW,WI,AGL,CE,Federal Contract Tower,13,38,23,4,78,0,0,12,0,12,13,38,35,4,90,28,0,28,118
09/17/2010,ATW,WI,AGL,CE,Federal Contract Tower,10,39,18,0,67,0,0,10,0,10,10,39,28,0,77,0,0,0,77
09/18/2010,ATW,WI,AGL,CE,Federal Contract Tower,7,21,17,0,45,0,2,36,0,38,7,23,53,0,83,20,0,20,103
09/19/2010,ATW,WI,AGL,CE,Federal Contract Tower,8,30,20,0,58,0,0,35,0,35,8,30,55,0,93,32,0,32,125
09/20/2010,ATW,WI,AGL,CE,Federal Contract Tower,9,40,31,0,80,0,0,4,0,4,9,40,35,0,84,0,0,0,84
09/21/2010,ATW,WI,AGL,CE,Federal Contract Tower,10,39,10,0,59,0,6,23,0,29,10,45,33,0,88,4,0,4,92
09/22/2010,ATW,WI,AGL,CE,Federal Contract Tower,8,43,12,2,65,0,0,55,0,55,8,43,67,2,120,54,16,70,190
09/23/2010,ATW,WI,AGL,CE,Federal Contract Tower,12,41,12,0,65,0,0,2,0,2,12,41,14,0,67,0,0,0,67
09/24/2010,ATW,WI,AGL,CE,Federal Contract Tower,8,40,7,0,55,0,0,3,0,3,8,40,10,0,58,0,0,0,58
09/25/2010,ATW,WI,AGL,CE,Federal Contract Tower,9,22,11,0,42,0,0,19,0,19,9,22,30,0,61,8,0,8,69
09/26/2010,ATW,WI,AGL,CE,Federal Contract Tower,9,33,10,0,52,0,0,40,0,40,9,33,50,0,92,38,0,38,130
09/27/2010,ATW,WI,AGL,CE,Federal Contract Tower,9,40,14,3,66,0,0,31,0,31,9,40,45,3,97,30,24,54,151
09/28/2010,ATW,WI,AGL,CE,Federal Contract Tower,10,36,18,0,64,0,0,18,0,18,10,36,36,0,82,68,0,68,150
09/29/2010,ATW,WI,AGL,CE,Federal Contract Tower,10,40,28,0,78,0,0,29,0,29,10,40,57,0,107,2,0,2,109
09/30/2010,ATW,WI,AGL,CE,Federal Contract Tower,12,42,26,2,82,0,0,21,1,22,12,42,47,3,104,12,0,12,116
10/01/2010,ATW,WI,AGL,CE,Federal Contract Tower,8,42,25,0,75,0,0,26,0,26,8,42,51,0,101,0,0,0,101
10/02/2010,ATW,WI,AGL,CE,Federal Contract Tower,9,23,6,1,39,0,0,22,0,22,9,23,28,1,61,2,2,4,65
10/03/2010,ATW,WI,AGL,CE,Federal Contract Tower,6,30,11,0,47,0,0,46,0,46,6,30,57,0,93,12,0,12,105
10/04/2010,ATW,WI,AGL,CE,Federal Contract Tower,9,38,16,0,63,0,0,32,0,32,9,38,48,0,95,20,0,20,115
10/05/2010,ATW,WI,AGL,CE,Federal Contract Tower,9,38,24,4,75,0,0,29,0,29,9,38,53,4,104,26,0,26,130
10/06/2010,ATW,WI,AGL,CE,Federal Contract Tower,10,38,12,5,65,0,0,31,0,31,10,38,43,5,96,18,0,18,114
10/07/2010,ATW,WI,AGL,CE,Federal Contract Tower,12,40,32,2,86,0,0,46,0,46,12,40,78,2,132,86,0,86,218
10/08/2010,ATW,WI,AGL,CE,Federal Contract Tower,10,38,15,0,63,0,2,20,0,22,10,40,35,0,85,16,0,16,101
10/09/2010,ATW,WI,AGL,CE,Federal Contract Tower,7,22,6,0,35,0,0,39,0,39,7,22,45,0,74,6,0,6,80
10/10/2010,ATW,WI,AGL,CE,Federal Contract Tower,6,36,13,0,55,0,0,41,0,41,6,36,54,0,96,16,0,16,112
10/11/2010,ATW,WI,AGL,CE,Federal Contract Tower,9,37,20,0,66,0,0,24,0,24,9,37,44,0,90,24,0,24,114
10/12/2010,ATW,WI,AGL,CE,Federal Contract Tower,10,38,20,0,68,0,0,38,0,38,10,38,58,0,106,76,0,76,182
10/13/2010,ATW,WI,AGL,CE,Federal Contract Tower,10,39,31,0,80,0,0,36,0,36,10,39,67,0,116,16,0,16,132
10/14/2010,ATW,WI,AGL,CE,Federal Contract Tower,11,39,23,0,73,0,0,36,0,36,11,39,59,0,109,6,0,6,115
10/15/2010,ATW,WI,AGL,CE,Federal Contract Tower,8,43,22,0,73,0,0,33,2,35,8,43,55,2,108,34,2,36,144
10/16/2010,ATW,WI,AGL,CE,Federal Contract Tower,7,21,11,0,39,0,2,29,0,31,7,23,40,0,70,16,0,16,86
10/17/2010,ATW,WI,AGL,CE,Federal Contract Tower,6,32,4,0,42,0,0,38,0,38,6,32,42,0,80,14,0,14,94
10/18/2010,ATW,WI,AGL,CE,Federal Contract Tower,9,41,18,0,68,0,0,41,0,41,9,41,59,0,109,28,0,28,137
10/19/2010,ATW,WI,AGL,CE,Federal Contract Tower,10,35,17,0,62,0,0,23,0,23,10,35,40,0,85,30,0,30,115
10/20/2010,ATW,WI,AGL,CE,Federal Contract Tower,9,37,10,2,58,0,0,7,2,9,9,37,17,4,67,0,0,0,67
10/21/2010,ATW,WI,AGL,CE,Federal Contract Tower,14,39,16,0,69,0,2,26,0,28,14,41,42,0,97,66,0,66,163
10/22/2010,ATW,WI,AGL,CE,Federal Contract Tower,10,39,20,0,69,0,0,54,0,54,10,39,74,0,123,24,0,24,147
10/23/2010,ATW,WI,AGL,CE,Federal Contract Tower,9,22,10,0,41,0,0,1,0,1,9,22,11,0,42,6,0,6,48
10/24/2010,ATW,WI,AGL,CE,Federal Contract Tower,6,39,12,0,57,0,0,0,0,0,6,39,12,0,57,0,0,0,57
10/25/2010,ATW,WI,AGL,CE,Federal Contract Tower,9,42,25,0,76,0,0,2,0,2,9,42,27,0,78,6,0,6,84
10/26/2010,ATW,WI,AGL,CE,Federal Contract Tower,7,30,9,0,46,0,0,0,0,0,7,30,9,0,46,0,0,0,46
10/27/2010,ATW,WI,AGL,CE,Federal Contract Tower,7,39,9,0,55,0,0,2,0,2,7,39,11,0,57,12,0,12,69
10/28/2010,ATW,WI,AGL,CE,Federal Contract Tower,11,43,12,0,66,0,0,5,0,5,11,43,17,0,71,12,0,12,83
10/29/2010,ATW,WI,AGL,CE,Federal Contract Tower,9,40,16,0,65,0,0,36,0,36,9,40,52,0,101,22,0,22,123
10/30/2010,ATW,WI,AGL,CE,Federal Contract Tower,7,24,7,0,38,0,0,35,0,35,7,24,42,0,73,26,0,26,99
10/31/2010,ATW,WI,AGL,CE,Federal Contract Tower,6,34,7,0,47,0,0,30,0,30,6,34,37,0,77,44,0,44,121
11/01/2010,ATW,WI,AGL,CE,Federal Contract Tower,7,30,19,0,56,0,0,31,0,31,7,30,50,0,87,48,0,48,135
11/02/2010,ATW,WI,AGL,CE,Federal Contract Tower,10,35,16,0,61,0,0,72,0,72,10,35,88,0,133,34,0,34,167
11/03/2010,ATW,WI,AGL,CE,Federal Contract Tower,10,35,29,0,74,0,0,25,0,25,10,35,54,0,99,54,0,54,153
11/04/2010,ATW,WI,AGL,CE,Federal Contract Tower,9,46,14,0,69,0,0,18,0,18,9,46,32,0,87,40,0,40,127
11/05/2010,ATW,WI,AGL,CE,Federal Contract Tower,6,41,12,0,59,0,0,25,0,25,6,41,37,0,84,40,0,40,124
11/06/2010,ATW,WI,AGL,CE,Federal Contract Tower,4,24,9,0,37,0,0,71,0,71,4,24,80,0,108,20,0,20,128
11/07/2010,ATW,WI,AGL,CE,Federal Contract Tower,5,33,11,0,49,0,0,34,0,34,5,33,45,0,83,0,0,0,83
11/08/2010,ATW,WI,AGL,CE,Federal Contract Tower,5,44,22,5,76,0,0,22,2,24,5,44,44,7,100,30,16,46,146
11/09/2010,ATW,WI,AGL,CE,Federal Contract Tower,6,43,35,0,84,0,0,30,0,30,6,43,65,0,114,24,0,24,138
11/10/2010,ATW,WI,AGL,CE,Federal Contract Tower,6,43,26,0,75,0,0,20,0,20,6,43,46,0,95,40,0,40,135
11/11/2010,ATW,WI,AGL,CE,Federal Contract Tower,8,42,20,0,70,0,0,27,0,27,8,42,47,0,97,24,0,24,121
11/12/2010,ATW,WI,AGL,CE,Federal Contract Tower,4,44,13,0,61,0,4,19,0,23,4,48,32,0,84,12,0,12,96
11/13/2010,ATW,WI,AGL,CE,Federal Contract Tower,4,20,8,0,32,0,0,0,0,0,4,20,8,0,32,0,0,0,32
11/14/2010,ATW,WI,AGL,CE,Federal Contract Tower,5,37,3,0,45,0,0,2,0,2,5,37,5,0,47,0,0,0,47
11/15/2010,ATW,WI,AGL,CE,Federal Contract Tower,5,44,7,0,56,0,0,16,0,16,5,44,23,0,72,12,0,12,84
11/16/2010,ATW,WI,AGL,CE,Federal Contract Tower,6,42,18,0,66,0,0,27,0,27,6,42,45,0,93,34,0,34,127
11/17/2010,ATW,WI,AGL,CE,Federal Contract Tower,6,41,22,3,72,0,0,3,0,3,6,41,25,3,75,30,4,34,109
11/18/2010,ATW,WI,AGL,CE,Federal Contract Tower,10,43,21,0,74,0,6,33,0,39,10,49,54,0,113,4,0,4,117
11/19/2010,ATW,WI,AGL,CE,Federal Contract Tower,6,44,18,0,68,0,0,5,0,5,6,44,23,0,73,14,0,14,87
11/20/2010,ATW,WI,AGL,CE,Federal Contract Tower,4,24,4,0,32,0,0,30,0,30,4,24,34,0,62,28,0,28,90
11/21/2010,ATW,WI,AGL,CE,Federal Contract Tower,7,28,3,0,38,0,0,0,0,0,7,28,3,0,38,0,0,0,38
11/22/2010,ATW,WI,AGL,CE,Federal Contract Tower,2,44,12,0,58,0,0,0,0,0,2,44,12,0,58,0,0,0,58
11/23/2010,ATW,WI,AGL,CE,Federal Contract Tower,3,47,10,0,60,0,2,16,0,18,3,49,26,0,78,34,0,34,112
11/24/2010,ATW,WI,AGL,CE,Federal Contract Tower,6,48,7,0,61,0,0,5,0,5,6,48,12,0,66,10,0,10,76
11/25/2010,ATW,WI,AGL,CE,Federal Contract Tower,5,21,7,0,33,0,0,3,0,3,5,21,10,0,36,2,0,2,38
11/26/2010,ATW,WI,AGL,CE,Federal Contract Tower,7,25,2,1,35,0,0,12,0,12,7,25,14,1,47,4,0,4,51
11/27/2010,ATW,WI,AGL,CE,Federal Contract Tower,7,31,4,1,43,0,0,33,0,33,7,31,37,1,76,54,0,54,130
11/28/2010,ATW,WI,AGL,CE,Federal Contract Tower,5,42,13,0,60,0,0,19,0,19,5,42,32,0,79,2,0,2,81
11/29/2010,ATW,WI,AGL,CE,Federal Contract Tower,4,43,9,2,58,0,0,16,0,16,4,43,25,2,74,10,0,10,84
11/30/2010,ATW,WI,AGL,CE,Federal Contract Tower,6,56,13,0,75,0,0,0,0,0,6,56,13,0,75,0,0,0,75
12/01/2010,ATW,WI,AGL,CE,Federal Contract Tower,5,45,20,0,70,0,0,1,0,1,5,45,21,0,71,2,0,2,73
12/02/2010,ATW,WI,AGL,CE,Federal Contract Tower,10,42,18,0,70,0,0,11,0,11,10,42,29,0,81,12,0,12,93
12/03/2010,ATW,WI,AGL,CE,Federal Contract Tower,5,39,20,0,64,0,0,20,0,20,5,39,40,0,84,44,0,44,128
12/04/2010,ATW,WI,AGL,CE,Federal Contract Tower,6,25,2,0,33,0,0,11,2,13,6,25,13,2,46,12,2,14,60
12/05/2010,ATW,WI,AGL,CE,Federal Contract Tower,9,29,15,0,53,0,0,8,0,8,9,29,23,0,61,14,0,14,75
12/06/2010,ATW,WI,AGL,CE,Federal Contract Tower,4,41,6,0,51,0,0,10,0,10,4,41,16,0,61,2,0,2,63
12/07/2010,ATW,WI,AGL,CE,Federal Contract Tower,5,43,14,0,62,0,1,15,0,16,5,44,29,0,78,6,0,6,84
12/08/2010,ATW,WI,AGL,CE,Federal Contract Tower,6,43,11,0,60,0,0,23,0,23,6,43,34,0,83,18,0,18,101
12/09/2010,ATW,WI,AGL,CE,Federal Contract Tower,10,34,11,0,55,0,0,10,0,10,10,34,21,0,65,26,0,26,91
12/10/2010,ATW,WI,AGL,CE,Federal Contract Tower,7,40,19,0,66,0,0,14,0,14,7,40,33,0,80,30,0,30,110
12/11/2010,ATW,WI,AGL,CE,Federal Contract Tower,1,13,7,0,21,0,0,0,0,0,1,13,7,0,21,0,0,0,21
12/12/2010,ATW,WI,AGL,CE,Federal Contract Tower,4,16,4,0,24,0,4,0,0,4,4,20,4,0,28,0,0,0,28
12/13/2010,ATW,WI,AGL,CE,Federal Contract Tower,5,41,12,5,63,0,0,7,0,7,5,41,19,5,70,0,12,12,82
12/14/2010,ATW,WI,AGL,CE,Federal Contract Tower,8,40,23,0,71,0,5,26,0,31,8,45,49,0,102,10,0,10,112
12/15/2010,ATW,WI,AGL,CE,Federal Contract Tower,7,41,18,0,66,0,0,34,0,34,7,41,52,0,100,2,0,2,102
12/16/2010,ATW,WI,AGL,CE,Federal Contract Tower,14,41,18,0,73,0,0,24,0,24,14,41,42,0,97,10,0,10,107
12/17/2010,ATW,WI,AGL,CE,Federal Contract Tower,11,39,18,0,68,0,0,23,0,23,11,39,41,0,91,14,0,14,105
12/18/2010,ATW,WI,AGL,CE,Federal Contract Tower,3,35,5,0,43,0,0,14,0,14,3,35,19,0,57,0,0,0,57
12/19/2010,ATW,WI,AGL,CE,Federal Contract Tower,9,35,10,0,54,0,0,31,0,31,9,35,41,0,85,0,0,0,85
12/20/2010,ATW,WI,AGL,CE,Federal Contract Tower,8,37,14,0,59,0,0,23,0,23,8,37,37,0,82,12,0,12,94
12/21/2010,ATW,WI,AGL,CE,Federal Contract Tower,8,36,5,0,49,0,0,0,0,0,8,36,5,0,49,0,0,0,49
12/22/2010,ATW,WI,AGL,CE,Federal Contract Tower,11,36,15,0,62,0,0,27,0,27,11,36,42,0,89,8,0,8,97
12/23/2010,ATW,WI,AGL,CE,Federal Contract Tower,15,38,7,0,60,0,0,6,0,6,15,38,13,0,66,26,0,26,92
12/24/2010,ATW,WI,AGL,CE,Federal Contract Tower,9,29,1,0,39,0,2,2,0,4,9,31,3,0,43,0,0,0,43
12/25/2010,ATW,WI,AGL,CE,Federal Contract Tower,9,22,0,0,31,0,0,0,0,0,9,22,0,0,31,0,0,0,31
12/26/2010,ATW,WI,AGL,CE,Federal Contract Tower,9,32,1,0,42,0,0,3,0,3,9,32,4,0,45,0,0,0,45
12/27/2010,ATW,WI,AGL,CE,Federal Contract Tower,8,34,3,0,45,0,0,17,0,17,8,34,20,0,62,20,0,20,82
12/28/2010,ATW,WI,AGL,CE,Federal Contract Tower,11,33,10,0,54,0,3,12,0,15,11,36,22,0,69,14,0,14,83
12/29/2010,ATW,WI,AGL,CE,Federal Contract Tower,10,33,14,0,57,0,2,25,0,27,10,35,39,0,84,32,0,32,116
12/30/2010,ATW,WI,AGL,CE,Federal Contract Tower,6,13,2,0,21,0,0,0,0,0,6,13,2,0,21,0,0,0,21
12/31/2010,ATW,WI,AGL,CE,Federal Contract Tower,4,19,2,0,25,0,0,0,0,0,4,19,2,0,25,0,0,0,25
01/01/2011,ATW,WI,AGL,CE,Federal Contract Tower,7,29,2,0,38,0,0,2,0,2,7,29,4,0,40,0,0,0,40
01/02/2011,ATW,WI,AGL,CE,Federal Contract Tower,8,34,6,0,48,0,0,8,0,8,8,34,14,0,56,8,0,8,64
01/03/2011,ATW,WI,AGL,CE,Federal Contract Tower,10,36,10,0,56,0,0,6,0,6,10,36,16,0,62,6,0,6,68
01/04/2011,ATW,WI,AGL,CE,Federal Contract Tower,8,39,13,0,60,0,0,15,0,15,8,39,28,0,75,38,0,38,113
01/05/2011,ATW,WI,AGL,CE,Federal Contract Tower,5,43,9,0,57,0,0,14,0,14,5,43,23,0,71,30,0,30,101
01/06/2011,ATW,WI,AGL,CE,Federal Contract Tower,8,45,11,0,64,0,0,10,0,10,8,45,21,0,74,14,0,14,88
01/07/2011,ATW,WI,AGL,CE,Federal Contract Tower,4,41,10,0,55,0,0,4,0,4,4,41,14,0,59,0,0,0,59
01/08/2011,ATW,WI,AGL,CE,Federal Contract Tower,3,24,7,0,34,0,0,29,0,29,3,24,36,0,63,26,0,26,89
01/09/2011,ATW,WI,AGL,CE,Federal Contract Tower,6,32,6,0,44,0,0,39,0,39,6,32,45,0,83,16,0,16,99
01/10/2011,ATW,WI,AGL,CE,Federal Contract Tower,2,45,11,0,58,0,0,7,0,7,2,45,18,0,65,0,0,0,65
01/11/2011,ATW,WI,AGL,CE,Federal Contract Tower,2,35,9,0,46,0,0,0,0,0,2,35,9,0,46,0,0,0,46
01/12/2011,ATW,WI,AGL,CE,Federal Contract Tower,2,41,15,6,64,0,7,8,0,15,2,48,23,6,79,12,0,12,91
01/13/2011,ATW,WI,AGL,CE,Federal Contract Tower,8,39,12,0,59,0,0,14,0,14,8,39,26,0,73,24,0,24,97
01/14/2011,ATW,WI,AGL,CE,Federal Contract Tower,4,42,15,0,61,0,0,6,0,6,4,42,21,0,67,0,0,0,67
01/15/2011,ATW,WI,AGL,CE,Federal Contract Tower,5,23,6,0,34,0,0,10,0,10,5,23,16,0,44,2,0,2,46
01/16/2011,ATW,WI,AGL,CE,Federal Contract Tower,6,29,10,0,45,0,0,11,0,11,6,29,21,0,56,24,0,24,80
01/17/2011,ATW,WI,AGL,CE,Federal Contract Tower,3,35,7,0,45,0,0,0,0,0,3,35,7,0,45,0,0,0,45
01/18/2011,ATW,WI,AGL,CE,Federal Contract Tower,4,39,7,0,50,0,0,2,0,2,4,39,9,0,52,0,0,0,52
01/19/2011,ATW,WI,AGL,CE,Federal Contract Tower,4,40,15,0,59,0,0,9,0,9,4,40,24,0,68,28,0,28,96
01/20/2011,ATW,WI,AGL,CE,Federal Contract Tower,8,45,13,0,66,0,0,15,0,15,8,45,28,0,81,16,0,16,97
01/21/2011,ATW,WI,AGL,CE,Federal Contract Tower,4,40,25,0,69,0,0,7,0,7,4,40,32,0,76,0,0,0,76
01/22/2011,ATW,WI,AGL,CE,Federal Contract Tower,3,24,4,0,31,0,0,18,0,18,3,24,22,0,49,22,0,22,71
01/23/2011,ATW,WI,AGL,CE,Federal Contract Tower,6,33,10,0,49,0,0,6,0,6,6,33,16,0,55,0,0,0,55
01/24/2011,ATW,WI,AGL,CE,Federal Contract Tower,3,39,10,0,52,0,0,2,0,2,3,39,12,0,54,4,0,4,58
01/25/2011,ATW,WI,AGL,CE,Federal Contract Tower,4,39,11,0,54,0,4,3,0,7,4,43,14,0,61,18,0,18,79
01/26/2011,ATW,WI,AGL,CE,Federal Contract Tower,3,40,11,0,54,0,0,0,0,0,3,40,11,0,54,0,0,0,54
01/27/2011,ATW,WI,AGL,CE,Federal Contract Tower,8,43,11,0,62,0,0,1,0,1,8,43,12,0,63,0,0,0,63
01/28/2011,ATW,WI,AGL,CE,Federal Contract Tower,4,42,13,0,59,0,1,11,0,12,4,43,24,0,71,24,0,24,95
01/29/2011,ATW,WI,AGL,CE,Federal Contract Tower,5,23,6,0,34,0,0,0,0,0,5,23,6,0,34,0,0,0,34
01/30/2011,ATW,WI,AGL,CE,Federal Contract Tower,6,33,6,0,45,0,0,40,0,40,6,33,46,0,85,22,0,22,107
01/31/2011,ATW,WI,AGL,CE,Federal Contract Tower,3,45,18,0,66,0,0,0,0,0,3,45,18,0,66,0,0,0,66
02/01/2011,ATW,WI,AGL,CE,Federal Contract Tower,4,34,7,0,45,0,0,1,0,1,4,34,8,0,46,0,0,0,46
02/02/2011,ATW,WI,AGL,CE,Federal Contract Tower,4,22,6,0,32,0,0,3,0,3,4,22,9,0,35,0,0,0,35
02/03/2011,ATW,WI,AGL,CE,Federal Contract Tower,8,31,28,0,67,0,0,7,0,7,8,31,35,0,74,2,0,2,76
02/04/2011,ATW,WI,AGL,CE,Federal Contract Tower,4,34,19,0,57,0,0,10,0,10,4,34,29,0,67,0,0,0,67
02/05/2011,ATW,WI,AGL,CE,Federal Contract Tower,5,21,4,0,30,0,0,2,0,2,5,21,6,0,32,20,0,20,52
02/06/2011,ATW,WI,AGL,CE,Federal Contract Tower,6,28,4,0,38,0,0,0,0,0,6,28,4,0,38,0,0,0,38
02/07/2011,ATW,WI,AGL,CE,Federal Contract Tower,3,43,13,0,59,0,0,2,0,2,3,43,15,0,61,2,0,2,63
02/08/2011,ATW,WI,AGL,CE,Federal Contract Tower,4,40,13,0,57,0,2,12,0,14,4,42,25,0,71,44,0,44,115
02/09/2011,ATW,WI,AGL,CE,Federal Contract Tower,4,41,22,0,67,0,3,7,0,10,4,44,29,0,77,8,0,8,85
02/10/2011,ATW,WI,AGL,CE,Federal Contract Tower,8,44,28,0,80,0,3,12,0,15,8,47,40,0,95,2,0,2,97
02/11/2011,ATW,WI,AGL,CE,Federal Contract Tower,3,39,5,0,47,0,0,10,0,10,3,39,15,0,57,24,0,24,81
02/12/2011,ATW,WI,AGL,CE,Federal Contract Tower,6,22,4,0,32,0,0,20,0,20,6,22,24,0,52,26,0,26,78
02/13/2011,ATW,WI,AGL,CE,Federal Contract Tower,6,35,3,0,44,0,3,8,0,11,6,38,11,0,55,10,0,10,65
02/14/2011,ATW,WI,AGL,CE,Federal Contract Tower,3,43,14,0,60,0,0,25,0,25,3,43,39,0,85,22,0,22,107
02/15/2011,ATW,WI,AGL,CE,Federal Contract Tower,4,41,21,0,66,0,0,19,0,19,4,41,40,0,85,16,0,16,101
02/16/2011,ATW,WI,AGL,CE,Federal Contract Tower,4,46,15,0,65,0,0,5,0,5,4,46,20,0,70,42,0,42,112
02/17/2011,ATW,WI,AGL,CE,Federal Contract Tower,8,33,10,0,51,0,0,0,0,0,8,33,10,0,51,0,0,0,51
02/18/2011,ATW,WI,AGL,CE,Federal Contract Tower,4,40,14,0,58,0,0,5,0,5,4,40,19,0,63,0,0,0,63
02/19/2011,ATW,WI,AGL,CE,Federal Contract Tower,3,27,3,0,33,0,0,41,0,41,3,27,44,0,74,28,0,28,102
02/20/2011,ATW,WI,AGL,CE,Federal Contract Tower,6,6,3,0,15,0,0,0,0,0,6,6,3,0,15,0,0,0,15
02/21/2011,ATW,WI,AGL,CE,Federal Contract Tower,3,31,10,0,44,0,0,0,0,0,3,31,10,0,44,0,0,0,44
02/22/2011,ATW,WI,AGL,CE,Federal Contract Tower,4,42,11,0,57,0,0,6,0,6,4,42,17,0,63,0,0,0,63
02/23/2011,ATW,WI,AGL,CE,Federal Contract Tower,4,43,11,0,58,0,4,3,0,7,4,47,14,0,65,0,0,0,65
02/24/2011,ATW,WI,AGL,CE,Federal Contract Tower,8,38,18,0,64,0,0,7,0,7,8,38,25,0,71,8,0,8,79
02/25/2011,ATW,WI,AGL,CE,Federal Contract Tower,4,40,18,0,62,0,0,26,0,26,4,40,44,0,88,20,0,20,108
02/26/2011,ATW,WI,AGL,CE,Federal Contract Tower,3,21,11,0,35,0,0,8,0,8,3,21,19,0,43,6,0,6,49
02/27/2011,ATW,WI,AGL,CE,Federal Contract Tower,6,29,7,0,42,0,0,16,0,16,6,29,23,0,58,44,0,44,102
02/28/2011,ATW,WI,AGL,CE,Federal Contract Tower,3,43,19,0,65,0,2,36,0,38,3,45,55,0,103,46,0,46,149
03/01/2011,ATW,WI,AGL,CE,Federal Contract Tower,4,43,18,0,65,0,0,12,0,12,4,43,30,0,77,0,0,0,77
03/02/2011,ATW,WI,AGL,CE,Federal Contract Tower,4,43,17,1,65,0,2,31,0,33,4,45,48,1,98,34,2,36,134
03/03/2011,ATW,WI,AGL,CE,Federal Contract Tower,8,39,21,0,68,0,0,10,0,10,8,39,31,0,78,8,0,8,86
03/04/2011,ATW,WI,AGL,CE,Federal Contract Tower,6,38,10,0,54,0,0,0,0,0,6,38,10,0,54,0,0,0,54
03/05/2011,ATW,WI,AGL,CE,Federal Contract Tower,3,24,6,0,33,0,4,15,0,19,3,28,21,0,52,24,0,24,76
03/06/2011,ATW,WI,AGL,CE,Federal Contract Tower,8,30,7,0,45,0,0,35,0,35,8,30,42,0,80,18,0,18,98
03/07/2011,ATW,WI,AGL,CE,Federal Contract Tower,7,39,19,0,65,0,0,18,0,18,7,39,37,0,83,28,0,28,111
03/08/2011,ATW,WI,AGL,CE,Federal Contract Tower,6,42,21,0,69,0,0,6,0,6,6,42,27,0,75,22,0,22,97
03/09/2011,ATW,WI,AGL,CE,Federal Contract Tower,5,40,6,0,51,0,0,0,0,0,5,40,6,0,51,0,0,0,51
03/10/2011,ATW,WI,AGL,CE,Federal Contract Tower,8,42,44,0,94,0,0,18,0,18,8,42,62,0,112,36,0,36,148
03/11/2011,ATW,WI,AGL,CE,Federal Contract Tower,7,49,13,0,69,0,0,43,0,43,7,49,56,0,112,44,0,44,156
03/12/2011,ATW,WI,AGL,CE,Federal Contract Tower,5,25,4,0,34,0,0,3,0,3,5,25,7,0,37,28,0,28,65
03/13/2011,ATW,WI,AGL,CE,Federal Contract Tower,6,29,10,0,45,0,0,42,0,42,6,29,52,0,87,48,0,48,135
03/14/2011,ATW,WI,AGL,CE,Federal Contract Tower,5,40,29,0,74,0,0,31,0,31,5,40,60,0,105,60,0,60,165
03/15/2011,ATW,WI,AGL,CE,Federal Contract Tower,6,38,12,0,56,0,0,25,0,25,6,38,37,0,81,30,0,30,111
03/16/2011,ATW,WI,AGL,CE,Federal Contract Tower,7,40,17,0,64,0,0,29,0,29,7,40,46,0,93,36,0,36,129
03/17/2011,ATW,WI,AGL,CE,Federal Contract Tower,8,37,23,0,68,0,0,29,0,29,8,37,52,0,97,32,0,32,129
03/18/2011,ATW,WI,AGL,CE,Federal Contract Tower,8,37,12,0,57,0,0,18,0,18,8,37,30,0,75,28,0,28,103
03/19/2011,ATW,WI,AGL,CE,Federal Contract Tower,4,25,9,0,38,0,0,36,0,36,4,25,45,0,74,32,0,32,106
03/20/2011,ATW,WI,AGL,CE,Federal Contract Tower,7,28,0,0,35,0,0,0,0,0,7,28,0,0,35,0,0,0,35
03/21/2011,ATW,WI,AGL,CE,Federal Contract Tower,6,40,19,0,65,0,0,3,0,3,6,40,22,0,68,22,0,22,90
03/22/2011,ATW,WI,AGL,CE,Federal Contract Tower,3,27,11,0,41,0,0,0,0,0,3,27,11,0,41,0,0,0,41
03/23/2011,ATW,WI,AGL,CE,Federal Contract Tower,5,29,10,0,44,0,0,0,0,0,5,29,10,0,44,0,0,0,44
03/24/2011,ATW,WI,AGL,CE,Federal Contract Tower,6,38,10,0,54,0,0,20,0,20,6,38,30,0,74,42,0,42,116
03/25/2011,ATW,WI,AGL,CE,Federal Contract Tower,9,43,19,0,71,0,0,20,0,20,9,43,39,0,91,2,0,2,93
03/26/2011,ATW,WI,AGL,CE,Federal Contract Tower,5,28,2,0,35,0,0,27,0,27,5,28,29,0,62,18,0,18,80
03/27/2011,ATW,WI,AGL,CE,Federal Contract Tower,6,30,4,0,40,0,1,40,0,41,6,31,44,0,81,38,0,38,119
03/28/2011,ATW,WI,AGL,CE,Federal Contract Tower,6,38,17,0,61,0,0,20,0,20,6,38,37,0,81,4,0,4,85
03/29/2011,ATW,WI,AGL,CE,Federal Contract Tower,8,41,21,0,70,0,0,17,0,17,8,41,38,0,87,12,0,12,99
03/30/2011,ATW,WI,AGL,CE,Federal Contract Tower,8,39,18,0,65,0,0,18,0,18,8,39,36,0,83,0,0,0,83
03/31/2011,ATW,WI,AGL,CE,Federal Contract Tower,6,35,23,0,64,0,0,21,0,21,6,35,44,0,85,40,0,40,125
04/01/2011,ATW,WI,AGL,CE,Federal Contract Tower,8,38,16,3,65,0,0,6,0,6,8,38,22,3,71,0,0,0,71
04/02/2011,ATW,WI,AGL,CE,Federal Contract Tower,5,25,7,0,37,0,0,20,0,20,5,25,27,0,57,12,0,12,69
04/03/2011,ATW,WI,AGL,CE,Federal Contract Tower,4,33,7,0,44,0,0,0,0,0,4,33,7,0,44,0,0,0,44
04/04/2011,ATW,WI,AGL,CE,Federal Contract Tower,7,37,6,0,50,0,0,0,0,0,7,37,6,0,50,0,0,0,50
04/05/2011,ATW,WI,AGL,CE,Federal Contract Tower,8,35,23,0,66,0,0,18,0,18,8,35,41,0,84,44,0,44,128
04/06/2011,ATW,WI,AGL,CE,Federal Contract Tower,5,41,10,0,56,0,0,23,0,23,5,41,33,0,79,10,0,10,89
04/07/2011,ATW,WI,AGL,CE,Federal Contract Tower,9,44,18,0,71,0,0,14,0,14,9,44,32,0,85,18,0,18,103
04/08/2011,ATW,WI,AGL,CE,Federal Contract Tower,9,45,27,0,81,0,2,14,0,16,9,47,41,0,97,4,0,4,101
04/09/2011,ATW,WI,AGL,CE,Federal Contract Tower,3,22,9,0,34,0,0,10,0,10,3,22,19,0,44,64,0,64,108
04/10/2011,ATW,WI,AGL,CE,Federal Contract Tower,3,33,8,0,44,0,0,0,0,0,3,33,8,0,44,0,0,0,44
04/11/2011,ATW,WI,AGL,CE,Federal Contract Tower,7,37,18,0,62,0,0,9,0,9,7,37,27,0,71,14,0,14,85
04/12/2011,ATW,WI,AGL,CE,Federal Contract Tower,5,39,14,0,58,0,0,38,0,38,5,39,52,0,96,30,0,30,126
04/13/2011,ATW,WI,AGL,CE,Federal Contract Tower,3,42,20,0,65,0,0,31,0,31,3,42,51,0,96,14,0,14,110
04/14/2011,ATW,WI,AGL,CE,Federal Contract Tower,8,39,20,0,67,0,0,6,0,6,8,39,26,0,73,6,0,6,79
04/15/2011,ATW,WI,AGL,CE,Federal Contract Tower,5,39,8,0,52,0,2,5,0,7,5,41,13,0,59,2,0,2,61
04/16/2011,ATW,WI,AGL,CE,Federal Contract Tower,2,20,1,0,23,0,0,0,0,0,2,20,1,0,23,0,0,0,23
04/17/2011,ATW,WI,AGL,CE,Federal Contract Tower,4,33,5,0,42,0,0,1,0,1,4,33,6,0,43,0,0,0,43
04/18/2011,ATW,WI,AGL,CE,Federal Contract Tower,7,38,11,0,56,0,0,25,0,25,7,38,36,0,81,6,0,6,87
04/19/2011,ATW,WI,AGL,CE,Federal Contract Tower,3,31,4,0,38,0,0,0,0,0,3,31,4,0,38,0,0,0,38
04/20/2011,ATW,WI,AGL,CE,Federal Contract Tower,5,46,19,0,70,0,0,1,0,1,5,46,20,0,71,14,0,14,85
04/21/2011,ATW,WI,AGL,CE,Federal Contract Tower,6,46,26,0,78,0,0,22,0,22,6,46,48,0,100,0,0,0,100
04/22/2011,ATW,WI,AGL,CE,Federal Contract Tower,5,34,12,0,51,0,0,1,0,1,5,34,13,0,52,0,0,0,52
04/23/2011,ATW,WI,AGL,CE,Federal Contract Tower,5,23,2,0,30,0,4,7,0,11,5,27,9,0,41,14,0,14,55
04/24/2011,ATW,WI,AGL,CE,Federal Contract Tower,4,32,2,0,38,0,0,13,0,13,4,32,15,0,51,22,0,22,73
04/25/2011,ATW,WI,AGL,CE,Federal Contract Tower,5,39,25,0,69,0,0,55,0,55,5,39,80,0,124,50,0,50,174
04/26/2011,ATW,WI,AGL,CE,Federal Contract Tower,9,40,11,0,60,0,0,0,0,0,9,40,11,0,60,0,0,0,60
04/27/2011,ATW,WI,AGL,CE,Federal Contract Tower,5,44,10,0,59,0,0,4,0,4,5,44,14,0,63,8,0,8,71
04/28/2011,ATW,WI,AGL,CE,Federal Contract Tower,8,43,19,0,70,0,0,1,0,1,8,43,20,0,71,0,0,0,71
04/29/2011,ATW,WI,AGL,CE,Federal Contract Tower,7,39,18,0,64,0,0,53,0,53,7,39,71,0,117,42,0,42,159
04/30/2011,ATW,WI,AGL,CE,Federal Contract Tower,3,23,4,0,30,0,0,0,0,0,3,23,4,0,30,0,0,0,30
05/01/2011,ATW,WI,AGL,CE,Federal Contract Tower,4,33,3,0,40,0,0,1,0,1,4,33,4,0,41,0,0,0,41
05/02/2011,ATW,WI,AGL,CE,Federal Contract Tower,7,38,20,0,65,0,0,13,0,13,7,38,33,0,78,32,0,32,110
05/03/2011,ATW,WI,AGL,CE,Federal Contract Tower,5,36,24,0,65,0,0,9,0,9,5,36,33,0,74,8,0,8,82
05/04/2011,ATW,WI,AGL,CE,Federal Contract Tower,4,43,24,0,71,0,0,42,0,42,4,43,66,0,113,38,0,38,151
05/05/2011,ATW,WI,AGL,CE,Federal Contract Tower,6,40,28,0,74,0,0,0,0,0,6,40,28,0,74,0,0,0,74
05/06/2011,ATW,WI,AGL,CE,Federal Contract Tower,8,41,15,0,64,0,0,8,0,8,8,41,23,0,72,12,0,12,84
05/07/2011,ATW,WI,AGL,CE,Federal Contract Tower,3,22,13,0,38,0,0,25,0,25,3,22,38,0,63,24,0,24,87
05/08/2011,ATW,WI,AGL,CE,Federal Contract Tower,4,27,10,0,41,0,0,24,0,24,4,27,34,0,65,10,0,10,75
05/09/2011,ATW,WI,AGL,CE,Federal Contract Tower,7,36,32,0,75,0,0,22,0,22,7,36,54,0,97,10,0,10,107
05/10/2011,ATW,WI,AGL,CE,Federal Contract Tower,8,44,16,0,68,0,0,18,0,18,8,44,34,0,86,10,0,10,96
05/11/2011,ATW,WI,AGL,CE,Federal Contract Tower,4,42,15,5,66,0,4,4,0,8,4,46,19,5,74,0,0,0,74
05/12/2011,ATW,WI,AGL,CE,Federal Contract Tower,6,40,21,0,67,0,0,2,0,2,6,40,23,0,69,12,0,12,81
05/13/2011,ATW,WI,AGL,CE,Federal Contract Tower,6,36,16,0,58,0,0,3,0,3,6,36,19,0,61,34,0,34,95
05/14/2011,ATW,WI,AGL,CE,Federal Contract Tower,3,22,13,0,38,0,0,0,0,0,3,22,13,0,38,0,0,0,38
05/15/2011,ATW,WI,AGL,CE,Federal Contract Tower,2,30,4,0,36,0,0,2,0,2,2,30,6,0,38,0,0,0,38
05/16/2011,ATW,WI,AGL,CE,Federal Contract Tower,7,38,12,0,57,0,4,30,0,34,7,42,42,0,91,24,0,24,115
05/17/2011,ATW,WI,AGL,CE,Federal Contract Tower,6,37,12,0,55,0,2,30,0,32,6,39,42,0,87,24,0,24,111
05/18/2011,ATW,WI,AGL,CE,Federal Contract Tower,4,41,29,0,74,0,0,7,0,7,4,41,36,0,81,10,0,10,91
05/19/2011,ATW,WI,AGL,CE,Federal Contract Tower,6,42,22,0,70,0,0,9,0,9,6,42,31,0,79,46,0,46,125
05/20/2011,ATW,WI,AGL,CE,Federal Contract Tower,8,42,23,0,73,0,1,61,0,62,8,43,84,0,135,16,0,16,151
05/21/2011,ATW,WI,AGL,CE,Federal Contract Tower,3,17,6,0,26,1,0,7,0,8,4,17,13,0,34,6,0,6,40
05/22/2011,ATW,WI,AGL,CE,Federal Contract Tower,2,26,7,0,35,0,0,7,0,7,2,26,14,0,42,6,0,6,48
05/23/2011,ATW,WI,AGL,CE,Federal Contract Tower,7,32,20,0,59,0,0,20,0,20,7,32,40,0,79,6,0,6,85
05/24/2011,ATW,WI,AGL,CE,Federal Contract Tower,6,36,18,0,60,0,0,22,0,22,6,36,40,0,82,26,0,26,108
05/25/2011,ATW,WI,AGL,CE,Federal Contract Tower,7,32,10,1,50,0,0,3,0,3,7,32,13,1,53,0,0,0,53
05/26/2011,ATW,WI,AGL,CE,Federal Contract Tower,6,39,25,1,71,0,2,26,0,28,6,41,51,1,99,24,8,32,131
05/27/2011,ATW,WI,AGL,CE,Federal Contract Tower,8,35,14,0,57,0,1,49,0,50,8,36,63,0,107,40,0,40,147
05/28/2011,ATW,WI,AGL,CE,Federal Contract Tower,5,19,3,0,27,0,0,5,0,5,5,19,8,0,32,10,0,10,42
05/29/2011,ATW,WI,AGL,CE,Federal Contract Tower,2,20,3,0,25,0,0,14,0,14,2,20,17,0,39,48,0,48,87
05/30/2011,ATW,WI,AGL,CE,Federal Contract Tower,3,32,3,0,38,0,0,21,0,21,3,32,24,0,59,20,0,20,79
05/31/2011,ATW,WI,AGL,CE,Federal Contract Tower,5,36,10,1,52,0,0,11,0,11,5,36,21,1,63,0,0,0,63
06/01/2011,ATW,WI,AGL,CE,Federal Contract Tower,4,39,19,0,62,0,0,10,0,10,4,39,29,0,72,0,0,0,72
06/02/2011,ATW,WI,AGL,CE,Federal Contract Tower,7,43,18,0,68,0,0,31,0,31,7,43,49,0,99,38,0,38,137
06/03/2011,ATW,WI,AGL,CE,Federal Contract Tower,6,36,19,0,61,0,0,26,0,26,6,36,45,0,87,8,0,8,95
06/04/2011,ATW,WI,AGL,CE,Federal Contract Tower,3,20,2,0,25,0,0,27,0,27,3,20,29,0,52,8,0,8,60
06/05/2011,ATW,WI,AGL,CE,Federal Contract Tower,4,31,14,0,49,0,0,46,0,46,4,31,60,0,95,40,0,40,135
06/06/2011,ATW,WI,AGL,CE,Federal Contract Tower,5,37,12,0,54,0,0,31,0,31,5,37,43,0,85,62,0,62,147
06/07/2011,ATW,WI,AGL,CE,Federal Contract Tower,6,33,19,1,59,0,1,13,3,17,6,34,32,4,76,12,0,12,88
06/08/2011,ATW,WI,AGL,CE,Federal Contract Tower,4,40,17,0,61,0,0,19,0,19,4,40,36,0,80,56,0,56,136
06/09/2011,ATW,WI,AGL,CE,Federal Contract Tower,9,40,32,0,81,0,0,30,0,30,9,40,62,0,111,80,0,80,191
06/10/2011,ATW,WI,AGL,CE,Federal Contract Tower,6,51,23,0,80,0,0,0,0,0,6,51,23,0,80,0,0,0,80
06/11/2011,ATW,WI,AGL,CE,Federal Contract Tower,3,28,12,0,43,0,0,13,0,13,3,28,25,0,56,4,0,4,60
06/12/2011,ATW,WI,AGL,CE,Federal Contract Tower,6,34,13,0,53,0,0,57,0,57,6,34,70,0,110,26,0,26,136
06/13/2011,ATW,WI,AGL,CE,Federal Contract Tower,5,44,4,0,53,0,1,48,0,49,5,45,52,0,102,46,0,46,148
06/14/2011,ATW,WI,AGL,CE,Federal Contract Tower,6,45,16,0,67,0,0,39,0,39,6,45,55,0,106,66,0,66,172
06/15/2011,ATW,WI,AGL,CE,Federal Contract Tower,5,43,22,0,70,0,0,1,0,1,5,43,23,0,71,0,0,0,71
06/16/2011,ATW,WI,AGL,CE,Federal Contract Tower,8,39,22,1,70,0,0,16,0,16,8,39,38,1,86,16,0,16,102
06/17/2011,ATW,WI,AGL,CE,Federal Contract Tower,7,45,10,0,62,0,0,47,0,47,7,45,57,0,109,72,0,72,181
06/18/2011,ATW,WI,AGL,CE,Federal Contract Tower,2,31,4,0,37,0,0,28,4,32,2,31,32,4,69,18,0,18,87
06/19/2011,ATW,WI,AGL,CE,Federal Contract Tower,7,32,4,0,43,0,0,0,0,0,7,32,4,0,43,0,0,0,43
06/20/2011,ATW,WI,AGL,CE,Federal Contract Tower,7,45,14,0,66,0,0,0,0,0,7,45,14,0,66,0,0,0,66
06/21/2011,ATW,WI,AGL,CE,Federal Contract Tower,6,39,10,0,55,0,0,0,0,0,6,39,10,0,55,0,0,0,55
06/22/2011,ATW,WI,AGL,CE,Federal Contract Tower,6,50,8,0,64,0,0,3,0,3,6,50,11,0,67,12,0,12,79
06/23/2011,ATW,WI,AGL,CE,Federal Contract Tower,12,43,24,0,79,0,0,0,0,0,12,43,24,0,79,0,0,0,79
06/24/2011,ATW,WI,AGL,CE,Federal Contract Tower,6,47,27,0,80,0,0,22,0,22,6,47,49,0,102,62,0,62,164
06/25/2011,ATW,WI,AGL,CE,Federal Contract Tower,3,30,11,0,44,0,0,61,0,61,3,30,72,0,105,38,0,38,143
06/26/2011,ATW,WI,AGL,CE,Federal Contract Tower,8,33,12,0,53,0,0,41,0,41,8,33,53,0,94,60,0,60,154
06/27/2011,ATW,WI,AGL,CE,Federal Contract Tower,5,46,28,0,79,0,0,7,0,7,5,46,35,0,86,10,0,10,96
06/28/2011,ATW,WI,AGL,CE,Federal Contract Tower,6,40,16,0,62,0,0,38,0,38,6,40,54,0,100,44,0,44,144
06/29/2011,ATW,WI,AGL,CE,Federal Contract Tower,6,45,26,0,77,0,0,49,0,49,6,45,75,0,126,102,0,102,228
06/30/2011,ATW,WI,AGL,CE,Federal Contract Tower,10,42,20,0,72,0,0,37,0,37,10,42,57,0,109,38,0,38,147
07/01/2011,ATW,WI,AGL,CE,Federal Contract Tower,6,37,22,0,65,0,0,31,0,31,6,37,53,0,96,22,0,22,118
07/02/2011,ATW,WI,AGL,CE,Federal Contract Tower,2,26,3,0,31,0,0,16,0,16,2,26,19,0,47,0,0,0,47
07/03/2011,ATW,WI,AGL,CE,Federal Contract Tower,7,24,7,0,38,0,0,20,0,20,7,24,27,0,58,0,0,0,58
07/04/2011,ATW,WI,AGL,CE,Federal Contract Tower,8,22,5,0,35,0,0,32,0,32,8,22,37,0,67,12,0,12,79
07/05/2011,ATW,WI,AGL,CE,Federal Contract Tower,5,42,9,0,56,0,0,8,0,8,5,42,17,0,64,0,0,0,64
07/06/2011,ATW,WI,AGL,CE,Federal Contract Tower,6,47,20,0,73,0,0,50,0,50,6,47,70,0,123,20,0,20,143
07/07/2011,ATW,WI,AGL,CE,Federal Contract Tower,11,45,21,0,77,0,0,40,0,40,11,45,61,0,117,18,0,18,135
07/08/2011,ATW,WI,AGL,CE,Federal Contract Tower,8,40,13,0,61,0,0,28,0,28,8,40,41,0,89,22,0,22,111
07/09/2011,ATW,WI,AGL,CE,Federal Contract Tower,3,31,8,0,42,0,0,30,0,30,3,31,38,0,72,14,0,14,86
07/10/2011,ATW,WI,AGL,CE,Federal Contract Tower,8,32,12,0,52,0,0,3,0,3,8,32,15,0,55,0,0,0,55
07/11/2011,ATW,WI,AGL,CE,Federal Contract Tower,5,37,11,0,53,0,0,15,0,15,5,37,26,0,68,0,0,0,68
07/12/2011,ATW,WI,AGL,CE,Federal Contract Tower,6,44,21,0,71,0,14,18,0,32,6,58,39,0,103,10,0,10,113
07/13/2011,ATW,WI,AGL,CE,Federal Contract Tower,6,42,39,0,87,0,1,32,0,33,6,43,71,0,120,28,0,28,148
07/14/2011,ATW,WI,AGL,CE,Federal Contract Tower,10,46,35,0,91,0,0,36,0,36,10,46,71,0,127,48,0,48,175
07/15/2011,ATW,WI,AGL,CE,Federal Contract Tower,6,40,29,0,75,0,0,26,0,26,6,40,55,0,101,10,0,10,111
07/16/2011,ATW,WI,AGL,CE,Federal Contract Tower,3,30,2,0,35,0,0,22,0,22,3,30,24,0,57,10,0,10,67
07/17/2011,ATW,WI,AGL,CE,Federal Contract Tower,7,36,11,0,54,0,0,9,0,9,7,36,20,0,63,6,0,6,69
07/18/2011,ATW,WI,AGL,CE,Federal Contract Tower,3,44,17,0,64,0,0,0,0,0,3,44,17,0,64,8,0,8,72
07/19/2011,ATW,WI,AGL,CE,Federal Contract Tower,4,45,23,0,72,0,0,19,0,19,4,45,42,0,91,24,0,24,115
07/20/2011,ATW,WI,AGL,CE,Federal Contract Tower,6,36,19,1,62,0,0,29,0,29,6,36,48,1,91,6,0,6,97
07/21/2011,ATW,WI,AGL,CE,Federal Contract Tower,7,38,30,2,77,0,0,23,0,23,7,38,53,2,100,2,0,2,102
07/22/2011,ATW,WI,AGL,CE,Federal Contract Tower,6,41,19,0,66,0,0,42,0,42,6,41,61,0,108,12,0,12,120
07/23/2011,ATW,WI,AGL,CE,Federal Contract Tower,3,30,17,0,50,0,0,41,0,41,3,30,58,0,91,0,0,0,91
07/24/2011,ATW,WI,AGL,CE,Federal Contract Tower,8,35,64,0,107,0,0,185,0,185,8,35,249,0,292,34,0,34,326
07/25/2011,ATW,WI,AGL,CE,Federal Contract Tower,6,40,43,0,89,0,0,129,0,129,6,40,172,0,218,4,0,4,222
07/26/2011,ATW,WI,AGL,CE,Federal Contract Tower,5,48,76,0,129,0,0,213,0,213,5,48,289,0,342,54,0,54,396
07/27/2011,ATW,WI,AGL,CE,Federal Contract Tower,8,43,103,0,154,0,0,61,0,61,8,43,164,0,215,0,0,0,215
07/28/2011,ATW,WI,AGL,CE,Federal Contract Tower,11,50,96,0,157,0,0,145,0,145,11,50,241,0,302,4,0,4,306
07/29/2011,ATW,WI,AGL,CE,Federal Contract Tower,7,69,72,0,148,0,0,210,0,210,7,69,282,0,358,26,0,26,384
07/30/2011,ATW,WI,AGL,CE,Federal Contract Tower,6,34,40,0,80,0,0,143,0,143,6,34,183,0,223,16,0,16,239
07/31/2011,ATW,WI,AGL,CE,Federal Contract Tower,7,36,51,0,94,0,0,114,0,114,7,36,165,0,208,6,0,6,214
08/01/2011,ATW,WI,AGL,CE,Federal Contract Tower,4,46,28,0,78,0,0,44,0,44,4,46,72,0,122,46,0,46,168
08/02/2011,ATW,WI,AGL,CE,Federal Contract Tower,7,48,13,0,68,0,0,15,0,15,7,48,28,0,83,40,0,40,123
08/03/2011,ATW,WI,AGL,CE,Federal Contract Tower,6,46,9,0,61,0,0,32,0,32,6,46,41,0,93,22,0,22,115
08/04/2011,ATW,WI,AGL,CE,Federal Contract Tower,10,43,21,0,74,0,0,35,0,35,10,43,56,0,109,14,0,14,123
08/05/2011,ATW,WI,AGL,CE,Federal Contract Tower,6,43,13,0,62,0,0,15,0,15,6,43,28,0,77,0,0,0,77
08/06/2011,ATW,WI,AGL,CE,Federal Contract Tower,3,29,11,0,43,0,0,21,0,21,3,29,32,0,64,0,0,0,64
08/07/2011,ATW,WI,AGL,CE,Federal Contract Tower,8,26,12,0,46,0,0,5,0,5,8,26,17,0,51,12,0,12,63
08/08/2011,ATW,WI,AGL,CE,Federal Contract Tower,5,40,16,0,61,0,0,22,0,22,5,40,38,0,83,46,0,46,129
08/09/2011,ATW,WI,AGL,CE,Federal Contract Tower,6,51,17,0,74,0,0,20,0,20,6,51,37,0,94,2,0,2,96
08/10/2011,ATW,WI,AGL,CE,Federal Contract Tower,6,42,19,0,67,0,0,22,4,26,6,42,41,4,93,8,0,8,101
08/11/2011,ATW,WI,AGL,CE,Federal Contract Tower,10,46,18,0,74,0,0,26,0,26,10,46,44,0,100,28,0,28,128
08/12/2011,ATW,WI,AGL,CE,Federal Contract Tower,6,43,19,0,68,0,0,22,0,22,6,43,41,0,90,48,0,48,138
08/13/2011,ATW,WI,AGL,CE,Federal Contract Tower,3,28,9,0,40,0,0,1,0,1,3,28,10,0,41,0,0,0,41
08/14/2011,ATW,WI,AGL,CE,Federal Contract Tower,8,33,12,0,53,0,0,22,0,22,8,33,34,0,75,0,0,0,75
08/15/2011,ATW,WI,AGL,CE,Federal Contract Tower,5,41,11,0,57,0,0,27,0,27,5,41,38,0,84,16,0,16,100
08/16/2011,ATW,WI,AGL,CE,Federal Contract Tower,6,42,20,0,68,0,0,37,0,37,6,42,57,0,105,8,0,8,113
08/17/2011,ATW,WI,AGL,CE,Federal Contract Tower,4,43,23,0,70,0,0,29,0,29,4,43,52,0,99,30,0,30,129
08/18/2011,ATW,WI,AGL,CE,Federal Contract Tower,6,44,25,0,75,0,0,41,2,43,6,44,66,2,118,38,0,38,156
08/19/2011,ATW,WI,AGL,CE,Federal Contract Tower,6,44,13,0,63,0,0,21,0,21,6,44,34,0,84,0,0,0,84
08/20/2011,ATW,WI,AGL,CE,Federal Contract Tower,4,23,9,0,36,0,0,25,0,25,4,23,34,0,61,0,0,0,61
08/21/2011,ATW,WI,AGL,CE,Federal Contract Tower,5,34,4,0,43,0,0,36,0,36,5,34,40,0,79,2,0,2,81
08/22/2011,ATW,WI,AGL,CE,Federal Contract Tower,5,49,13,0,67,0,0,35,0,35,5,49,48,0,102,34,0,34,136
08/23/2011,ATW,WI,AGL,CE,Federal Contract Tower,7,38,20,0,65,0,0,5,0,5,7,38,25,0,70,8,0,8,78
08/24/2011,ATW,WI,AGL,CE,Federal Contract Tower,5,41,26,0,72,0,0,9,0,9,5,41,35,0,81,12,0,12,93
08/25/2011,ATW,WI,AGL,CE,Federal Contract Tower,9,45,23,1,78,0,0,54,0,54,9,45,77,1,132,34,0,34,166
08/26/2011,ATW,WI,AGL,CE,Federal Contract Tower,6,43,12,0,61,0,0,51,0,51,6,43,63,0,112,20,0,20,132
08/27/2011,ATW,WI,AGL,CE,Federal Contract Tower,4,26,17,0,47,0,6,75,0,81,4,32,92,0,128,40,0,40,168
08/28/2011,ATW,WI,AGL,CE,Federal Contract Tower,3,31,6,0,40,0,0,39,0,39,3,31,45,0,79,14,0,14,93
08/29/2011,ATW,WI,AGL,CE,Federal Contract Tower,7,44,24,0,75,0,0,43,0,43,7,44,67,0,118,16,0,16,134
08/30/2011,ATW,WI,AGL,CE,Federal Contract Tower,4,43,19,0,66,0,0,35,0,35,4,43,54,0,101,2,0,2,103
08/31/2011,ATW,WI,AGL,CE,Federal Contract Tower,4,49,28,0,81,0,0,16,0,16,4,49,44,0,97,6,0,6,103
09/01/2011,ATW,WI,AGL,CE,Federal Contract Tower,4,50,26,0,80,0,0,32,0,32,4,50,58,0,112,12,0,12,124
09/02/2011,ATW,WI,AGL,CE,Federal Contract Tower,5,43,8,0,56,0,0,5,0,5,5,43,13,0,61,10,0,10,71
09/03/2011,ATW,WI,AGL,CE,Federal Contract Tower,5,17,3,0,25,0,0,1,0,1,5,17,4,0,26,6,0,6,32
09/04/2011,ATW,WI,AGL,CE,Federal Contract Tower,4,18,13,0,35,0,0,6,0,6,4,18,19,0,41,0,0,0,41
09/05/2011,ATW,WI,AGL,CE,Federal Contract Tower,4,33,6,0,43,0,0,45,0,45,4,33,51,0,88,4,0,4,92
09/06/2011,ATW,WI,AGL,CE,Federal Contract Tower,3,41,26,0,70,0,0,39,0,39,3,41,65,0,109,62,0,62,171
09/07/2011,ATW,WI,AGL,CE,Federal Contract Tower,6,40,24,0,70,0,0,30,0,30,6,40,54,0,100,16,0,16,116
09/08/2011,ATW,WI,AGL,CE,Federal Contract Tower,4,39,33,1,77,0,0,28,0,28,4,39,61,1,105,6,0,6,111
09/09/2011,ATW,WI,AGL,CE,Federal Contract Tower,6,41,21,0,68,0,0,34,0,34,6,41,55,0,102,8,0,8,110
09/10/2011,ATW,WI,AGL,CE,Federal Contract Tower,4,23,18,0,45,0,0,42,0,42,4,23,60,0,87,12,0,12,99
09/11/2011,ATW,WI,AGL,CE,Federal Contract Tower,3,28,9,0,40,0,0,36,0,36,3,28,45,0,76,4,0,4,80
09/12/2011,ATW,WI,AGL,CE,Federal Contract Tower,5,33,18,0,56,0,0,24,0,24,5,33,42,0,80,8,0,8,88
09/13/2011,ATW,WI,AGL,CE,Federal Contract Tower,4,33,12,0,49,0,0,30,0,30,4,33,42,0,79,48,0,48,127
09/14/2011,ATW,WI,AGL,CE,Federal Contract Tower,4,36,18,0,58,0,0,38,4,42,4,36,56,4,100,16,0,16,116
09/15/2011,ATW,WI,AGL,CE,Federal Contract Tower,4,36,28,0,68,0,0,25,0,25,4,36,53,0,93,14,0,14,107
09/16/2011,ATW,WI,AGL,CE,Federal Contract Tower,6,33,17,0,56,0,0,12,0,12,6,33,29,0,68,6,0,6,74
09/17/2011,ATW,WI,AGL,CE,Federal Contract Tower,6,17,11,0,34,0,0,21,0,21,6,17,32,0,55,12,0,12,67
09/18/2011,ATW,WI,AGL,CE,Federal Contract Tower,3,23,4,0,30,0,0,6,0,6,3,23,10,0,36,0,0,0,36
09/19/2011,ATW,WI,AGL,CE,Federal Contract Tower,5,32,20,0,57,0,0,16,0,16,5,32,36,0,73,22,0,22,95
09/20/2011,ATW,WI,AGL,CE,Federal Contract Tower,6,33,19,0,58,0,0,29,0,29,6,33,48,0,87,56,0,56,143
09/21/2011,ATW,WI,AGL,CE,Federal Contract Tower,4,36,23,0,63,0,0,11,0,11,4,36,34,0,74,8,0,8,82
09/22/2011,ATW,WI,AGL,CE,Federal Contract Tower,3,40,23,0,66,0,2,8,0,10,3,42,31,0,76,18,0,18,94
09/23/2011,ATW,WI,AGL,CE,Federal Contract Tower,6,38,16,0,60,0,0,24,0,24,6,38,40,0,84,12,0,12,96
09/24/2011,ATW,WI,AGL,CE,Federal Contract Tower,4,17,8,0,29,0,0,12,0,12,4,17,20,0,41,2,0,2,43
09/25/2011,ATW,WI,AGL,CE,Federal Contract Tower,3,23,7,0,33,0,0,0,0,0,3,23,7,0,33,0,0,0,33
09/26/2011,ATW,WI,AGL,CE,Federal Contract Tower,5,34,10,0,49,0,0,0,0,0,5,34,10,0,49,0,0,0,49
09/27/2011,ATW,WI,AGL,CE,Federal Contract Tower,4,32,17,0,53,0,0,13,0,13,4,32,30,0,66,12,0,12,78
09/28/2011,ATW,WI,AGL,CE,Federal Contract Tower,4,33,15,0,52,0,0,17,0,17,4,33,32,0,69,6,0,6,75
09/29/2011,ATW,WI,AGL,CE,Federal Contract Tower,4,37,33,0,74,0,0,1,0,1,4,37,34,0,75,8,0,8,83
09/30/2011,ATW,WI,AGL,CE,Federal Contract Tower,6,36,24,0,66,0,0,20,0,20,6,36,44,0,86,6,0,6,92
10/01/2011,ATW,WI,AGL,CE,Federal Contract Tower,6,18,4,0,28,0,0,47,0,47,6,18,51,0,75,20,0,20,95
10/02/2011,ATW,WI,AGL,CE,Federal Contract Tower,3,29,8,0,40,0,0,45,0,45,3,29,53,0,85,18,0,18,103
10/03/2011,ATW,WI,AGL,CE,Federal Contract Tower,7,35,18,0,60,0,0,36,0,36,7,35,54,0,96,32,0,32,128
10/04/2011,ATW,WI,AGL,CE,Federal Contract Tower,6,34,11,0,51,0,0,40,0,40,6,34,51,0,91,34,0,34,125
10/05/2011,ATW,WI,AGL,CE,Federal Contract Tower,5,39,16,0,60,0,0,55,0,55,5,39,71,0,115,40,0,40,155
10/06/2011,ATW,WI,AGL,CE,Federal Contract Tower,5,35,22,0,62,0,0,33,2,35,5,35,55,2,97,8,4,12,109
10/07/2011,ATW,WI,AGL,CE,Federal Contract Tower,5,36,23,0,64,0,0,33,0,33,5,36,56,0,97,4,0,4,101
10/08/2011,ATW,WI,AGL,CE,Federal Contract Tower,8,19,10,0,37,0,0,28,0,28,8,19,38,0,65,20,0,20,85
10/09/2011,ATW,WI,AGL,CE,Federal Contract Tower,5,25,7,0,37,0,0,38,0,38,5,25,45,0,75,38,0,38,113
10/10/2011,ATW,WI,AGL,CE,Federal Contract Tower,7,31,19,0,57,0,0,34,0,34,7,31,53,0,91,44,0,44,135
10/11/2011,ATW,WI,AGL,CE,Federal Contract Tower,6,28,17,0,51,0,0,21,0,21,6,28,38,0,72,6,0,6,78
10/12/2011,ATW,WI,AGL,CE,Federal Contract Tower,6,44,19,1,70,0,0,25,1,26,6,44,44,2,96,56,0,56,152
10/13/2011,ATW,WI,AGL,CE,Federal Contract Tower,6,34,33,0,73,0,0,0,0,0,6,34,33,0,73,8,0,8,81
10/14/2011,ATW,WI,AGL,CE,Federal Contract Tower,6,36,27,0,69,0,0,1,0,1,6,36,28,0,70,0,0,0,70
10/15/2011,ATW,WI,AGL,CE,Federal Contract Tower,6,21,2,0,29,0,0,0,0,0,6,21,2,0,29,0,0,0,29
10/16/2011,ATW,WI,AGL,CE,Federal Contract Tower,5,25,18,0,48,0,0,14,0,14,5,25,32,0,62,6,0,6,68
10/17/2011,ATW,WI,AGL,CE,Federal Contract Tower,5,35,17,1,58,0,0,0,0,0,5,35,17,1,58,2,0,2,60
10/18/2011,ATW,WI,AGL,CE,Federal Contract Tower,4,36,27,0,67,0,0,20,0,20,4,36,47,0,87,46,0,46,133
10/19/2011,ATW,WI,AGL,CE,Federal Contract Tower,6,29,10,0,45,0,0,3,0,3,6,29,13,0,48,10,0,10,58
10/20/2011,ATW,WI,AGL,CE,Federal Contract Tower,6,33,16,0,55,0,0,1,0,1,6,33,17,0,56,8,0,8,64
10/21/2011,ATW,WI,AGL,CE,Federal Contract Tower,6,33,22,0,61,0,0,42,0,42,6,33,64,0,103,26,0,26,129
10/22/2011,ATW,WI,AGL,CE,Federal Contract Tower,6,19,17,3,45,0,0,56,0,56,6,19,73,3,101,6,0,6,107
10/23/2011,ATW,WI,AGL,CE,Federal Contract Tower,5,26,5,0,36,0,0,18,0,18,5,26,23,0,54,4,0,4,58
10/24/2011,ATW,WI,AGL,CE,Federal Contract Tower,7,31,17,0,55,0,0,13,0,13,7,31,30,0,68,10,2,12,80
10/25/2011,ATW,WI,AGL,CE,Federal Contract Tower,4,33,18,0,55,0,0,0,0,0,4,33,18,0,55,0,0,0,55
10/26/2011,ATW,WI,AGL,CE,Federal Contract Tower,6,33,19,0,58,0,0,19,0,19,6,33,38,0,77,26,0,26,103
10/27/2011,ATW,WI,AGL,CE,Federal Contract Tower,6,36,11,0,53,0,0,18,0,18,6,36,29,0,71,2,0,2,73
10/28/2011,ATW,WI,AGL,CE,Federal Contract Tower,8,30,23,0,61,0,0,29,0,29,8,30,52,0,90,12,0,12,102
10/29/2011,ATW,WI,AGL,CE,Federal Contract Tower,4,21,14,0,39,0,0,37,0,37,4,21,51,0,76,44,0,44,120
10/30/2011,ATW,WI,AGL,CE,Federal Contract Tower,3,31,2,0,36,0,0,3,0,3,3,31,5,0,39,10,0,10,49
10/31/2011,ATW,WI,AGL,CE,Federal Contract Tower,5,31,20,0,56,0,0,3,0,3,5,31,23,0,59,10,0,10,69
11/01/2011,ATW,WI,AGL,CE,Federal Contract Tower,4,42,21,2,69,0,0,22,0,22,4,42,43,2,91,18,0,18,109
11/02/2011,ATW,WI,AGL,CE,Federal Contract Tower,7,36,25,0,68,0,0,0,0,0,7,36,25,0,68,0,0,0,68
11/03/2011,ATW,WI,AGL,CE,Federal Contract Tower,6,39,13,0,58,0,1,16,0,17,6,40,29,0,75,4,0,4,79
11/04/2011,ATW,WI,AGL,CE,Federal Contract Tower,7,37,17,0,61,0,0,29,0,29,7,37,46,0,90,36,0,36,126
11/05/2011,ATW,WI,AGL,CE,Federal Contract Tower,4,19,16,0,39,0,0,23,0,23,4,19,39,0,62,18,0,18,80
11/06/2011,ATW,WI,AGL,CE,Federal Contract Tower,3,25,10,0,38,0,0,12,0,12,3,25,22,0,50,6,0,6,56
11/07/2011,ATW,WI,AGL,CE,Federal Contract Tower,5,38,13,0,56,0,0,22,0,22,5,38,35,0,78,2,0,2,80
11/08/2011,ATW,WI,AGL,CE,Federal Contract Tower,4,42,18,0,64,0,0,0,0,0,4,42,18,0,64,0,0,0,64
11/09/2011,ATW,WI,AGL,CE,Federal Contract Tower,4,38,18,0,60,0,0,0,0,0,4,38,18,0,60,0,0,0,60
11/10/2011,ATW,WI,AGL,CE,Federal Contract Tower,6,39,20,0,65,0,2,2,0,4,6,41,22,0,69,0,0,0,69
11/11/2011,ATW,WI,AGL,CE,Federal Contract Tower,8,37,16,0,61,0,0,20,0,20,8,37,36,0,81,16,0,16,97
11/12/2011,ATW,WI,AGL,CE,Federal Contract Tower,5,19,17,0,41,0,0,39,0,39,5,19,56,0,80,30,0,30,110
11/13/2011,ATW,WI,AGL,CE,Federal Contract Tower,6,24,8,0,38,0,0,4,0,4,6,24,12,0,42,0,0,0,42
11/14/2011,ATW,WI,AGL,CE,Federal Contract Tower,7,38,27,0,72,0,0,11,0,11,7,38,38,0,83,16,0,16,99
11/15/2011,ATW,WI,AGL,CE,Federal Contract Tower,4,32,41,0,77,0,0,22,0,22,4,32,63,0,99,10,0,10,109
11/16/2011,ATW,WI,AGL,CE,Federal Contract Tower,4,33,29,0,66,0,2,23,0,25,4,35,52,0,91,10,0,10,101
11/17/2011,ATW,WI,AGL,CE,Federal Contract Tower,6,40,18,0,64,0,0,15,0,15,6,40,33,0,79,22,0,22,101
11/18/2011,ATW,WI,AGL,CE,Federal Contract Tower,8,35,13,0,56,0,0,4,0,4,8,35,17,0,60,0,0,0,60
11/19/2011,ATW,WI,AGL,CE,Federal Contract Tower,9,17,16,0,42,0,0,12,0,12,9,17,28,0,54,12,0,12,66
11/20/2011,ATW,WI,AGL,CE,Federal Contract Tower,4,22,15,0,41,0,0,24,0,24,4,22,39,0,65,36,0,36,101
11/21/2011,ATW,WI,AGL,CE,Federal Contract Tower,9,26,30,0,65,0,0,13,0,13,9,26,43,0,78,42,0,42,120
11/22/2011,ATW,WI,AGL,CE,Federal Contract Tower,7,34,16,0,57,0,0,12,0,12,7,34,28,0,69,14,0,14,83
11/23/2011,ATW,WI,AGL,CE,Federal Contract Tower,4,41,9,4,58,0,0,0,0,0,4,41,9,4,58,18,0,18,76
11/24/2011,ATW,WI,AGL,CE,Federal Contract Tower,2,15,2,0,19,0,0,0,0,0,2,15,2,0,19,0,0,0,19
11/25/2011,ATW,WI,AGL,CE,Federal Contract Tower,8,14,5,0,27,0,0,8,0,8,8,14,13,0,35,12,0,12,47
11/26/2011,ATW,WI,AGL,CE,Federal Contract Tower,5,27,4,0,36,0,0,0,0,0,5,27,4,0,36,0,0,0,36
11/27/2011,ATW,WI,AGL,CE,Federal Contract Tower,2,36,7,0,45,0,4,0,0,4,2,40,7,0,49,0,0,0,49
11/28/2011,ATW,WI,AGL,CE,Federal Contract Tower,6,36,9,0,51,0,0,11,0,11,6,36,20,0,62,12,0,12,74
11/29/2011,ATW,WI,AGL,CE,Federal Contract Tower,6,34,10,0,50,0,2,0,0,2,6,36,10,0,52,0,0,0,52
11/30/2011,ATW,WI,AGL,CE,Federal Contract Tower,4,36,21,0,61,0,0,36,0,36,4,36,57,0,97,40,0,40,137
12/01/2011,ATW,WI,AGL,CE,Federal Contract Tower,6,34,19,0,59,0,0,4,0,4,6,34,23,0,63,0,0,0,63
12/02/2011,ATW,WI,AGL,CE,Federal Contract Tower,8,32,10,0,50,0,0,32,0,32,8,32,42,0,82,28,0,28,110
12/03/2011,ATW,WI,AGL,CE,Federal Contract Tower,3,15,5,0,23,0,0,0,0,0,3,15,5,0,23,0,0,0,23
12/04/2011,ATW,WI,AGL,CE,Federal Contract Tower,4,24,7,0,35,0,2,2,0,4,4,26,9,0,39,0,0,0,39
12/05/2011,ATW,WI,AGL,CE,Federal Contract Tower,7,32,18,0,57,0,0,2,0,2,7,32,20,0,59,0,0,0,59
12/06/2011,ATW,WI,AGL,CE,Federal Contract Tower,4,35,7,0,46,0,0,34,2,36,4,35,41,2,82,80,0,80,162
12/07/2011,ATW,WI,AGL,CE,Federal Contract Tower,5,32,26,0,63,0,0,18,0,18,5,32,44,0,81,18,0,18,99
12/08/2011,ATW,WI,AGL,CE,Federal Contract Tower,6,34,15,0,55,0,0,24,0,24,6,34,39,0,79,6,0,6,85
12/09/2011,ATW,WI,AGL,CE,Federal Contract Tower,9,34,15,0,58,0,0,13,0,13,9,34,28,0,71,8,0,8,79
12/10/2011,ATW,WI,AGL,CE,Federal Contract Tower,5,19,10,0,34,0,0,13,0,13,5,19,23,0,47,10,0,10,57
12/11/2011,ATW,WI,AGL,CE,Federal Contract Tower,4,24,11,0,39,0,0,25,0,25,4,24,36,0,64,4,0,4,68
12/12/2011,ATW,WI,AGL,CE,Federal Contract Tower,7,32,23,1,63,0,0,0,0,0,7,32,23,1,63,0,0,0,63
12/13/2011,ATW,WI,AGL,CE,Federal Contract Tower,6,31,29,0,66,0,0,11,0,11,6,31,40,0,77,16,0,16,93
12/14/2011,ATW,WI,AGL,CE,Federal Contract Tower,5,25,12,0,42,0,0,0,0,0,5,25,12,0,42,0,0,0,42
12/15/2011,ATW,WI,AGL,CE,Federal Contract Tower,9,35,22,1,67,0,0,2,0,2,9,35,24,1,69,0,0,0,69
12/16/2011,ATW,WI,AGL,CE,Federal Contract Tower,10,34,23,0,67,0,0,29,0,29,10,34,52,0,96,6,0,6,102
12/17/2011,ATW,WI,AGL,CE,Federal Contract Tower,3,17,10,0,30,0,0,3,0,3,3,17,13,0,33,4,0,4,37
12/18/2011,ATW,WI,AGL,CE,Federal Contract Tower,4,20,10,0,34,0,0,24,0,24,4,20,34,0,58,6,0,6,64
12/19/2011,ATW,WI,AGL,CE,Federal Contract Tower,10,37,20,0,67,0,0,10,0,10,10,37,30,0,77,12,0,12,89
12/20/2011,ATW,WI,AGL,CE,Federal Contract Tower,6,35,23,0,64,0,0,18,0,18,6,35,41,0,82,4,0,4,86
12/21/2011,ATW,WI,AGL,CE,Federal Contract Tower,8,34,15,0,57,0,0,12,0,12,8,34,27,0,69,0,0,0,69
12/22/2011,ATW,WI,AGL,CE,Federal Contract Tower,6,32,9,0,47,0,0,4,0,4,6,32,13,0,51,0,0,0,51
12/23/2011,ATW,WI,AGL,CE,Federal Contract Tower,8,31,5,0,44,0,0,13,0,13,8,31,18,0,57,40,0,40,97
12/24/2011,ATW,WI,AGL,CE,Federal Contract Tower,4,15,0,0,19,0,0,8,0,8,4,15,8,0,27,2,0,2,29
12/25/2011,ATW,WI,AGL,CE,Federal Contract Tower,2,18,0,0,20,0,0,3,0,3,2,18,3,0,23,0,0,0,23
12/26/2011,ATW,WI,AGL,CE,Federal Contract Tower,6,26,0,0,32,0,0,9,0,9,6,26,9,0,41,22,0,22,63
12/27/2011,ATW,WI,AGL,CE,Federal Contract Tower,3,32,7,0,42,0,0,8,0,8,3,32,15,0,50,12,0,12,62
12/28/2011,ATW,WI,AGL,CE,Federal Contract Tower,4,33,20,2,59,0,0,33,1,34,4,33,53,3,93,16,6,22,115
12/29/2011,ATW,WI,AGL,CE,Federal Contract Tower,6,32,4,0,42,0,0,0,0,0,6,32,4,0,42,0,0,0,42
12/30/2011,ATW,WI,AGL,CE,Federal Contract Tower,8,28,8,0,44,0,0,0,0,0,8,28,8,0,44,0,0,0,44
12/31/2011,ATW,WI,AGL,CE,Federal Contract Tower,5,16,3,0,24,0,0,8,0,8,5,16,11,0,32,0,0,0,32
01/01/2012,ATW,WI,AGL,CE,Federal Contract Tower,2,22,4,0,28,0,0,0,0,0,2,22,4,0,28,0,0,0,28
01/02/2012,ATW,WI,AGL,CE,Federal Contract Tower,6,29,2,0,37,0,0,0,0,0,6,29,2,0,37,0,0,0,37
01/03/2012,ATW,WI,AGL,CE,Federal Contract Tower,3,33,14,0,50,0,0,20,0,20,3,33,34,0,70,32,0,32,102
01/04/2012,ATW,WI,AGL,CE,Federal Contract Tower,4,29,17,0,50,0,0,23,0,23,4,29,40,0,73,6,0,6,79
01/05/2012,ATW,WI,AGL,CE,Federal Contract Tower,6,35,11,4,56,0,0,20,0,20,6,35,31,4,76,12,16,28,104
01/06/2012,ATW,WI,AGL,CE,Federal Contract Tower,8,30,14,0,52,0,0,38,0,38,8,30,52,0,90,8,0,8,98
01/07/2012,ATW,WI,AGL,CE,Federal Contract Tower,4,18,7,0,29,0,0,17,0,17,4,18,24,0,46,20,0,20,66
01/08/2012,ATW,WI,AGL,CE,Federal Contract Tower,5,21,9,0,35,0,0,40,0,40,5,21,49,0,75,26,0,26,101
01/09/2012,ATW,WI,AGL,CE,Federal Contract Tower,7,39,21,1,68,0,0,9,0,9,7,39,30,1,77,8,0,8,85
01/10/2012,ATW,WI,AGL,CE,Federal Contract Tower,4,31,26,0,61,0,0,35,0,35,4,31,61,0,96,34,0,34,130
01/11/2012,ATW,WI,AGL,CE,Federal Contract Tower,4,32,28,0,64,0,0,27,0,27,4,32,55,0,91,8,0,8,99
01/12/2012,ATW,WI,AGL,CE,Federal Contract Tower,6,35,13,1,55,0,0,8,0,8,6,35,21,1,63,7,2,9,72
01/13/2012,ATW,WI,AGL,CE,Federal Contract Tower,8,28,17,0,53,0,0,10,0,10,8,28,27,0,63,4,0,4,67
01/14/2012,ATW,WI,AGL,CE,Federal Contract Tower,6,17,11,0,34,0,0,22,0,22,6,17,33,0,56,40,0,40,96
01/15/2012,ATW,WI,AGL,CE,Federal Contract Tower,5,19,10,0,34,0,0,9,0,9,5,19,19,0,43,4,0,4,47
01/16/2012,ATW,WI,AGL,CE,Federal Contract Tower,5,30,17,0,52,0,0,23,0,23,5,30,40,0,75,26,0,26,101
01/17/2012,ATW,WI,AGL,CE,Federal Contract Tower,4,33,13,0,50,0,0,0,0,0,4,33,13,0,50,0,0,0,50
01/18/2012,ATW,WI,AGL,CE,Federal Contract Tower,4,37,16,2,59,0,0,5,0,5,4,37,21,2,64,0,0,0,64
01/19/2012,ATW,WI,AGL,CE,Federal Contract Tower,6,38,14,0,58,0,0,12,0,12,6,38,26,0,70,28,0,28,98
01/20/2012,ATW,WI,AGL,CE,Federal Contract Tower,8,32,13,0,53,0,0,3,0,3,8,32,16,0,56,0,0,0,56
01/21/2012,ATW,WI,AGL,CE,Federal Contract Tower,3,20,6,0,29,0,0,42,0,42,3,20,48,0,71,36,0,36,107
01/22/2012,ATW,WI,AGL,CE,Federal Contract Tower,4,18,6,0,28,0,0,0,0,0,4,18,6,0,28,0,0,0,28
01/23/2012,ATW,WI,AGL,CE,Federal Contract Tower,7,29,11,0,47,0,0,0,0,0,7,29,11,0,47,0,0,0,47
01/24/2012,ATW,WI,AGL,CE,Federal Contract Tower,4,31,19,0,54,0,0,21,0,21,4,31,40,0,75,18,0,18,93
01/25/2012,ATW,WI,AGL,CE,Federal Contract Tower,4,33,11,0,48,0,0,10,0,10,4,33,21,0,58,16,0,16,74
01/26/2012,ATW,WI,AGL,CE,Federal Contract Tower,5,41,21,0,67,0,0,0,0,0,5,41,21,0,67,6,0,6,73
01/27/2012,ATW,WI,AGL,CE,Federal Contract Tower,8,31,11,0,50,0,0,36,0,36,8,31,47,0,86,36,0,36,122
01/28/2012,ATW,WI,AGL,CE,Federal Contract Tower,4,17,11,0,32,0,0,5,0,5,4,17,16,0,37,0,0,0,37
01/29/2012,ATW,WI,AGL,CE,Federal Contract Tower,5,21,18,0,44,0,0,39,0,39,5,21,57,0,83,64,0,64,147
01/30/2012,ATW,WI,AGL,CE,Federal Contract Tower,6,29,19,0,54,0,0,28,0,28,6,29,47,0,82,28,0,28,110
01/31/2012,ATW,WI,AGL,CE,Federal Contract Tower,4,31,19,1,55,0,0,28,0,28,4,31,47,1,83,12,0,12,95
02/01/2012,ATW,WI,AGL,CE,Federal Contract Tower,4,33,10,0,47,0,0,3,0,3,4,33,13,0,50,2,0,2,52
02/02/2012,ATW,WI,AGL,CE,Federal Contract Tower,5,33,10,0,48,0,0,0,0,0,5,33,10,0,48,0,0,0,48
02/03/2012,ATW,WI,AGL,CE,Federal Contract Tower,9,30,14,0,53,0,0,3,0,3,9,30,17,0,56,0,0,0,56
02/04/2012,ATW,WI,AGL,CE,Federal Contract Tower,3,18,3,0,24,0,0,34,0,34,3,18,37,0,58,44,0,44,102
02/05/2012,ATW,WI,AGL,CE,Federal Contract Tower,5,22,14,0,41,0,0,22,0,22,5,22,36,0,63,6,0,6,69
02/06/2012,ATW,WI,AGL,CE,Federal Contract Tower,7,30,15,0,52,0,0,20,0,20,7,30,35,0,72,18,0,18,90
02/07/2012,ATW,WI,AGL,CE,Federal Contract Tower,4,37,11,0,52,0,0,12,0,12,4,37,23,0,64,18,0,18,82
02/08/2012,ATW,WI,AGL,CE,Federal Contract Tower,4,35,13,0,52,0,0,38,0,38,4,35,51,0,90,36,0,36,126
02/09/2012,ATW,WI,AGL,CE,Federal Contract Tower,6,30,16,0,52,0,1,27,0,28,6,31,43,0,80,6,0,6,86
02/10/2012,ATW,WI,AGL,CE,Federal Contract Tower,8,28,16,0,52,0,0,0,0,0,8,28,16,0,52,0,0,0,52
02/11/2012,ATW,WI,AGL,CE,Federal Contract Tower,4,19,5,0,28,0,1,25,0,26,4,20,30,0,54,14,0,14,68
02/12/2012,ATW,WI,AGL,CE,Federal Contract Tower,6,20,9,0,35,0,1,19,0,20,6,21,28,0,55,19,0,19,74
02/13/2012,ATW,WI,AGL,CE,Federal Contract Tower,7,32,19,0,58,0,0,11,0,11,7,32,30,0,69,4,0,4,73
02/14/2012,ATW,WI,AGL,CE,Federal Contract Tower,6,32,14,0,52,0,0,5,0,5,6,32,19,0,57,22,0,22,79
02/15/2012,ATW,WI,AGL,CE,Federal Contract Tower,4,32,18,0,54,0,0,8,0,8,4,32,26,0,62,10,0,10,72
02/16/2012,ATW,WI,AGL,CE,Federal Contract Tower,8,36,9,0,53,0,0,21,0,21,8,36,30,0,74,42,0,42,116
02/17/2012,ATW,WI,AGL,CE,Federal Contract Tower,7,31,19,0,57,0,0,6,0,6,7,31,25,0,63,4,0,4,67
02/18/2012,ATW,WI,AGL,CE,Federal Contract Tower,3,19,3,0,25,0,0,25,0,25,3,19,28,0,50,32,0,32,82
02/19/2012,ATW,WI,AGL,CE,Federal Contract Tower,6,18,9,0,33,0,0,42,0,42,6,18,51,0,75,32,0,32,107
02/20/2012,ATW,WI,AGL,CE,Federal Contract Tower,5,31,17,0,53,0,0,33,0,33,5,31,50,0,86,32,0,32,118
02/21/2012,ATW,WI,AGL,CE,Federal Contract Tower,4,33,14,0,51,0,0,0,0,0,4,33,14,0,51,0,0,0,51
02/22/2012,ATW,WI,AGL,CE,Federal Contract Tower,4,34,21,0,59,0,0,24,0,24,4,34,45,0,83,4,0,4,87
02/23/2012,ATW,WI,AGL,CE,Federal Contract Tower,9,35,22,0,66,0,1,12,0,13,9,36,34,0,79,10,0,10,89
02/24/2012,ATW,WI,AGL,CE,Federal Contract Tower,8,28,29,0,65,0,0,3,0,3,8,28,32,0,68,0,0,0,68
02/25/2012,ATW,WI,AGL,CE,Federal Contract Tower,2,21,4,0,27,0,0,25,0,25,2,21,29,0,52,18,0,18,70
02/26/2012,ATW,WI,AGL,CE,Federal Contract Tower,5,23,7,0,35,0,0,2,0,2,5,23,9,0,37,6,0,6,43
02/27/2012,ATW,WI,AGL,CE,Federal Contract Tower,7,31,10,3,51,0,0,23,0,23,7,31,33,3,74,44,0,44,118
02/28/2012,ATW,WI,AGL,CE,Federal Contract Tower,4,34,16,0,54,0,0,27,0,27,4,34,43,0,81,52,0,52,133
02/29/2012,ATW,WI,AGL,CE,Federal Contract Tower,6,32,4,1,43,0,0,0,0,0,6,32,4,1,43,0,0,0,43
03/01/2012,ATW,WI,AGL,CE,Federal Contract Tower,10,34,18,0,62,0,0,0,0,0,10,34,18,0,62,0,0,0,62
03/02/2012,ATW,WI,AGL,CE,Federal Contract Tower,8,40,14,0,62,0,0,0,0,0,8,40,14,0,62,0,0,0,62
03/03/2012,ATW,WI,AGL,CE,Federal Contract Tower,5,19,7,0,31,0,0,0,0,0,5,19,7,0,31,0,0,0,31
03/04/2012,ATW,WI,AGL,CE,Federal Contract Tower,8,18,8,0,34,0,6,14,0,20,8,24,22,0,54,20,0,20,74
03/05/2012,ATW,WI,AGL,CE,Federal Contract Tower,9,32,7,0,48,0,0,13,0,13,9,32,20,0,61,10,0,10,71
03/06/2012,ATW,WI,AGL,CE,Federal Contract Tower,6,36,12,0,54,0,0,25,0,25,6,36,37,0,79,16,0,16,95
03/07/2012,ATW,WI,AGL,CE,Federal Contract Tower,10,39,18,0,67,0,0,0,0,0,10,39,18,0,67,0,0,0,67
03/08/2012,ATW,WI,AGL,CE,Federal Contract Tower,8,38,31,0,77,0,0,23,0,23,8,38,54,0,100,30,0,30,130
03/09/2012,ATW,WI,AGL,CE,Federal Contract Tower,10,35,22,0,67,0,0,25,0,25,10,35,47,0,92,34,0,34,126
03/10/2012,ATW,WI,AGL,CE,Federal Contract Tower,9,17,1,0,27,0,0,10,0,10,9,17,11,0,37,0,0,0,37
03/11/2012,ATW,WI,AGL,CE,Federal Contract Tower,6,20,3,0,29,0,0,26,0,26,6,20,29,0,55,20,0,20,75
03/12/2012,ATW,WI,AGL,CE,Federal Contract Tower,9,32,24,0,65,0,0,3,0,3,9,32,27,0,68,20,0,20,88
03/13/2012,ATW,WI,AGL,CE,Federal Contract Tower,6,33,15,0,54,0,0,33,0,33,6,33,48,0,87,58,0,58,145
03/14/2012,ATW,WI,AGL,CE,Federal Contract Tower,10,34,21,0,65,0,2,27,0,29,10,36,48,0,94,36,0,36,130
03/15/2012,ATW,WI,AGL,CE,Federal Contract Tower,8,33,20,0,61,0,0,16,0,16,8,33,36,0,77,18,4,22,99
03/16/2012,ATW,WI,AGL,CE,Federal Contract Tower,11,35,27,0,73,0,0,23,0,23,11,35,50,0,96,10,0,10,106
03/17/2012,ATW,WI,AGL,CE,Federal Contract Tower,9,15,3,0,27,0,0,13,0,13,9,15,16,0,40,40,0,40,80
03/18/2012,ATW,WI,AGL,CE,Federal Contract Tower,6,20,11,0,37,0,0,23,0,23,6,20,34,0,60,10,0,10,70
03/19/2012,ATW,WI,AGL,CE,Federal Contract Tower,9,32,12,0,53,0,0,19,0,19,9,32,31,0,72,28,0,28,100
03/20/2012,ATW,WI,AGL,CE,Federal Contract Tower,6,35,14,0,55,0,0,30,0,30,6,35,44,0,85,110,0,110,195
03/21/2012,ATW,WI,AGL,CE,Federal Contract Tower,8,33,18,1,60,0,0,17,0,17,8,33,35,1,77,16,4,20,97
03/22/2012,ATW,WI,AGL,CE,Federal Contract Tower,8,35,21,0,64,0,0,24,0,24,8,35,45,0,88,58,0,58,146
03/23/2012,ATW,WI,AGL,CE,Federal Contract Tower,10,29,12,0,51,0,0,0,0,0,10,29,12,0,51,0,0,0,51
03/24/2012,ATW,WI,AGL,CE,Federal Contract Tower,7,18,18,0,43,0,0,4,0,4,7,18,22,0,47,0,0,0,47
03/25/2012,ATW,WI,AGL,CE,Federal Contract Tower,6,19,6,0,31,0,0,22,0,22,6,19,28,0,53,20,0,20,73
03/26/2012,ATW,WI,AGL,CE,Federal Contract Tower,9,34,25,0,68,0,0,33,0,33,9,34,58,0,101,40,0,40,141
03/27/2012,ATW,WI,AGL,CE,Federal Contract Tower,6,35,16,0,57,0,0,5,0,5,6,35,21,0,62,0,0,0,62
03/28/2012,ATW,WI,AGL,CE,Federal Contract Tower,11,30,10,3,54,0,0,9,0,9,11,30,19,3,63,6,0,6,69
03/29/2012,ATW,WI,AGL,CE,Federal Contract Tower,7,34,20,0,61,0,0,34,0,34,7,34,54,0,95,38,0,38,133
03/30/2012,ATW,WI,AGL,CE,Federal Contract Tower,10,33,12,0,55,0,0,0,0,0,10,33,12,0,55,0,0,0,55
03/31/2012,ATW,WI,AGL,CE,Federal Contract Tower,9,16,3,0,28,0,0,1,0,1,9,16,4,0,29,10,0,10,39
04/01/2012,ATW,WI,AGL,CE,Federal Contract Tower,6,19,10,0,35,0,0,25,0,25,6,19,35,0,60,48,0,48,108
04/02/2012,ATW,WI,AGL,CE,Federal Contract Tower,9,31,16,0,56,0,2,26,9,37,9,33,42,9,93,58,8,66,159
04/03/2012,ATW,WI,AGL,CE,Federal Contract Tower,5,41,12,0,58,0,0,8,0,8,5,41,20,0,66,6,0,6,72
04/04/2012,ATW,WI,AGL,CE,Federal Contract Tower,9,34,24,3,70,0,0,30,3,33,9,34,54,6,103,40,32,72,175
04/05/2012,ATW,WI,AGL,CE,Federal Contract Tower,12,35,15,0,62,0,0,33,0,33,12,35,48,0,95,40,0,40,135
04/06/2012,ATW,WI,AGL,CE,Federal Contract Tower,10,35,3,0,48,0,0,45,0,45,10,35,48,0,93,38,0,38,131
04/07/2012,ATW,WI,AGL,CE,Federal Contract Tower,7,18,6,0,31,0,0,15,0,15,7,18,21,0,46,8,0,8,54
04/08/2012,ATW,WI,AGL,CE,Federal Contract Tower,4,22,1,0,27,0,0,15,0,15,4,22,16,0,42,6,0,6,48
04/09/2012,ATW,WI,AGL,CE,Federal Contract Tower,9,37,18,1,65,0,1,11,0,12,9,38,29,1,77,8,0,8,85
04/10/2012,ATW,WI,AGL,CE,Federal Contract Tower,6,32,18,0,56,0,0,10,8,18,6,32,28,8,74,14,0,14,88
04/11/2012,ATW,WI,AGL,CE,Federal Contract Tower,8,32,25,0,65,0,0,38,0,38,8,32,63,0,103,28,0,28,131
04/12/2012,ATW,WI,AGL,CE,Federal Contract Tower,10,36,37,0,83,0,0,42,0,42,10,36,79,0,125,26,0,26,151
04/13/2012,ATW,WI,AGL,CE,Federal Contract Tower,8,32,18,0,58,0,0,19,0,19,8,32,37,0,77,10,0,10,87
04/14/2012,ATW,WI,AGL,CE,Federal Contract Tower,7,17,2,2,28,0,0,16,1,17,7,17,18,3,45,10,10,20,65
04/15/2012,ATW,WI,AGL,CE,Federal Contract Tower,8,23,3,0,34,0,0,1,0,1,8,23,4,0,35,0,0,0,35
04/16/2012,ATW,WI,AGL,CE,Federal Contract Tower,7,34,10,0,51,0,0,1,0,1,7,34,11,0,52,0,0,0,52
04/17/2012,ATW,WI,AGL,CE,Federal Contract Tower,6,35,23,0,64,0,0,27,0,27,6,35,50,0,91,38,0,38,129
04/18/2012,ATW,WI,AGL,CE,Federal Contract Tower,6,35,3,0,44,0,0,2,0,2,6,35,5,0,46,0,0,0,46
04/19/2012,ATW,WI,AGL,CE,Federal Contract Tower,10,34,32,0,76,0,15,4,0,19,10,49,36,0,95,76,8,84,179
04/20/2012,ATW,WI,AGL,CE,Federal Contract Tower,8,30,19,0,57,0,0,9,0,9,8,30,28,0,66,2,0,2,68
04/21/2012,ATW,WI,AGL,CE,Federal Contract Tower,3,21,6,0,30,0,0,51,0,51,3,21,57,0,81,48,0,48,129
04/22/2012,ATW,WI,AGL,CE,Federal Contract Tower,6,23,11,0,40,0,0,23,0,23,6,23,34,0,63,10,0,10,73
04/23/2012,ATW,WI,AGL,CE,Federal Contract Tower,7,31,10,0,48,0,0,41,0,41,7,31,51,0,89,36,0,36,125
04/24/2012,ATW,WI,AGL,CE,Federal Contract Tower,6,39,18,0,63,0,0,23,0,23,6,39,41,0,86,34,0,34,120
04/25/2012,ATW,WI,AGL,CE,Federal Contract Tower,9,37,22,0,68,0,0,17,0,17,9,37,39,0,85,58,0,58,143
04/26/2012,ATW,WI,AGL,CE,Federal Contract Tower,11,30,19,0,60,0,0,20,0,20,11,30,39,0,80,6,0,6,86
04/27/2012,ATW,WI,AGL,CE,Federal Contract Tower,8,31,10,0,49,0,0,40,0,40,8,31,50,0,89,42,0,42,131
04/28/2012,ATW,WI,AGL,CE,Federal Contract Tower,4,17,18,0,39,0,0,9,0,9,4,17,27,0,48,0,0,0,48
04/29/2012,ATW,WI,AGL,CE,Federal Contract Tower,8,22,7,0,37,0,0,36,0,36,8,22,43,0,73,8,0,8,81
04/30/2012,ATW,WI,AGL,CE,Federal Contract Tower,8,30,11,0,49,0,0,3,0,3,8,30,14,0,52,0,0,0,52
05/01/2012,ATW,WI,AGL,CE,Federal Contract Tower,6,31,24,0,61,0,0,33,0,33,6,31,57,0,94,60,0,60,154
05/02/2012,ATW,WI,AGL,CE,Federal Contract Tower,6,34,19,0,59,0,0,9,0,9,6,34,28,0,68,16,0,16,84
05/03/2012,ATW,WI,AGL,CE,Federal Contract Tower,10,34,16,0,60,0,0,2,0,2,10,34,18,0,62,0,0,0,62
05/04/2012,ATW,WI,AGL,CE,Federal Contract Tower,8,32,22,0,62,0,0,21,0,21,8,32,43,0,83,26,0,26,109
05/05/2012,ATW,WI,AGL,CE,Federal Contract Tower,3,17,14,0,34,0,0,8,0,8,3,17,22,0,42,22,0,22,64
05/06/2012,ATW,WI,AGL,CE,Federal Contract Tower,7,19,8,0,34,0,0,1,0,1,7,19,9,0,35,0,0,0,35
05/07/2012,ATW,WI,AGL,CE,Federal Contract Tower,7,33,34,0,74,0,0,10,0,10,7,33,44,0,84,10,0,10,94
05/08/2012,ATW,WI,AGL,CE,Federal Contract Tower,6,39,23,0,68,0,0,20,0,20,6,39,43,0,88,36,0,36,124
05/09/2012,ATW,WI,AGL,CE,Federal Contract Tower,7,38,22,0,67,0,0,29,0,29,7,38,51,0,96,40,0,40,136
05/10/2012,ATW,WI,AGL,CE,Federal Contract Tower,9,36,35,0,80,0,2,34,0,36,9,38,69,0,116,60,0,60,176
05/11/2012,ATW,WI,AGL,CE,Federal Contract Tower,8,32,23,0,63,0,0,23,0,23,8,32,46,0,86,28,0,28,114
05/12/2012,ATW,WI,AGL,CE,Federal Contract Tower,3,15,6,0,24,0,0,17,0,17,3,15,23,0,41,24,0,24,65
05/13/2012,ATW,WI,AGL,CE,Federal Contract Tower,8,22,10,0,40,0,0,28,0,28,8,22,38,0,68,2,0,2,70
05/14/2012,ATW,WI,AGL,CE,Federal Contract Tower,7,31,15,0,53,0,0,30,0,30,7,31,45,0,83,20,0,20,103
05/15/2012,ATW,WI,AGL,CE,Federal Contract Tower,6,33,9,0,48,0,0,16,0,16,6,33,25,0,64,46,0,46,110
05/16/2012,ATW,WI,AGL,CE,Federal Contract Tower,6,40,31,4,81,0,2,52,1,55,6,42,83,5,136,80,16,96,232
05/17/2012,ATW,WI,AGL,CE,Federal Contract Tower,8,39,26,0,73,0,19,0,0,19,8,58,26,0,92,24,0,24,116
05/18/2012,ATW,WI,AGL,CE,Federal Contract Tower,8,32,29,0,69,1,1,36,0,38,9,33,65,0,107,22,0,22,129
05/19/2012,ATW,WI,AGL,CE,Federal Contract Tower,3,18,8,0,29,0,0,31,0,31,3,18,39,0,60,14,0,14,74
05/20/2012,ATW,WI,AGL,CE,Federal Contract Tower,6,23,3,0,32,0,0,9,0,9,6,23,12,0,41,6,0,6,47
05/21/2012,ATW,WI,AGL,CE,Federal Contract Tower,7,31,15,0,53,0,0,11,0,11,7,31,26,0,64,46,0,46,110
05/22/2012,ATW,WI,AGL,CE,Federal Contract Tower,6,34,23,0,63,0,0,39,0,39,6,34,62,0,102,52,0,52,154
05/23/2012,ATW,WI,AGL,CE,Federal Contract Tower,6,33,27,0,66,0,0,26,0,26,6,33,53,0,92,58,0,58,150
05/24/2012,ATW,WI,AGL,CE,Federal Contract Tower,8,30,21,0,59,0,0,3,0,3,8,30,24,0,62,4,0,4,66
05/25/2012,ATW,WI,AGL,CE,Federal Contract Tower,8,35,11,0,54,0,1,28,0,29,8,36,39,0,83,10,0,10,93
05/26/2012,ATW,WI,AGL,CE,Federal Contract Tower,3,14,3,0,20,0,0,5,0,5,3,14,8,0,25,0,0,0,25
05/27/2012,ATW,WI,AGL,CE,Federal Contract Tower,8,12,1,0,21,0,1,15,0,16,8,13,16,0,37,0,0,0,37
05/28/2012,ATW,WI,AGL,CE,Federal Contract Tower,6,21,8,0,35,0,0,6,0,6,6,21,14,0,41,4,0,4,45
05/29/2012,ATW,WI,AGL,CE,Federal Contract Tower,5,31,28,0,64,0,0,6,0,6,5,31,34,0,70,12,0,12,82
05/30/2012,ATW,WI,AGL,CE,Federal Contract Tower,6,32,31,0,69,0,0,7,1,8,6,32,38,1,77,32,2,34,111
05/31/2012,ATW,WI,AGL,CE,Federal Contract Tower,8,36,27,0,71,0,0,39,0,39,8,36,66,0,110,26,0,26,136
06/01/2012,ATW,WI,AGL,CE,Federal Contract Tower,8,31,19,0,58,0,0,20,0,20,8,31,39,0,78,44,0,44,122
06/02/2012,ATW,WI,AGL,CE,Federal Contract Tower,3,20,4,0,27,0,0,19,0,19,3,20,23,0,46,16,0,16,62
06/03/2012,ATW,WI,AGL,CE,Federal Contract Tower,8,21,12,0,41,0,1,34,0,35,8,22,46,0,76,22,0,22,98
06/04/2012,ATW,WI,AGL,CE,Federal Contract Tower,7,33,9,0,49,0,1,34,0,35,7,34,43,0,84,30,0,30,114
06/05/2012,ATW,WI,AGL,CE,Federal Contract Tower,6,40,20,0,66,0,0,33,0,33,6,40,53,0,99,86,0,86,185
06/06/2012,ATW,WI,AGL,CE,Federal Contract Tower,7,34,19,0,60,0,0,32,0,32,7,34,51,0,92,36,0,36,128
06/07/2012,ATW,WI,AGL,CE,Federal Contract Tower,8,38,22,0,68,0,0,32,0,32,8,38,54,0,100,34,0,34,134
06/08/2012,ATW,WI,AGL,CE,Federal Contract Tower,8,34,26,0,68,0,0,42,0,42,8,34,68,0,110,10,0,10,120
06/09/2012,ATW,WI,AGL,CE,Federal Contract Tower,3,26,10,0,39,0,2,20,0,22,3,28,30,0,61,24,0,24,85
06/10/2012,ATW,WI,AGL,CE,Federal Contract Tower,6,27,13,0,46,0,1,19,0,20,6,28,32,0,66,2,0,2,68
06/11/2012,ATW,WI,AGL,CE,Federal Contract Tower,7,34,15,0,56,0,0,3,0,3,7,34,18,0,59,0,0,0,59
06/12/2012,ATW,WI,AGL,CE,Federal Contract Tower,6,38,19,0,63,0,0,26,0,26,6,38,45,0,89,20,2,22,111
06/13/2012,ATW,WI,AGL,CE,Federal Contract Tower,6,36,33,0,75,0,0,54,6,60,6,36,87,6,135,68,0,68,203
06/14/2012,ATW,WI,AGL,CE,Federal Contract Tower,8,32,26,1,67,0,0,34,0,34,8,32,60,1,101,60,0,60,161
06/15/2012,ATW,WI,AGL,CE,Federal Contract Tower,8,42,20,0,70,0,0,35,0,35,8,42,55,0,105,46,0,46,151
06/16/2012,ATW,WI,AGL,CE,Federal Contract Tower,3,19,12,0,34,0,0,6,0,6,3,19,18,0,40,0,0,0,40
06/17/2012,ATW,WI,AGL,CE,Federal Contract Tower,6,27,13,0,46,0,0,29,0,29,6,27,42,0,75,2,0,2,77
06/18/2012,ATW,WI,AGL,CE,Federal Contract Tower,7,32,11,0,50,0,0,11,0,11,7,32,22,0,61,48,0,48,109
06/19/2012,ATW,WI,AGL,CE,Federal Contract Tower,6,36,17,0,59,0,0,13,0,13,6,36,30,0,72,46,0,46,118
06/20/2012,ATW,WI,AGL,CE,Federal Contract Tower,6,36,13,0,55,0,0,25,0,25,6,36,38,0,80,44,0,44,124
06/21/2012,ATW,WI,AGL,CE,Federal Contract Tower,8,34,34,0,76,0,0,38,0,38,8,34,72,0,114,56,0,56,170
06/22/2012,ATW,WI,AGL,CE,Federal Contract Tower,8,34,13,0,55,0,0,30,0,30,8,34,43,0,85,26,0,26,111
06/23/2012,ATW,WI,AGL,CE,Federal Contract Tower,3,20,10,0,33,0,0,28,0,28,3,20,38,0,61,42,0,42,103
06/24/2012,ATW,WI,AGL,CE,Federal Contract Tower,6,27,10,0,43,0,1,38,0,39,6,28,48,0,82,36,0,36,118
06/25/2012,ATW,WI,AGL,CE,Federal Contract Tower,7,32,14,0,53,0,0,32,1,33,7,32,46,1,86,100,0,100,186
06/26/2012,ATW,WI,AGL,CE,Federal Contract Tower,6,38,26,0,70,0,2,40,0,42,6,40,66,0,112,46,0,46,158
06/27/2012,ATW,WI,AGL,CE,Federal Contract Tower,6,41,24,0,71,0,13,0,0,13,6,54,24,0,84,10,0,10,94
06/28/2012,ATW,WI,AGL,CE,Federal Contract Tower,8,39,25,0,72,0,0,26,0,26,8,39,51,0,98,18,0,18,116
06/29/2012,ATW,WI,AGL,CE,Federal Contract Tower,8,34,18,0,60,0,1,40,0,41,8,35,58,0,101,28,0,28,129
06/30/2012,ATW,WI,AGL,CE,Federal Contract Tower,3,19,10,0,32,0,0,29,0,29,3,19,39,0,61,24,0,24,85
07/01/2012,ATW,WI,AGL,CE,Federal Contract Tower,6,28,11,0,45,0,2,32,0,34,6,30,43,0,79,48,0,48,127
07/02/2012,ATW,WI,AGL,CE,Federal Contract Tower,5,29,6,0,40,0,0,22,0,22,5,29,28,0,62,20,0,20,82
07/03/2012,ATW,WI,AGL,CE,Federal Contract Tower,4,24,8,0,36,0,0,14,0,14,4,24,22,0,50,4,0,4,54
07/04/2012,ATW,WI,AGL,CE,Federal Contract Tower,2,16,8,0,26,0,0,21,0,21,2,16,29,0,47,30,0,30,77
07/05/2012,ATW,WI,AGL,CE,Federal Contract Tower,7,26,15,0,48,0,0,9,0,9,7,26,24,0,57,0,0,0,57
07/06/2012,ATW,WI,AGL,CE,Federal Contract Tower,6,30,10,0,46,0,0,22,0,22,6,30,32,0,68,14,0,14,82
07/07/2012,ATW,WI,AGL,CE,Federal Contract Tower,3,17,12,0,32,0,0,19,0,19,3,17,31,0,51,46,0,46,97
07/08/2012,ATW,WI,AGL,CE,Federal Contract Tower,6,26,14,0,46,0,0,23,0,23,6,26,37,0,69,14,0,14,83
07/09/2012,ATW,WI,AGL,CE,Federal Contract Tower,7,36,13,0,56,0,0,17,0,17,7,36,30,0,73,26,0,26,99
07/10/2012,ATW,WI,AGL,CE,Federal Contract Tower,6,38,14,2,60,0,0,45,0,45,6,38,59,2,105,96,0,96,201
07/11/2012,ATW,WI,AGL,CE,Federal Contract Tower,6,35,15,0,56,0,0,28,0,28,6,35,43,0,84,30,0,30,114
07/12/2012,ATW,WI,AGL,CE,Federal Contract Tower,8,33,23,0,64,0,0,51,0,51,8,33,74,0,115,58,0,58,173
07/13/2012,ATW,WI,AGL,CE,Federal Contract Tower,7,36,14,0,57,0,0,41,0,41,7,36,55,0,98,14,0,14,112
07/14/2012,ATW,WI,AGL,CE,Federal Contract Tower,3,16,8,0,27,0,0,14,0,14,3,16,22,0,41,2,0,2,43
07/15/2012,ATW,WI,AGL,CE,Federal Contract Tower,6,24,7,0,37,0,0,11,0,11,6,24,18,0,48,0,0,0,48
07/16/2012,ATW,WI,AGL,CE,Federal Contract Tower,6,23,37,0,66,0,0,15,0,15,6,23,52,0,81,22,0,22,103
07/17/2012,ATW,WI,AGL,CE,Federal Contract Tower,7,38,22,0,67,0,0,14,0,14,7,38,36,0,81,14,0,14,95
07/18/2012,ATW,WI,AGL,CE,Federal Contract Tower,8,40,19,0,67,0,0,21,4,25,8,40,40,4,92,8,4,12,104
07/19/2012,ATW,WI,AGL,CE,Federal Contract Tower,8,40,45,0,93,0,0,2,0,2,8,40,47,0,95,0,0,0,95
07/20/2012,ATW,WI,AGL,CE,Federal Contract Tower,8,39,37,0,84,0,0,60,0,60,8,39,97,0,144,36,0,36,180
07/21/2012,ATW,WI,AGL,CE,Federal Contract Tower,3,21,24,0,48,0,0,59,0,59,3,21,83,0,107,12,0,12,119
07/22/2012,ATW,WI,AGL,CE,Federal Contract Tower,6,30,66,0,102,0,0,136,0,136,6,30,202,0,238,10,0,10,248
07/23/2012,ATW,WI,AGL,CE,Federal Contract Tower,7,45,46,0,98,0,1,153,0,154,7,46,199,0,252,0,0,0,252
07/24/2012,ATW,WI,AGL,CE,Federal Contract Tower,6,46,79,0,131,0,0,166,0,166,6,46,245,0,297,2,0,2,299
07/25/2012,ATW,WI,AGL,CE,Federal Contract Tower,5,44,75,0,124,0,0,205,0,205,5,44,280,0,329,20,0,20,349
07/26/2012,ATW,WI,AGL,CE,Federal Contract Tower,10,39,93,0,142,0,0,138,0,138,10,39,231,0,280,0,0,0,280
07/27/2012,ATW,WI,AGL,CE,Federal Contract Tower,8,38,109,0,155,0,0,128,0,128,8,38,237,0,283,2,0,2,285
07/28/2012,ATW,WI,AGL,CE,Federal Contract Tower,3,26,36,0,65,0,0,155,0,155,3,26,191,0,220,76,0,76,296
07/29/2012,ATW,WI,AGL,CE,Federal Contract Tower,9,33,88,0,130,0,0,112,0,112,9,33,200,0,242,42,0,42,284
07/30/2012,ATW,WI,AGL,CE,Federal Contract Tower,7,32,23,0,62,0,0,46,0,46,7,32,69,0,108,22,0,22,130
07/31/2012,ATW,WI,AGL,CE,Federal Contract Tower,6,34,19,0,59,0,0,48,0,48,6,34,67,0,107,80,0,80,187
08/01/2012,ATW,WI,AGL,CE,Federal Contract Tower,6,33,43,0,82,0,0,37,0,37,6,33,80,0,119,22,0,22,141
08/02/2012,ATW,WI,AGL,CE,Federal Contract Tower,8,36,31,0,75,0,0,21,0,21,8,36,52,0,96,18,0,18,114
08/03/2012,ATW,WI,AGL,CE,Federal Contract Tower,8,30,30,0,68,0,0,23,0,23,8,30,53,0,91,34,0,34,125
08/04/2012,ATW,WI,AGL,CE,Federal Contract Tower,3,21,14,0,38,0,0,18,0,18,3,21,32,0,56,32,0,32,88
08/05/2012,ATW,WI,AGL,CE,Federal Contract Tower,6,29,9,0,44,0,0,41,0,41,6,29,50,0,85,26,0,26,111
08/06/2012,ATW,WI,AGL,CE,Federal Contract Tower,9,35,11,0,55,0,2,30,0,32,9,37,41,0,87,6,0,6,93
08/07/2012,ATW,WI,AGL,CE,Federal Contract Tower,7,34,14,0,55,0,1,45,0,46,7,35,59,0,101,50,0,50,151
08/08/2012,ATW,WI,AGL,CE,Federal Contract Tower,7,33,25,0,65,0,0,34,0,34,7,33,59,0,99,44,0,44,143
08/09/2012,ATW,WI,AGL,CE,Federal Contract Tower,8,38,29,0,75,0,0,0,0,0,8,38,29,0,75,0,0,0,75
08/10/2012,ATW,WI,AGL,CE,Federal Contract Tower,7,29,19,0,55,0,2,28,2,32,7,31,47,2,87,14,0,14,101
08/11/2012,ATW,WI,AGL,CE,Federal Contract Tower,2,19,5,0,26,0,0,24,0,24,2,19,29,0,50,36,0,36,86
08/12/2012,ATW,WI,AGL,CE,Federal Contract Tower,5,29,8,0,42,0,1,36,0,37,5,30,44,0,79,26,0,26,105
08/13/2012,ATW,WI,AGL,CE,Federal Contract Tower,7,31,16,0,54,0,2,28,0,30,7,33,44,0,84,64,0,64,148
08/14/2012,ATW,WI,AGL,CE,Federal Contract Tower,6,31,20,0,57,0,0,35,0,35,6,31,55,0,92,64,0,64,156
08/15/2012,ATW,WI,AGL,CE,Federal Contract Tower,8,34,24,0,66,0,0,22,0,22,8,34,46,0,88,14,0,14,102
08/16/2012,ATW,WI,AGL,CE,Federal Contract Tower,8,29,24,0,61,0,0,6,0,6,8,29,30,0,67,0,0,0,67
08/17/2012,ATW,WI,AGL,CE,Federal Contract Tower,8,35,19,0,62,0,0,45,0,45,8,35,64,0,107,60,0,60,167
08/18/2012,ATW,WI,AGL,CE,Federal Contract Tower,3,19,14,0,36,0,0,65,0,65,3,19,79,0,101,34,0,34,135
08/19/2012,ATW,WI,AGL,CE,Federal Contract Tower,6,23,12,0,41,0,0,24,0,24,6,23,36,0,65,10,0,10,75
08/20/2012,ATW,WI,AGL,CE,Federal Contract Tower,7,34,17,0,58,0,1,39,0,40,7,35,56,0,98,34,0,34,132
08/21/2012,ATW,WI,AGL,CE,Federal Contract Tower,6,40,17,0,63,0,0,41,0,41,6,40,58,0,104,20,0,20,124
08/22/2012,ATW,WI,AGL,CE,Federal Contract Tower,6,34,17,2,59,0,0,62,0,62,6,34,79,2,121,120,16,136,257
08/23/2012,ATW,WI,AGL,CE,Federal Contract Tower,8,34,28,0,70,0,2,32,0,34,8,36,60,0,104,16,0,16,120
08/24/2012,ATW,WI,AGL,CE,Federal Contract Tower,8,32,17,0,57,0,0,33,0,33,8,32,50,0,90,20,0,20,110
08/25/2012,ATW,WI,AGL,CE,Federal Contract Tower,3,20,7,0,30,0,0,40,0,40,3,20,47,0,70,46,0,46,116
08/26/2012,ATW,WI,AGL,CE,Federal Contract Tower,4,28,7,0,39,0,0,0,0,0,4,28,7,0,39,0,0,0,39
08/27/2012,ATW,WI,AGL,CE,Federal Contract Tower,7,31,2,0,40,0,0,46,0,46,7,31,48,0,86,74,0,74,160
08/28/2012,ATW,WI,AGL,CE,Federal Contract Tower,6,34,27,0,67,0,0,46,0,46,6,34,73,0,113,46,0,46,159
08/29/2012,ATW,WI,AGL,CE,Federal Contract Tower,6,39,15,0,60,0,0,33,0,33,6,39,48,0,93,24,0,24,117
08/30/2012,ATW,WI,AGL,CE,Federal Contract Tower,8,37,17,0,62,0,0,16,0,16,8,37,33,0,78,0,0,0,78
08/31/2012,ATW,WI,AGL,CE,Federal Contract Tower,8,32,14,0,54,0,0,35,0,35,8,32,49,0,89,32,0,32,121
09/01/2012,ATW,WI,AGL,CE,Federal Contract Tower,3,17,11,0,31,0,0,36,0,36,3,17,47,0,67,16,0,16,83
09/02/2012,ATW,WI,AGL,CE,Federal Contract Tower,4,12,1,0,17,0,0,17,0,17,4,12,18,0,34,0,0,0,34
09/03/2012,ATW,WI,AGL,CE,Federal Contract Tower,4,24,6,0,34,0,0,11,0,11,4,24,17,0,45,6,0,6,51
09/04/2012,ATW,WI,AGL,CE,Federal Contract Tower,4,34,20,3,61,0,0,14,0,14,4,34,34,3,75,28,0,28,103
09/05/2012,ATW,WI,AGL,CE,Federal Contract Tower,7,30,27,0,64,0,0,28,0,28,7,30,55,0,92,62,0,62,154
09/06/2012,ATW,WI,AGL,CE,Federal Contract Tower,9,31,34,0,74,0,0,35,0,35,9,31,69,0,109,20,2,22,131
09/07/2012,ATW,WI,AGL,CE,Federal Contract Tower,11,27,26,0,64,0,0,8,0,8,11,27,34,0,72,8,0,8,80
09/08/2012,ATW,WI,AGL,CE,Federal Contract Tower,5,14,19,2,40,0,0,22,0,22,5,14,41,2,62,4,0,4,66
09/09/2012,ATW,WI,AGL,CE,Federal Contract Tower,4,23,6,0,33,0,1,25,0,26,4,24,31,0,59,24,0,24,83
09/10/2012,ATW,WI,AGL,CE,Federal Contract Tower,9,27,12,0,48,0,1,20,0,21,9,28,32,0,69,34,0,34,103
09/11/2012,ATW,WI,AGL,CE,Federal Contract Tower,8,34,26,0,68,0,0,26,0,26,8,34,52,0,94,10,0,10,104
09/12/2012,ATW,WI,AGL,CE,Federal Contract Tower,8,36,27,0,71,0,0,33,0,33,8,36,60,0,104,24,0,24,128
09/13/2012,ATW,WI,AGL,CE,Federal Contract Tower,12,34,33,1,80,0,0,18,0,18,12,34,51,1,98,6,0,6,104
09/14/2012,ATW,WI,AGL,CE,Federal Contract Tower,12,35,16,1,64,0,1,44,0,45,12,36,60,1,109,38,0,38,147
09/15/2012,ATW,WI,AGL,CE,Federal Contract Tower,6,15,7,0,28,0,0,38,0,38,6,15,45,0,66,36,0,36,102
09/16/2012,ATW,WI,AGL,CE,Federal Contract Tower,6,23,8,0,37,0,4,20,0,24,6,27,28,0,61,14,0,14,75
09/17/2012,ATW,WI,AGL,CE,Federal Contract Tower,11,39,23,0,73,0,0,10,0,10,11,39,33,0,83,6,0,6,89
09/18/2012,ATW,WI,AGL,CE,Federal Contract Tower,8,31,20,0,59,0,0,11,0,11,8,31,31,0,70,16,0,16,86
09/19/2012,ATW,WI,AGL,CE,Federal Contract Tower,8,32,23,0,63,0,0,5,0,5,8,32,28,0,68,16,0,16,84
09/20/2012,ATW,WI,AGL,CE,Federal Contract Tower,10,35,25,0,70,0,0,17,0,17,10,35,42,0,87,0,0,0,87
09/21/2012,ATW,WI,AGL,CE,Federal Contract Tower,10,30,13,0,53,0,4,16,0,20,10,34,29,0,73,26,0,26,99
09/22/2012,ATW,WI,AGL,CE,Federal Contract Tower,5,17,6,0,28,0,0,5,0,5,5,17,11,0,33,38,0,38,71
09/23/2012,ATW,WI,AGL,CE,Federal Contract Tower,6,21,7,0,34,0,4,26,0,30,6,25,33,0,64,20,0,20,84
09/24/2012,ATW,WI,AGL,CE,Federal Contract Tower,11,33,10,4,58,0,0,21,0,21,11,33,31,4,79,2,0,2,81
09/25/2012,ATW,WI,AGL,CE,Federal Contract Tower,8,37,23,0,68,0,0,39,0,39,8,37,62,0,107,6,0,6,113
09/26/2012,ATW,WI,AGL,CE,Federal Contract Tower,8,32,29,0,69,0,0,32,0,32,8,32,61,0,101,50,0,50,151
09/27/2012,ATW,WI,AGL,CE,Federal Contract Tower,10,34,28,0,72,0,0,23,0,23,10,34,51,0,95,38,0,38,133
09/28/2012,ATW,WI,AGL,CE,Federal Contract Tower,10,31,18,2,61,0,0,37,0,37,10,31,55,2,98,6,0,6,104
09/29/2012,ATW,WI,AGL,CE,Federal Contract Tower,6,17,5,0,28,0,0,18,0,18,6,17,23,0,46,26,0,26,72
09/30/2012,ATW,WI,AGL,CE,Federal Contract Tower,8,19,12,0,39,0,0,13,0,13,8,19,25,0,52,22,0,22,74
10/01/2012,ATW,WI,AGL,CE,Federal Contract Tower,8,34,31,0,73,0,0,21,0,21,8,34,52,0,94,12,0,12,106
10/02/2012,ATW,WI,AGL,CE,Federal Contract Tower,7,33,9,0,49,0,0,10,0,10,7,33,19,0,59,4,0,4,63
10/03/2012,ATW,WI,AGL,CE,Federal Contract Tower,8,33,21,0,62,0,0,16,0,16,8,33,37,0,78,0,0,0,78
10/04/2012,ATW,WI,AGL,CE,Federal Contract Tower,10,35,13,0,58,0,0,10,0,10,10,35,23,0,68,14,0,14,82
10/05/2012,ATW,WI,AGL,CE,Federal Contract Tower,11,30,8,0,49,0,0,11,0,11,11,30,19,0,60,6,0,6,66
10/06/2012,ATW,WI,AGL,CE,Federal Contract Tower,4,17,9,0,30,0,0,12,0,12,4,17,21,0,42,14,0,14,56
10/07/2012,ATW,WI,AGL,CE,Federal Contract Tower,6,22,6,0,34,0,0,17,0,17,6,22,23,0,51,4,0,4,55
10/08/2012,ATW,WI,AGL,CE,Federal Contract Tower,7,36,17,0,60,0,0,20,0,20,7,36,37,0,80,10,0,10,90
10/09/2012,ATW,WI,AGL,CE,Federal Contract Tower,7,34,10,0,51,0,0,2,0,2,7,34,12,0,53,18,0,18,71
10/10/2012,ATW,WI,AGL,CE,Federal Contract Tower,7,29,22,0,58,0,0,12,0,12,7,29,34,0,70,14,0,14,84
10/11/2012,ATW,WI,AGL,CE,Federal Contract Tower,9,33,18,0,60,0,0,7,0,7,9,33,25,0,67,0,0,0,67
10/12/2012,ATW,WI,AGL,CE,Federal Contract Tower,10,35,8,0,53,0,0,47,0,47,10,35,55,0,100,28,0,28,128
10/13/2012,ATW,WI,AGL,CE,Federal Contract Tower,4,16,4,0,24,0,0,0,0,0,4,16,4,0,24,0,0,0,24
10/14/2012,ATW,WI,AGL,CE,Federal Contract Tower,7,20,5,0,32,0,0,0,0,0,7,20,5,0,32,0,0,0,32
10/15/2012,ATW,WI,AGL,CE,Federal Contract Tower,8,29,17,0,54,0,0,37,0,37,8,29,54,0,91,38,0,38,129
10/16/2012,ATW,WI,AGL,CE,Federal Contract Tower,8,30,14,0,52,0,0,15,0,15,8,30,29,0,67,16,0,16,83
10/17/2012,ATW,WI,AGL,CE,Federal Contract Tower,8,36,21,0,65,0,0,11,0,11,8,36,32,0,76,0,0,0,76
10/18/2012,ATW,WI,AGL,CE,Federal Contract Tower,13,37,25,0,75,0,0,0,0,0,13,37,25,0,75,6,0,6,81
10/19/2012,ATW,WI,AGL,CE,Federal Contract Tower,10,32,13,0,55,0,0,2,0,2,10,32,15,0,57,0,0,0,57
10/20/2012,ATW,WI,AGL,CE,Federal Contract Tower,4,15,13,0,32,0,0,21,0,21,4,15,34,0,53,0,0,0,53
10/21/2012,ATW,WI,AGL,CE,Federal Contract Tower,7,21,21,0,49,0,0,42,0,42,7,21,63,0,91,18,0,18,109
10/22/2012,ATW,WI,AGL,CE,Federal Contract Tower,9,26,13,0,48,0,0,4,0,4,9,26,17,0,52,16,0,16,68
10/23/2012,ATW,WI,AGL,CE,Federal Contract Tower,6,40,10,0,56,0,0,0,0,0,6,40,10,0,56,0,0,0,56
10/24/2012,ATW,WI,AGL,CE,Federal Contract Tower,5,38,27,2,72,0,0,2,0,2,5,38,29,2,74,16,0,16,90
10/25/2012,ATW,WI,AGL,CE,Federal Contract Tower,9,30,20,1,60,0,0,2,0,2,9,30,22,1,62,2,0,2,64
10/26/2012,ATW,WI,AGL,CE,Federal Contract Tower,10,31,23,0,64,0,0,23,0,23,10,31,46,0,87,24,0,24,111
10/27/2012,ATW,WI,AGL,CE,Federal Contract Tower,6,14,9,0,29,0,0,22,0,22,6,14,31,0,51,4,0,4,55
10/28/2012,ATW,WI,AGL,CE,Federal Contract Tower,6,19,7,0,32,0,0,17,0,17,6,19,24,0,49,12,0,12,61
10/29/2012,ATW,WI,AGL,CE,Federal Contract Tower,12,32,28,0,72,0,0,27,0,27,12,32,55,0,99,34,0,34,133
10/30/2012,ATW,WI,AGL,CE,Federal Contract Tower,8,31,9,0,48,0,0,2,0,2,8,31,11,0,50,0,0,0,50
10/31/2012,ATW,WI,AGL,CE,Federal Contract Tower,5,29,25,0,59,0,0,11,0,11,5,29,36,0,70,10,4,14,84
11/01/2012,ATW,WI,AGL,CE,Federal Contract Tower,9,36,25,0,70,0,0,14,4,18,9,36,39,4,88,0,0,0,88
11/02/2012,ATW,WI,AGL,CE,Federal Contract Tower,10,31,25,0,66,0,0,47,0,47,10,31,72,0,113,40,0,40,153
11/03/2012,ATW,WI,AGL,CE,Federal Contract Tower,6,15,13,0,34,0,3,17,0,20,6,18,30,0,54,20,0,20,74
11/04/2012,ATW,WI,AGL,CE,Federal Contract Tower,5,24,10,0,39,0,0,22,0,22,5,24,32,0,61,48,0,48,109
11/05/2012,ATW,WI,AGL,CE,Federal Contract Tower,7,32,30,0,69,0,0,13,0,13,7,32,43,0,82,2,0,2,84
11/06/2012,ATW,WI,AGL,CE,Federal Contract Tower,6,32,20,0,58,0,0,0,0,0,6,32,20,0,58,0,0,0,58
11/07/2012,ATW,WI,AGL,CE,Federal Contract Tower,5,34,22,0,61,0,0,2,0,2,5,34,24,0,63,4,0,4,67
11/08/2012,ATW,WI,AGL,CE,Federal Contract Tower,8,36,22,0,66,0,0,18,2,20,8,36,40,2,86,16,0,16,102
11/09/2012,ATW,WI,AGL,CE,Federal Contract Tower,10,33,19,0,62,0,0,9,0,9,10,33,28,0,71,2,0,2,73
11/10/2012,ATW,WI,AGL,CE,Federal Contract Tower,3,16,2,0,21,0,0,9,0,9,3,16,11,0,30,10,0,10,40
11/11/2012,ATW,WI,AGL,CE,Federal Contract Tower,5,22,2,0,29,0,0,6,0,6,5,22,8,0,35,0,0,0,35
11/12/2012,ATW,WI,AGL,CE,Federal Contract Tower,8,37,19,0,64,0,0,3,0,3,8,37,22,0,67,8,0,8,75
11/13/2012,ATW,WI,AGL,CE,Federal Contract Tower,5,36,24,0,65,0,0,38,0,38,5,36,62,0,103,34,0,34,137
11/14/2012,ATW,WI,AGL,CE,Federal Contract Tower,6,38,21,0,65,0,0,19,0,19,6,38,40,0,84,12,0,12,96
11/15/2012,ATW,WI,AGL,CE,Federal Contract Tower,7,36,22,2,67,0,0,22,0,22,7,36,44,2,89,18,0,18,107
11/16/2012,ATW,WI,AGL,CE,Federal Contract Tower,10,42,24,0,76,0,0,11,0,11,10,42,35,0,87,24,0,24,111
11/17/2012,ATW,WI,AGL,CE,Federal Contract Tower,3,17,6,0,26,0,0,12,0,12,3,17,18,0,38,16,0,16,54
11/18/2012,ATW,WI,AGL,CE,Federal Contract Tower,5,26,13,0,44,0,0,18,0,18,5,26,31,0,62,12,0,12,74
11/19/2012,ATW,WI,AGL,CE,Federal Contract Tower,7,24,7,0,38,0,0,1,0,1,7,24,8,0,39,0,0,0,39
11/20/2012,ATW,WI,AGL,CE,Federal Contract Tower,8,31,9,0,48,0,0,21,0,21,8,31,30,0,69,40,0,40,109
11/21/2012,ATW,WI,AGL,CE,Federal Contract Tower,7,40,9,0,56,0,0,17,0,17,7,40,26,0,73,12,0,12,85
11/22/2012,ATW,WI,AGL,CE,Federal Contract Tower,2,16,2,0,20,0,0,9,0,9,2,16,11,0,29,6,0,6,35
11/23/2012,ATW,WI,AGL,CE,Federal Contract Tower,4,18,4,0,26,0,0,0,0,0,4,18,4,0,26,0,0,0,26
11/24/2012,ATW,WI,AGL,CE,Federal Contract Tower,11,22,6,0,39,0,0,21,0,21,11,22,27,0,60,18,0,18,78
11/25/2012,ATW,WI,AGL,CE,Federal Contract Tower,6,33,15,0,54,0,0,9,0,9,6,33,24,0,63,0,0,0,63
11/26/2012,ATW,WI,AGL,CE,Federal Contract Tower,5,33,19,0,57,0,0,16,0,16,5,33,35,0,73,6,0,6,79
11/27/2012,ATW,WI,AGL,CE,Federal Contract Tower,6,29,22,0,57,0,0,10,0,10,6,29,32,0,67,22,0,22,89
11/28/2012,ATW,WI,AGL,CE,Federal Contract Tower,6,28,26,0,60,0,0,33,0,33,6,28,59,0,93,20,2,22,115
11/29/2012,ATW,WI,AGL,CE,Federal Contract Tower,8,38,18,0,64,0,0,19,0,19,8,38,37,0,83,4,0,4,87
11/30/2012,ATW,WI,AGL,CE,Federal Contract Tower,10,28,9,0,47,0,0,2,0,2,10,28,11,0,49,2,0,2,51
12/01/2012,ATW,WI,AGL,CE,Federal Contract Tower,5,16,7,0,28,0,0,0,0,0,5,16,7,0,28,0,0,0,28
12/02/2012,ATW,WI,AGL,CE,Federal Contract Tower,4,24,5,0,33,0,0,2,2,4,4,24,7,2,37,0,0,0,37
12/03/2012,ATW,WI,AGL,CE,Federal Contract Tower,8,22,8,0,38,0,0,0,0,0,8,22,8,0,38,0,0,0,38
12/04/2012,ATW,WI,AGL,CE,Federal Contract Tower,6,31,18,1,56,0,0,4,1,5,6,31,22,2,61,0,0,0,61
12/05/2012,ATW,WI,AGL,CE,Federal Contract Tower,6,32,19,0,57,0,2,23,2,27,6,34,42,2,84,14,0,14,98
12/06/2012,ATW,WI,AGL,CE,Federal Contract Tower,6,33,21,0,60,0,2,1,0,3,6,35,22,0,63,0,0,0,63
12/07/2012,ATW,WI,AGL,CE,Federal Contract Tower,10,32,12,0,54,0,0,22,1,23,10,32,34,1,77,30,2,32,109
12/08/2012,ATW,WI,AGL,CE,Federal Contract Tower,5,18,27,0,50,0,0,47,0,47,5,18,74,0,97,20,0,20,117
12/09/2012,ATW,WI,AGL,CE,Federal Contract Tower,4,20,7,0,31,0,0,0,0,0,4,20,7,0,31,0,0,0,31
12/10/2012,ATW,WI,AGL,CE,Federal Contract Tower,9,28,21,0,58,0,0,2,0,2,9,28,23,0,60,0,0,0,60
12/11/2012,ATW,WI,AGL,CE,Federal Contract Tower,6,32,30,0,68,0,0,4,0,4,6,32,34,0,72,2,0,2,74
12/12/2012,ATW,WI,AGL,CE,Federal Contract Tower,6,32,21,1,60,0,0,12,0,12,6,32,33,1,72,12,0,12,84
12/13/2012,ATW,WI,AGL,CE,Federal Contract Tower,8,32,18,0,58,0,0,18,0,18,8,32,36,0,76,24,0,24,100
12/14/2012,ATW,WI,AGL,CE,Federal Contract Tower,10,34,15,0,59,0,0,22,0,22,10,34,37,0,81,14,0,14,95
12/15/2012,ATW,WI,AGL,CE,Federal Contract Tower,3,18,2,0,23,0,0,0,0,0,3,18,2,0,23,0,0,0,23
12/16/2012,ATW,WI,AGL,CE,Federal Contract Tower,6,17,5,0,28,0,0,0,0,0,6,17,5,0,28,0,0,0,28
12/17/2012,ATW,WI,AGL,CE,Federal Contract Tower,9,27,18,1,55,0,0,8,0,8,9,27,26,1,63,28,0,28,91
12/18/2012,ATW,WI,AGL,CE,Federal Contract Tower,6,34,17,0,57,0,0,16,0,16,6,34,33,0,73,28,0,28,101
12/19/2012,ATW,WI,AGL,CE,Federal Contract Tower,5,33,14,0,52,0,0,11,0,11,5,33,25,0,63,20,0,20,83
12/20/2012,ATW,WI,AGL,CE,Federal Contract Tower,4,2,0,0,6,0,0,0,0,0,4,2,0,0,6,0,0,0,6
12/21/2012,ATW,WI,AGL,CE,Federal Contract Tower,9,21,19,0,49,0,0,0,0,0,9,21,19,0,49,0,0,0,49
12/22/2012,ATW,WI,AGL,CE,Federal Contract Tower,5,19,6,0,30,0,0,24,0,24,5,19,30,0,54,8,0,8,62
12/23/2012,ATW,WI,AGL,CE,Federal Contract Tower,6,14,1,0,21,0,0,2,0,2,6,14,3,0,23,0,0,0,23
12/24/2012,ATW,WI,AGL,CE,Federal Contract Tower,9,16,2,0,27,0,0,3,0,3,9,16,5,0,30,0,0,0,30
12/25/2012,ATW,WI,AGL,CE,Federal Contract Tower,2,12,1,0,15,0,0,0,0,0,2,12,1,0,15,0,0,0,15
12/26/2012,ATW,WI,AGL,CE,Federal Contract Tower,6,21,10,0,37,0,0,7,0,7,6,21,17,0,44,0,0,0,44
12/27/2012,ATW,WI,AGL,CE,Federal Contract Tower,8,24,10,0,42,0,2,19,3,24,8,26,29,3,66,30,4,34,100
12/28/2012,ATW,WI,AGL,CE,Federal Contract Tower,10,23,6,0,39,0,0,0,0,0,10,23,6,0,39,0,0,0,39
12/29/2012,ATW,WI,AGL,CE,Federal Contract Tower,2,14,2,0,18,0,0,0,0,0,2,14,2,0,18,0,0,0,18
12/30/2012,ATW,WI,AGL,CE,Federal Contract Tower,6,13,2,0,21,0,0,16,0,16,6,13,18,0,37,6,0,6,43
12/31/2012,ATW,WI,AGL,CE,Federal Contract Tower,9,17,4,0,30,0,0,9,0,9,9,17,13,0,39,6,0,6,45
01/01/2013,ATW,WI,AGL,CE,Federal Contract Tower,1,20,5,0,26,0,0,7,0,7,1,20,12,0,33,2,0,2,35
01/02/2013,ATW,WI,AGL,CE,Federal Contract Tower,6,25,9,1,41,0,0,10,0,10,6,25,19,1,51,0,0,0,51
01/03/2013,ATW,WI,AGL,CE,Federal Contract Tower,8,31,15,0,54,0,0,2,0,2,8,31,17,0,56,4,0,4,60
01/04/2013,ATW,WI,AGL,CE,Federal Contract Tower,12,28,3,4,47,0,0,20,2,22,12,28,23,6,69,24,2,26,95
01/05/2013,ATW,WI,AGL,CE,Federal Contract Tower,3,15,4,0,22,0,0,13,0,13,3,15,17,0,35,30,0,30,65
01/06/2013,ATW,WI,AGL,CE,Federal Contract Tower,6,22,9,0,37,0,0,16,0,16,6,22,25,0,53,22,0,22,75
01/07/2013,ATW,WI,AGL,CE,Federal Contract Tower,9,30,13,0,52,0,0,4,0,4,9,30,17,0,56,4,0,4,60
01/08/2013,ATW,WI,AGL,CE,Federal Contract Tower,4,33,23,0,60,0,0,10,1,11,4,33,33,1,71,2,0,2,73
01/09/2013,ATW,WI,AGL,CE,Federal Contract Tower,7,28,15,0,50,0,0,16,0,16,7,28,31,0,66,14,0,14,80
01/10/2013,ATW,WI,AGL,CE,Federal Contract Tower,8,31,23,0,62,0,0,20,0,20,8,31,43,0,82,42,0,42,124
01/11/2013,ATW,WI,AGL,CE,Federal Contract Tower,7,18,13,0,38,0,0,0,0,0,7,18,13,0,38,0,0,0,38
01/12/2013,ATW,WI,AGL,CE,Federal Contract Tower,3,16,8,0,27,0,0,3,0,3,3,16,11,0,30,0,0,0,30
01/13/2013,ATW,WI,AGL,CE,Federal Contract Tower,8,20,2,0,30,0,0,5,0,5,8,20,7,0,35,4,0,4,39
01/14/2013,ATW,WI,AGL,CE,Federal Contract Tower,9,26,27,0,62,0,0,15,0,15,9,26,42,0,77,2,0,2,79
01/15/2013,ATW,WI,AGL,CE,Federal Contract Tower,6,25,11,2,44,0,0,19,0,19,6,25,30,2,63,22,0,22,85
01/16/2013,ATW,WI,AGL,CE,Federal Contract Tower,8,24,13,0,45,0,0,1,0,1,8,24,14,0,46,0,0,0,46
01/17/2013,ATW,WI,AGL,CE,Federal Contract Tower,7,28,24,2,61,0,0,15,2,17,7,28,39,4,78,4,2,6,84
01/18/2013,ATW,WI,AGL,CE,Federal Contract Tower,12,27,15,1,55,0,0,9,0,9,12,27,24,1,64,4,0,4,68
01/19/2013,ATW,WI,AGL,CE,Federal Contract Tower,3,14,6,0,23,0,0,4,0,4,3,14,10,0,27,6,0,6,33
01/20/2013,ATW,WI,AGL,CE,Federal Contract Tower,6,17,4,0,27,0,0,4,0,4,6,17,8,0,31,0,0,0,31
01/21/2013,ATW,WI,AGL,CE,Federal Contract Tower,9,27,14,0,50,0,2,0,0,2,9,29,14,0,52,0,0,0,52
01/22/2013,ATW,WI,AGL,CE,Federal Contract Tower,6,28,12,0,46,0,0,0,0,0,6,28,12,0,46,0,0,0,46
01/23/2013,ATW,WI,AGL,CE,Federal Contract Tower,6,33,17,0,56,0,0,4,0,4,6,33,21,0,60,10,0,10,70
01/24/2013,ATW,WI,AGL,CE,Federal Contract Tower,8,30,30,0,68,0,0,24,0,24,8,30,54,0,92,20,0,20,112
01/25/2013,ATW,WI,AGL,CE,Federal Contract Tower,11,28,12,0,51,0,0,0,0,0,11,28,12,0,51,0,0,0,51
01/26/2013,ATW,WI,AGL,CE,Federal Contract Tower,4,15,4,0,23,0,0,54,0,54,4,15,58,0,77,90,0,90,167
01/27/2013,ATW,WI,AGL,CE,Federal Contract Tower,4,18,3,0,25,0,0,2,1,3,4,18,5,1,28,2,0,2,30
01/28/2013,ATW,WI,AGL,CE,Federal Contract Tower,7,19,16,0,42,0,0,0,0,0,7,19,16,0,42,0,0,0,42
01/29/2013,ATW,WI,AGL,CE,Federal Contract Tower,5,10,18,0,33,0,0,0,0,0,5,10,18,0,33,0,0,0,33
01/30/2013,ATW,WI,AGL,CE,Federal Contract Tower,4,6,9,0,19,0,0,0,0,0,4,6,9,0,19,0,0,0,19
01/31/2013,ATW,WI,AGL,CE,Federal Contract Tower,10,31,20,0,61,0,0,3,0,3,10,31,23,0,64,2,0,2,66
02/01/2013,ATW,WI,AGL,CE,Federal Contract Tower,10,28,11,0,49,0,0,8,0,8,10,28,19,0,57,2,0,2,59
02/02/2013,ATW,WI,AGL,CE,Federal Contract Tower,3,14,7,0,24,0,0,13,0,13,3,14,20,0,37,4,0,4,41
02/03/2013,ATW,WI,AGL,CE,Federal Contract Tower,3,16,2,0,21,0,1,10,0,11,3,17,12,0,32,12,0,12,44
02/04/2013,ATW,WI,AGL,CE,Federal Contract Tower,9,30,21,0,60,0,0,19,0,19,9,30,40,0,79,14,0,14,93
02/05/2013,ATW,WI,AGL,CE,Federal Contract Tower,6,25,20,0,51,0,0,1,0,1,6,25,21,0,52,0,0,0,52
02/06/2013,ATW,WI,AGL,CE,Federal Contract Tower,6,31,24,0,61,0,0,17,1,18,6,31,41,1,79,6,0,6,85
02/07/2013,ATW,WI,AGL,CE,Federal Contract Tower,8,24,11,0,43,0,0,0,0,0,8,24,11,0,43,0,0,0,43
02/08/2013,ATW,WI,AGL,CE,Federal Contract Tower,10,28,25,2,65,0,0,20,0,20,10,28,45,2,85,26,0,26,111
02/09/2013,ATW,WI,AGL,CE,Federal Contract Tower,3,15,7,1,26,0,2,1,0,3,3,17,8,1,29,4,0,4,33
02/10/2013,ATW,WI,AGL,CE,Federal Contract Tower,4,23,3,0,30,0,0,0,0,0,4,23,3,0,30,0,0,0,30
02/11/2013,ATW,WI,AGL,CE,Federal Contract Tower,9,30,11,0,50,0,0,0,0,0,9,30,11,0,50,0,0,0,50
02/12/2013,ATW,WI,AGL,CE,Federal Contract Tower,6,30,16,0,52,0,0,14,0,14,6,30,30,0,66,10,0,10,76
02/13/2013,ATW,WI,AGL,CE,Federal Contract Tower,6,26,15,0,47,0,0,43,0,43,6,26,58,0,90,72,0,72,162
02/14/2013,ATW,WI,AGL,CE,Federal Contract Tower,8,29,10,0,47,0,0,0,0,0,8,29,10,0,47,0,0,0,47
02/15/2013,ATW,WI,AGL,CE,Federal Contract Tower,10,30,16,0,56,0,0,25,2,27,10,30,41,2,83,16,2,18,101
02/16/2013,ATW,WI,AGL,CE,Federal Contract Tower,3,17,2,0,22,0,0,33,0,33,3,17,35,0,55,2,0,2,57
02/17/2013,ATW,WI,AGL,CE,Federal Contract Tower,5,21,2,0,28,0,0,28,0,28,5,21,30,0,56,34,0,34,90
02/18/2013,ATW,WI,AGL,CE,Federal Contract Tower,9,26,22,0,57,0,0,9,0,9,9,26,31,0,66,14,0,14,80
02/19/2013,ATW,WI,AGL,CE,Federal Contract Tower,6,25,12,3,46,0,0,0,0,0,6,25,12,3,46,0,0,0,46
02/20/2013,ATW,WI,AGL,CE,Federal Contract Tower,8,27,19,0,54,4,1,14,0,19,12,28,33,0,73,26,0,26,99
02/21/2013,ATW,WI,AGL,CE,Federal Contract Tower,7,26,31,0,64,0,0,0,0,0,7,26,31,0,64,0,0,0,64
02/22/2013,ATW,WI,AGL,CE,Federal Contract Tower,10,27,1,0,38,0,0,0,0,0,10,27,1,0,38,0,0,0,38
02/23/2013,ATW,WI,AGL,CE,Federal Contract Tower,1,18,5,0,24,0,0,3,0,3,1,18,8,0,27,0,0,0,27
02/24/2013,ATW,WI,AGL,CE,Federal Contract Tower,4,23,11,0,38,0,0,11,0,11,4,23,22,0,49,40,0,40,89
02/25/2013,ATW,WI,AGL,CE,Federal Contract Tower,9,32,14,0,55,0,0,8,0,8,9,32,22,0,63,20,0,20,83
02/26/2013,ATW,WI,AGL,CE,Federal Contract Tower,6,26,10,1,43,0,0,5,2,7,6,26,15,3,50,4,0,4,54
02/27/2013,ATW,WI,AGL,CE,Federal Contract Tower,8,29,15,0,52,0,0,0,0,0,8,29,15,0,52,0,0,0,52
02/28/2013,ATW,WI,AGL,CE,Federal Contract Tower,10,29,27,0,66,0,0,0,0,0,10,29,27,0,66,0,0,0,66
03/01/2013,ATW,WI,AGL,CE,Federal Contract Tower,11,28,13,0,52,0,0,14,0,14,11,28,27,0,66,12,0,12,78
03/02/2013,ATW,WI,AGL,CE,Federal Contract Tower,5,14,13,0,32,0,0,38,0,38,5,14,51,0,70,28,0,28,98
03/03/2013,ATW,WI,AGL,CE,Federal Contract Tower,8,25,5,0,38,0,0,38,0,38,8,25,43,0,76,20,0,20,96
03/04/2013,ATW,WI,AGL,CE,Federal Contract Tower,9,26,14,0,49,0,0,13,0,13,9,26,27,0,62,20,0,20,82
03/05/2013,ATW,WI,AGL,CE,Federal Contract Tower,6,19,13,0,38,0,0,0,0,0,6,19,13,0,38,0,0,0,38
03/06/2013,ATW,WI,AGL,CE,Federal Contract Tower,8,34,31,0,73,0,0,6,0,6,8,34,37,0,79,60,0,60,139
03/07/2013,ATW,WI,AGL,CE,Federal Contract Tower,10,29,9,0,48,0,0,34,0,34,10,29,43,0,82,40,0,40,122
03/08/2013,ATW,WI,AGL,CE,Federal Contract Tower,10,31,26,0,67,0,0,28,0,28,10,31,54,0,95,30,0,30,125
03/09/2013,ATW,WI,AGL,CE,Federal Contract Tower,5,15,8,0,28,0,0,2,0,2,5,15,10,0,30,0,0,0,30
03/10/2013,ATW,WI,AGL,CE,Federal Contract Tower,10,18,6,0,34,0,0,0,0,0,10,18,6,0,34,0,0,0,34
03/11/2013,ATW,WI,AGL,CE,Federal Contract Tower,9,27,13,0,49,0,0,0,0,0,9,27,13,0,49,0,0,0,49
03/12/2013,ATW,WI,AGL,CE,Federal Contract Tower,6,30,22,0,58,0,0,6,0,6,6,30,28,0,64,0,0,0,64
03/13/2013,ATW,WI,AGL,CE,Federal Contract Tower,8,31,17,0,56,0,0,34,0,34,8,31,51,0,90,64,0,64,154
03/14/2013,ATW,WI,AGL,CE,Federal Contract Tower,9,31,26,0,66,0,0,51,0,51,9,31,77,0,117,22,0,22,139
03/15/2013,ATW,WI,AGL,CE,Federal Contract Tower,10,30,3,0,43,0,0,1,0,1,10,30,4,0,44,0,0,0,44
03/16/2013,ATW,WI,AGL,CE,Federal Contract Tower,5,18,6,0,29,0,0,14,0,14,5,18,20,0,43,40,0,40,83
03/17/2013,ATW,WI,AGL,CE,Federal Contract Tower,7,24,8,0,39,0,0,44,0,44,7,24,52,0,83,78,0,78,161
03/18/2013,ATW,WI,AGL,CE,Federal Contract Tower,9,33,10,0,52,0,4,0,0,4,9,37,10,0,56,0,0,0,56
03/19/2013,ATW,WI,AGL,CE,Federal Contract Tower,8,37,24,0,69,0,0,24,0,24,8,37,48,0,93,50,0,50,143
03/20/2013,ATW,WI,AGL,CE,Federal Contract Tower,8,34,25,0,67,0,0,20,0,20,8,34,45,0,87,4,0,4,91
03/21/2013,ATW,WI,AGL,CE,Federal Contract Tower,10,33,22,0,65,0,1,22,0,23,10,34,44,0,88,56,0,56,144
03/22/2013,ATW,WI,AGL,CE,Federal Contract Tower,12,41,18,0,71,0,0,33,0,33,12,41,51,0,104,36,0,36,140
03/23/2013,ATW,WI,AGL,CE,Federal Contract Tower,5,14,11,0,30,0,0,30,0,30,5,14,41,0,60,46,0,46,106
03/24/2013,ATW,WI,AGL,CE,Federal Contract Tower,8,27,12,0,47,0,0,1,0,1,8,27,13,0,48,0,0,0,48
03/25/2013,ATW,WI,AGL,CE,Federal Contract Tower,9,31,13,0,53,0,0,22,0,22,9,31,35,0,75,20,0,20,95
03/26/2013,ATW,WI,AGL,CE,Federal Contract Tower,6,30,17,4,57,0,0,18,0,18,6,30,35,4,75,18,0,18,93
03/27/2013,ATW,WI,AGL,CE,Federal Contract Tower,8,33,25,0,66,0,0,32,0,32,8,33,57,0,98,38,0,38,136
03/28/2013,ATW,WI,AGL,CE,Federal Contract Tower,9,34,28,0,71,0,0,44,0,44,9,34,72,0,115,66,0,66,181
03/29/2013,ATW,WI,AGL,CE,Federal Contract Tower,10,33,12,2,57,0,0,39,0,39,10,33,51,2,96,36,0,36,132
03/30/2013,ATW,WI,AGL,CE,Federal Contract Tower,5,14,8,0,27,0,0,8,0,8,5,14,16,0,35,4,0,4,39
03/31/2013,ATW,WI,AGL,CE,Federal Contract Tower,8,23,6,0,37,0,0,20,0,20,8,23,26,0,57,41,0,41,98
04/01/2013,ATW,WI,AGL,CE,Federal Contract Tower,9,27,20,0,56,0,0,29,0,29,9,27,49,0,85,26,0,26,111
04/02/2013,ATW,WI,AGL,CE,Federal Contract Tower,6,32,18,0,56,0,1,45,0,46,6,33,63,0,102,64,0,64,166
04/03/2013,ATW,WI,AGL,CE,Federal Contract Tower,8,30,18,0,56,0,0,48,2,50,8,30,66,2,106,64,6,70,176
04/04/2013,ATW,WI,AGL,CE,Federal Contract Tower,10,35,24,0,69,0,0,24,0,24,10,35,48,0,93,24,0,24,117
04/05/2013,ATW,WI,AGL,CE,Federal Contract Tower,10,35,15,0,60,0,0,50,0,50,10,35,65,0,110,70,0,70,180
04/06/2013,ATW,WI,AGL,CE,Federal Contract Tower,5,19,2,0,26,0,0,2,0,2,5,19,4,0,28,0,0,0,28
04/07/2013,ATW,WI,AGL,CE,Federal Contract Tower,8,27,3,0,38,0,2,39,0,41,8,29,42,0,79,156,0,156,235
04/08/2013,ATW,WI,AGL,CE,Federal Contract Tower,9,30,25,0,64,0,0,0,0,0,9,30,25,0,64,2,0,2,66
04/09/2013,ATW,WI,AGL,CE,Federal Contract Tower,6,27,14,0,47,0,0,0,0,0,6,27,14,0,47,0,0,0,47
04/10/2013,ATW,WI,AGL,CE,Federal Contract Tower,4,26,19,0,49,0,0,0,0,0,4,26,19,0,49,0,0,0,49
04/11/2013,ATW,WI,AGL,CE,Federal Contract Tower,12,18,14,0,44,0,0,0,0,0,12,18,14,0,44,0,0,0,44
04/12/2013,ATW,WI,AGL,CE,Federal Contract Tower,8,35,9,0,52,0,0,0,0,0,8,35,9,0,52,0,0,0,52
04/13/2013,ATW,WI,AGL,CE,Federal Contract Tower,5,22,1,0,28,0,0,9,0,9,5,22,10,0,37,24,0,24,61
04/14/2013,ATW,WI,AGL,CE,Federal Contract Tower,6,22,5,0,33,0,0,1,0,1,6,22,6,0,34,0,0,0,34
04/15/2013,ATW,WI,AGL,CE,Federal Contract Tower,9,34,24,0,67,0,2,14,0,16,9,36,38,0,83,0,0,0,83
04/16/2013,ATW,WI,AGL,CE,Federal Contract Tower,5,34,20,0,59,0,41,2,0,43,5,75,22,0,102,48,0,48,150
04/17/2013,ATW,WI,AGL,CE,Federal Contract Tower,6,22,6,0,34,0,0,4,0,4,6,22,10,0,38,0,0,0,38
04/18/2013,ATW,WI,AGL,CE,Federal Contract Tower,6,16,17,0,39,0,0,0,0,0,6,16,17,0,39,0,0,0,39
04/19/2013,ATW,WI,AGL,CE,Federal Contract Tower,8,30,11,0,49,0,0,0,0,0,8,30,11,0,49,0,0,0,49
04/20/2013,ATW,WI,AGL,CE,Federal Contract Tower,7,21,12,0,40,0,1,43,0,44,7,22,55,0,84,60,0,60,144
04/21/2013,ATW,WI,AGL,CE,Federal Contract Tower,2,25,4,0,31,0,0,7,0,7,2,25,11,0,38,0,0,0,38
04/22/2013,ATW,WI,AGL,CE,Federal Contract Tower,7,29,20,0,56,0,0,11,0,11,7,29,31,0,67,0,0,0,67
04/23/2013,ATW,WI,AGL,CE,Federal Contract Tower,6,27,13,0,46,0,0,2,0,2,6,27,15,0,48,0,0,0,48
04/24/2013,ATW,WI,AGL,CE,Federal Contract Tower,6,33,25,0,64,0,0,36,0,36,6,33,61,0,100,10,0,10,110
04/25/2013,ATW,WI,AGL,CE,Federal Contract Tower,6,33,23,0,62,0,0,13,0,13,6,33,36,0,75,26,0,26,101
04/26/2013,ATW,WI,AGL,CE,Federal Contract Tower,8,32,22,0,62,0,0,24,0,24,8,32,46,0,86,6,0,6,92
04/27/2013,ATW,WI,AGL,CE,Federal Contract Tower,7,21,7,0,35,0,0,28,0,28,7,21,35,0,63,34,0,34,97
04/28/2013,ATW,WI,AGL,CE,Federal Contract Tower,4,20,5,0,29,0,0,30,0,30,4,20,35,0,59,64,0,64,123
04/29/2013,ATW,WI,AGL,CE,Federal Contract Tower,7,30,21,0,58,0,0,9,0,9,7,30,30,0,67,28,0,28,95
04/30/2013,ATW,WI,AGL,CE,Federal Contract Tower,6,33,23,0,62,0,0,13,0,13,6,33,36,0,75,4,0,4,79
05/01/2013,ATW,WI,AGL,CE,Federal Contract Tower,6,30,19,0,55,0,0,35,0,35,6,30,54,0,90,10,0,10,100
05/02/2013,ATW,WI,AGL,CE,Federal Contract Tower,5,31,25,0,61,0,0,6,0,6,5,31,31,0,67,4,0,4,71
05/03/2013,ATW,WI,AGL,CE,Federal Contract Tower,8,25,13,0,46,0,0,1,0,1,8,25,14,0,47,0,0,0,47
05/04/2013,ATW,WI,AGL,CE,Federal Contract Tower,7,15,7,0,29,0,0,26,0,26,7,15,33,0,55,18,0,18,73
05/05/2013,ATW,WI,AGL,CE,Federal Contract Tower,5,20,14,0,39,0,0,32,0,32,5,20,46,0,71,10,0,10,81
05/06/2013,ATW,WI,AGL,CE,Federal Contract Tower,7,30,23,0,60,0,0,39,0,39,7,30,62,0,99,14,0,14,113
05/07/2013,ATW,WI,AGL,CE,Federal Contract Tower,6,34,31,0,71,0,0,53,0,53,6,34,84,0,124,96,0,96,220
05/08/2013,ATW,WI,AGL,CE,Federal Contract Tower,6,31,41,0,78,0,0,41,0,41,6,31,82,0,119,60,0,60,179
05/09/2013,ATW,WI,AGL,CE,Federal Contract Tower,6,29,11,0,46,0,0,10,0,10,6,29,21,0,56,12,0,12,68
05/10/2013,ATW,WI,AGL,CE,Federal Contract Tower,9,32,19,0,60,0,1,17,0,18,9,33,36,0,78,12,0,12,90
05/11/2013,ATW,WI,AGL,CE,Federal Contract Tower,7,18,2,0,27,0,0,6,0,6,7,18,8,0,33,0,0,0,33
05/12/2013,ATW,WI,AGL,CE,Federal Contract Tower,4,19,9,0,32,0,0,11,0,11,4,19,20,0,43,8,0,8,51
05/13/2013,ATW,WI,AGL,CE,Federal Contract Tower,7,31,24,0,62,0,0,31,0,31,7,31,55,0,93,88,0,88,181
05/14/2013,ATW,WI,AGL,CE,Federal Contract Tower,8,31,18,0,57,0,2,28,0,30,8,33,46,0,87,54,0,54,141
05/15/2013,ATW,WI,AGL,CE,Federal Contract Tower,6,34,22,0,62,0,1,25,0,26,6,35,47,0,88,16,0,16,104
05/16/2013,ATW,WI,AGL,CE,Federal Contract Tower,6,35,32,0,73,0,1,52,0,53,6,36,84,0,126,38,0,38,164
05/17/2013,ATW,WI,AGL,CE,Federal Contract Tower,8,35,22,0,65,0,3,5,0,8,8,38,27,0,73,10,0,10,83
05/18/2013,ATW,WI,AGL,CE,Federal Contract Tower,7,21,0,0,28,0,0,13,0,13,7,21,13,0,41,58,0,58,99
05/19/2013,ATW,WI,AGL,CE,Federal Contract Tower,3,21,11,0,35,0,0,24,0,24,3,21,35,0,59,26,0,26,85
05/20/2013,ATW,WI,AGL,CE,Federal Contract Tower,7,29,13,0,49,0,0,40,0,40,7,29,53,0,89,36,0,36,125
05/21/2013,ATW,WI,AGL,CE,Federal Contract Tower,6,29,22,1,58,0,2,36,0,38,6,31,58,1,96,38,2,40,136
05/22/2013,ATW,WI,AGL,CE,Federal Contract Tower,10,32,17,0,59,0,0,0,0,0,10,32,17,0,59,0,0,0,59
05/23/2013,ATW,WI,AGL,CE,Federal Contract Tower,8,31,23,0,62,0,0,23,0,23,8,31,46,0,85,16,0,16,101
05/24/2013,ATW,WI,AGL,CE,Federal Contract Tower,10,30,21,0,61,0,3,58,0,61,10,33,79,0,122,30,0,30,152
05/25/2013,ATW,WI,AGL,CE,Federal Contract Tower,7,17,6,0,30,0,0,38,0,38,7,17,44,0,68,16,0,16,84
05/26/2013,ATW,WI,AGL,CE,Federal Contract Tower,4,16,6,0,26,0,0,22,0,22,4,16,28,0,48,52,0,52,100
05/27/2013,ATW,WI,AGL,CE,Federal Contract Tower,8,16,6,0,30,0,0,14,0,14,8,16,20,0,44,6,0,6,50
05/28/2013,ATW,WI,AGL,CE,Federal Contract Tower,7,30,22,2,61,0,0,0,0,0,7,30,22,2,61,0,0,0,61
05/29/2013,ATW,WI,AGL,CE,Federal Contract Tower,7,33,23,0,63,0,0,19,0,19,7,33,42,0,82,26,0,26,108
05/30/2013,ATW,WI,AGL,CE,Federal Contract Tower,6,29,46,1,82,0,0,15,0,15,6,29,61,1,97,4,0,4,101
05/31/2013,ATW,WI,AGL,CE,Federal Contract Tower,10,32,24,0,66,0,0,13,0,13,10,32,37,0,79,34,0,34,113
06/01/2013,ATW,WI,AGL,CE,Federal Contract Tower,7,16,11,0,34,0,0,8,0,8,7,16,19,0,42,0,0,0,42
06/02/2013,ATW,WI,AGL,CE,Federal Contract Tower,3,21,8,0,32,0,1,27,0,28,3,22,35,0,60,4,0,4,64
06/03/2013,ATW,WI,AGL,CE,Federal Contract Tower,8,28,24,2,62,0,0,54,0,54,8,28,78,2,116,66,0,66,182
06/04/2013,ATW,WI,AGL,CE,Federal Contract Tower,6,30,24,0,60,0,0,6,0,6,6,30,30,0,66,4,0,4,70
06/05/2013,ATW,WI,AGL,CE,Federal Contract Tower,4,35,20,0,59,0,0,4,0,4,4,35,24,0,63,2,0,2,65
06/06/2013,ATW,WI,AGL,CE,Federal Contract Tower,9,34,29,0,72,0,0,9,0,9,9,34,38,0,81,4,0,4,85
06/07/2013,ATW,WI,AGL,CE,Federal Contract Tower,9,38,33,0,80,0,1,37,0,38,9,39,70,0,118,22,0,22,140
06/08/2013,ATW,WI,AGL,CE,Federal Contract Tower,4,15,6,0,25,0,0,32,0,32,4,15,38,0,57,18,0,18,75
06/09/2013,ATW,WI,AGL,CE,Federal Contract Tower,8,26,11,0,45,0,0,15,0,15,8,26,26,0,60,10,0,10,70
06/10/2013,ATW,WI,AGL,CE,Federal Contract Tower,7,39,15,0,61,0,0,29,0,29,7,39,44,0,90,30,0,30,120
06/11/2013,ATW,WI,AGL,CE,Federal Contract Tower,6,30,24,0,60,0,2,24,0,26,6,32,48,0,86,30,0,30,116
06/12/2013,ATW,WI,AGL,CE,Federal Contract Tower,8,33,7,0,48,0,0,24,0,24,8,33,31,0,72,4,0,4,76
06/13/2013,ATW,WI,AGL,CE,Federal Contract Tower,10,30,25,0,65,0,0,21,0,21,10,30,46,0,86,14,0,14,100
06/14/2013,ATW,WI,AGL,CE,Federal Contract Tower,6,34,12,0,52,0,0,53,0,53,6,34,65,0,105,18,0,18,123
06/15/2013,ATW,WI,AGL,CE,Federal Contract Tower,5,16,6,0,27,0,2,18,0,20,5,18,24,0,47,0,0,0,47
06/16/2013,ATW,WI,AGL,CE,Federal Contract Tower,6,29,11,0,46,0,3,40,0,43,6,32,51,0,89,6,0,6,95
06/17/2013,ATW,WI,AGL,CE,Federal Contract Tower,8,33,22,0,63,0,0,11,0,11,8,33,33,0,74,0,0,0,74
06/18/2013,ATW,WI,AGL,CE,Federal Contract Tower,5,31,22,0,58,0,3,43,0,46,5,34,65,0,104,32,0,32,136
06/19/2013,ATW,WI,AGL,CE,Federal Contract Tower,5,35,21,0,61,0,3,31,1,35,5,38,52,1,96,26,2,28,124
06/20/2013,ATW,WI,AGL,CE,Federal Contract Tower,14,33,23,0,70,0,5,33,0,38,14,38,56,0,108,36,0,36,144
06/21/2013,ATW,WI,AGL,CE,Federal Contract Tower,8,29,18,0,55,0,1,1,0,2,8,30,19,0,57,0,0,0,57
06/22/2013,ATW,WI,AGL,CE,Federal Contract Tower,5,18,4,0,27,0,0,3,0,3,5,18,7,0,30,10,0,10,40
06/23/2013,ATW,WI,AGL,CE,Federal Contract Tower,8,26,8,0,42,0,0,4,0,4,8,26,12,0,46,0,0,0,46
06/24/2013,ATW,WI,AGL,CE,Federal Contract Tower,5,30,16,0,51,0,0,24,0,24,5,30,40,0,75,0,0,0,75
06/25/2013,ATW,WI,AGL,CE,Federal Contract Tower,6,33,15,0,54,0,0,19,0,19,6,33,34,0,73,30,0,30,103
06/26/2013,ATW,WI,AGL,CE,Federal Contract Tower,6,34,24,0,64,0,8,27,0,35,6,42,51,0,99,30,0,30,129
06/27/2013,ATW,WI,AGL,CE,Federal Contract Tower,10,36,28,0,74,0,0,26,0,26,10,36,54,0,100,34,0,34,134
06/28/2013,ATW,WI,AGL,CE,Federal Contract Tower,9,33,22,0,64,0,0,20,0,20,9,33,42,0,84,10,0,10,94
06/29/2013,ATW,WI,AGL,CE,Federal Contract Tower,4,16,6,0,26,0,0,9,0,9,4,16,15,0,35,0,0,0,35
06/30/2013,ATW,WI,AGL,CE,Federal Contract Tower,6,20,12,0,38,0,0,47,0,47,6,20,59,0,85,44,0,44,129
07/01/2013,ATW,WI,AGL,CE,Federal Contract Tower,7,22,10,0,39,0,0,41,0,41,7,22,51,0,80,16,0,16,96
07/02/2013,ATW,WI,AGL,CE,Federal Contract Tower,3,20,12,0,35,0,0,35,0,35,3,20,47,0,70,52,0,52,122
07/03/2013,ATW,WI,AGL,CE,Federal Contract Tower,6,30,19,0,55,0,0,19,0,19,6,30,38,0,74,22,0,22,96
07/04/2013,ATW,WI,AGL,CE,Federal Contract Tower,6,15,5,0,26,0,0,27,0,27,6,15,32,0,53,10,0,10,63
07/05/2013,ATW,WI,AGL,CE,Federal Contract Tower,4,18,13,0,35,0,0,30,0,30,4,18,43,0,65,20,0,20,85
07/06/2013,ATW,WI,AGL,CE,Federal Contract Tower,4,17,4,0,25,0,1,28,0,29,4,18,32,0,54,12,0,12,66
07/07/2013,ATW,WI,AGL,CE,Federal Contract Tower,8,26,20,0,54,0,1,23,0,24,8,27,43,0,78,16,0,16,94
07/08/2013,ATW,WI,AGL,CE,Federal Contract Tower,6,31,21,0,58,0,0,23,0,23,6,31,44,0,81,6,0,6,87
07/09/2013,ATW,WI,AGL,CE,Federal Contract Tower,5,29,15,0,49,0,0,10,0,10,5,29,25,0,59,6,0,6,65
07/10/2013,ATW,WI,AGL,CE,Federal Contract Tower,5,34,22,0,61,0,0,24,0,24,5,34,46,0,85,20,0,20,105
07/11/2013,ATW,WI,AGL,CE,Federal Contract Tower,10,31,24,0,65,0,6,44,0,50,10,37,68,0,115,22,4,26,141
07/12/2013,ATW,WI,AGL,CE,Federal Contract Tower,10,34,27,0,71,0,0,36,0,36,10,34,63,0,107,2,0,2,109
07/13/2013,ATW,WI,AGL,CE,Federal Contract Tower,6,19,10,0,35,0,0,32,0,32,6,19,42,0,67,10,0,10,77
07/14/2013,ATW,WI,AGL,CE,Federal Contract Tower,8,27,7,0,42,0,0,32,0,32,8,27,39,0,74,18,0,18,92
07/15/2013,ATW,WI,AGL,CE,Federal Contract Tower,5,34,19,0,58,0,0,40,0,40,5,34,59,0,98,16,0,16,114
07/16/2013,ATW,WI,AGL,CE,Federal Contract Tower,6,33,12,0,51,0,0,22,0,22,6,33,34,0,73,22,0,22,95
07/17/2013,ATW,WI,AGL,CE,Federal Contract Tower,6,34,14,1,55,0,0,31,1,32,6,34,45,2,87,60,2,62,149
07/18/2013,ATW,WI,AGL,CE,Federal Contract Tower,10,31,23,0,64,0,0,23,0,23,10,31,46,0,87,2,0,2,89
07/19/2013,ATW,WI,AGL,CE,Federal Contract Tower,8,35,22,0,65,0,0,25,0,25,8,35,47,0,90,12,0,12,102
07/20/2013,ATW,WI,AGL,CE,Federal Contract Tower,5,14,6,0,25,0,0,49,0,49,5,14,55,0,74,74,0,74,148
07/21/2013,ATW,WI,AGL,CE,Federal Contract Tower,7,32,20,0,59,0,0,16,0,16,7,32,36,0,75,70,0,70,145
07/22/2013,ATW,WI,AGL,CE,Federal Contract Tower,7,30,19,0,56,0,0,20,0,20,7,30,39,0,76,32,0,32,108
07/23/2013,ATW,WI,AGL,CE,Federal Contract Tower,6,31,26,0,63,0,0,59,0,59,6,31,85,0,122,44,0,44,166
07/24/2013,ATW,WI,AGL,CE,Federal Contract Tower,6,33,17,0,56,0,10,30,0,40,6,43,47,0,96,76,0,76,172
07/25/2013,ATW,WI,AGL,CE,Federal Contract Tower,10,33,28,8,79,0,0,42,2,44,10,33,70,10,123,40,16,56,179
07/26/2013,ATW,WI,AGL,CE,Federal Contract Tower,8,36,23,0,67,0,1,13,0,14,8,37,36,0,81,10,0,10,91
07/27/2013,ATW,WI,AGL,CE,Federal Contract Tower,7,21,28,0,56,0,0,59,0,59,7,21,87,0,115,2,0,2,117
07/28/2013,ATW,WI,AGL,CE,Federal Contract Tower,8,31,72,0,111,0,0,90,0,90,8,31,162,0,201,2,0,2,203
07/29/2013,ATW,WI,AGL,CE,Federal Contract Tower,7,36,66,0,109,0,1,112,0,113,7,37,178,0,222,12,0,12,234
07/30/2013,ATW,WI,AGL,CE,Federal Contract Tower,10,38,65,0,113,0,2,249,0,251,10,40,314,0,364,100,0,100,464
07/31/2013,ATW,WI,AGL,CE,Federal Contract Tower,6,32,87,0,125,0,10,205,0,215,6,42,292,0,340,158,0,158,498
08/01/2013,ATW,WI,AGL,CE,Federal Contract Tower,10,38,95,0,143,0,8,317,0,325,10,46,412,0,468,144,0,144,612
08/02/2013,ATW,WI,AGL,CE,Federal Contract Tower,8,34,75,0,117,0,4,169,0,173,8,38,244,0,290,78,0,78,368
08/03/2013,ATW,WI,AGL,CE,Federal Contract Tower,4,20,40,0,64,0,1,105,0,106,4,21,145,0,170,0,0,0,170
08/04/2013,ATW,WI,AGL,CE,Federal Contract Tower,8,30,60,0,98,0,1,102,0,103,8,31,162,0,201,14,0,14,215
08/05/2013,ATW,WI,AGL,CE,Federal Contract Tower,7,32,26,0,65,0,0,27,0,27,7,32,53,0,92,8,0,8,100
08/06/2013,ATW,WI,AGL,CE,Federal Contract Tower,6,29,18,0,53,0,0,20,1,21,6,29,38,1,74,64,0,64,138
08/07/2013,ATW,WI,AGL,CE,Federal Contract Tower,4,35,21,0,60,0,0,12,0,12,4,35,33,0,72,8,0,8,80
08/08/2013,ATW,WI,AGL,CE,Federal Contract Tower,12,33,24,0,69,0,2,42,0,44,12,35,66,0,113,20,4,24,137
08/09/2013,ATW,WI,AGL,CE,Federal Contract Tower,8,32,17,0,57,0,2,33,0,35,8,34,50,0,92,4,0,4,96
08/10/2013,ATW,WI,AGL,CE,Federal Contract Tower,5,18,9,0,32,0,1,27,0,28,5,19,36,0,60,10,0,10,70
08/11/2013,ATW,WI,AGL,CE,Federal Contract Tower,8,29,15,0,52,0,0,21,0,21,8,29,36,0,73,0,0,0,73
08/12/2013,ATW,WI,AGL,CE,Federal Contract Tower,7,30,19,0,56,0,0,26,0,26,7,30,45,0,82,60,0,60,142
08/13/2013,ATW,WI,AGL,CE,Federal Contract Tower,6,28,20,0,54,0,0,25,0,25,6,28,45,0,79,34,0,34,113
08/14/2013,ATW,WI,AGL,CE,Federal Contract Tower,6,33,15,1,55,0,0,37,0,37,6,33,52,1,92,12,0,12,104
08/15/2013,ATW,WI,AGL,CE,Federal Contract Tower,8,30,23,0,61,0,30,0,0,30,8,60,23,0,91,32,0,32,123
08/16/2013,ATW,WI,AGL,CE,Federal Contract Tower,6,35,17,0,58,0,2,39,0,41,6,37,56,0,99,26,0,26,125
08/17/2013,ATW,WI,AGL,CE,Federal Contract Tower,5,35,3,0,43,0,0,26,0,26,5,35,29,0,69,20,0,20,89
08/18/2013,ATW,WI,AGL,CE,Federal Contract Tower,4,27,12,0,43,0,0,16,0,16,4,27,28,0,59,40,0,40,99
08/19/2013,ATW,WI,AGL,CE,Federal Contract Tower,6,34,19,4,63,0,0,49,0,49,6,34,68,4,112,48,10,58,170
08/20/2013,ATW,WI,AGL,CE,Federal Contract Tower,6,31,37,0,74,0,1,30,0,31,6,32,67,0,105,20,0,20,125
08/21/2013,ATW,WI,AGL,CE,Federal Contract Tower,6,27,25,1,59,0,0,9,0,9,6,27,34,1,68,14,0,14,82
08/22/2013,ATW,WI,AGL,CE,Federal Contract Tower,10,27,30,0,67,0,0,20,0,20,10,27,50,0,87,14,0,14,101
08/23/2013,ATW,WI,AGL,CE,Federal Contract Tower,6,32,18,0,56,0,0,38,0,38,6,32,56,0,94,12,0,12,106
08/24/2013,ATW,WI,AGL,CE,Federal Contract Tower,5,15,20,0,40,0,1,28,0,29,5,16,48,0,69,38,0,38,107
08/25/2013,ATW,WI,AGL,CE,Federal Contract Tower,4,22,18,0,44,0,0,14,0,14,4,22,32,0,58,6,0,6,64
08/26/2013,ATW,WI,AGL,CE,Federal Contract Tower,5,30,20,5,60,0,0,16,0,16,5,30,36,5,76,10,0,10,86
08/27/2013,ATW,WI,AGL,CE,Federal Contract Tower,6,29,26,0,61,0,0,8,0,8,6,29,34,0,69,0,0,0,69
08/28/2013,ATW,WI,AGL,CE,Federal Contract Tower,6,32,28,0,66,0,0,14,1,15,6,32,42,1,81,10,2,12,93
08/29/2013,ATW,WI,AGL,CE,Federal Contract Tower,8,32,30,1,71,0,0,19,1,20,8,32,49,2,91,26,0,26,117
08/30/2013,ATW,WI,AGL,CE,Federal Contract Tower,6,36,16,0,58,0,0,18,0,18,6,36,34,0,76,14,2,16,92
08/31/2013,ATW,WI,AGL,CE,Federal Contract Tower,3,12,2,0,17,0,0,14,0,14,3,12,16,0,31,6,0,6,37
09/01/2013,ATW,WI,AGL,CE,Federal Contract Tower,3,8,6,0,17,0,1,12,0,13,3,9,18,0,30,10,0,10,40
09/02/2013,ATW,WI,AGL,CE,Federal Contract Tower,3,21,13,1,38,0,0,29,0,29,3,21,42,1,67,46,0,46,113
09/03/2013,ATW,WI,AGL,CE,Federal Contract Tower,5,31,11,0,47,0,0,35,0,35,5,31,46,0,82,32,0,32,114
09/04/2013,ATW,WI,AGL,CE,Federal Contract Tower,6,30,28,0,64,0,1,43,0,44,6,31,71,0,108,36,0,36,144
09/05/2013,ATW,WI,AGL,CE,Federal Contract Tower,11,33,28,4,76,0,0,28,0,28,11,33,56,4,104,12,0,12,116
09/06/2013,ATW,WI,AGL,CE,Federal Contract Tower,6,29,20,0,55,0,0,40,0,40,6,29,60,0,95,28,0,28,123
09/07/2013,ATW,WI,AGL,CE,Federal Contract Tower,3,16,9,0,28,0,0,21,0,21,3,16,30,0,49,38,0,38,87
09/08/2013,ATW,WI,AGL,CE,Federal Contract Tower,6,22,7,0,35,0,0,20,0,20,6,22,27,0,55,24,0,24,79
09/09/2013,ATW,WI,AGL,CE,Federal Contract Tower,2,33,16,0,51,0,0,9,0,9,2,33,25,0,60,16,0,16,76
09/10/2013,ATW,WI,AGL,CE,Federal Contract Tower,6,32,22,0,60,0,0,26,0,26,6,32,48,0,86,36,0,36,122
09/11/2013,ATW,WI,AGL,CE,Federal Contract Tower,5,29,17,0,51,0,0,17,0,17,5,29,34,0,68,24,0,24,92
09/12/2013,ATW,WI,AGL,CE,Federal Contract Tower,8,33,24,0,65,0,0,33,0,33,8,33,57,0,98,10,0,10,108
09/13/2013,ATW,WI,AGL,CE,Federal Contract Tower,7,35,17,0,59,0,0,41,0,41,7,35,58,0,100,90,0,90,190
09/14/2013,ATW,WI,AGL,CE,Federal Contract Tower,7,19,8,0,34,0,0,40,0,40,7,19,48,0,74,32,0,32,106
09/15/2013,ATW,WI,AGL,CE,Federal Contract Tower,7,21,21,0,49,0,0,0,0,0,7,21,21,0,49,0,0,0,49
09/16/2013,ATW,WI,AGL,CE,Federal Contract Tower,6,28,17,0,51,0,0,40,0,40,6,28,57,0,91,20,0,20,111
09/17/2013,ATW,WI,AGL,CE,Federal Contract Tower,7,23,18,2,50,0,0,44,0,44,7,23,62,2,94,70,0,70,164
09/18/2013,ATW,WI,AGL,CE,Federal Contract Tower,8,27,24,0,59,0,0,5,0,5,8,27,29,0,64,0,0,0,64
09/19/2013,ATW,WI,AGL,CE,Federal Contract Tower,7,37,29,0,73,0,2,12,0,14,7,39,41,0,87,10,0,10,97
09/20/2013,ATW,WI,AGL,CE,Federal Contract Tower,6,33,24,0,63,0,0,8,1,9,6,33,32,1,72,6,0,6,78
09/21/2013,ATW,WI,AGL,CE,Federal Contract Tower,5,20,9,0,34,0,0,23,0,23,5,20,32,0,57,48,0,48,105
09/22/2013,ATW,WI,AGL,CE,Federal Contract Tower,6,21,12,0,39,0,0,35,0,35,6,21,47,0,74,6,0,6,80
09/23/2013,ATW,WI,AGL,CE,Federal Contract Tower,5,30,23,2,60,0,0,26,0,26,5,30,49,2,86,22,0,22,108
09/24/2013,ATW,WI,AGL,CE,Federal Contract Tower,6,37,19,3,65,0,0,25,0,25,6,37,44,3,90,58,0,58,148
09/25/2013,ATW,WI,AGL,CE,Federal Contract Tower,6,29,27,0,62,0,0,17,0,17,6,29,44,0,79,10,0,10,89
09/26/2013,ATW,WI,AGL,CE,Federal Contract Tower,6,31,16,0,53,0,2,29,0,31,6,33,45,0,84,28,0,28,112
09/27/2013,ATW,WI,AGL,CE,Federal Contract Tower,9,29,33,0,71,0,0,38,0,38,9,29,71,0,109,32,0,32,141
09/28/2013,ATW,WI,AGL,CE,Federal Contract Tower,3,19,5,0,27,0,0,17,0,17,3,19,22,0,44,8,0,8,52
09/29/2013,ATW,WI,AGL,CE,Federal Contract Tower,6,24,13,0,43,0,0,40,0,40,6,24,53,0,83,28,0,28,111
09/30/2013,ATW,WI,AGL,CE,Federal Contract Tower,5,32,21,3,61,0,0,17,0,17,5,32,38,3,78,14,0,14,92
10/01/2013,ATW,WI,AGL,CE,Federal Contract Tower,6,28,16,0,50,0,0,23,0,23,6,28,39,0,73,20,0,20,93
10/02/2013,ATW,WI,AGL,CE,Federal Contract Tower,6,31,27,0,64,0,0,50,0,50,6,31,77,0,114,16,0,16,130
10/03/2013,ATW,WI,AGL,CE,Federal Contract Tower,10,32,27,0,69,0,0,3,0,3,10,32,30,0,72,0,0,0,72
10/04/2013,ATW,WI,AGL,CE,Federal Contract Tower,6,30,13,0,49,0,0,0,0,0,6,30,13,0,49,0,0,0,49
10/05/2013,ATW,WI,AGL,CE,Federal Contract Tower,5,21,10,0,36,0,0,0,0,0,5,21,10,0,36,0,0,0,36
10/06/2013,ATW,WI,AGL,CE,Federal Contract Tower,8,32,13,0,53,0,0,36,0,36,8,32,49,0,89,82,0,82,171
10/07/2013,ATW,WI,AGL,CE,Federal Contract Tower,5,27,20,0,52,0,0,35,0,35,5,27,55,0,87,96,0,96,183
10/08/2013,ATW,WI,AGL,CE,Federal Contract Tower,6,32,13,0,51,0,0,46,0,46,6,32,59,0,97,10,0,10,107
10/09/2013,ATW,WI,AGL,CE,Federal Contract Tower,6,34,13,0,53,0,0,25,0,25,6,34,38,0,78,8,0,8,86
10/10/2013,ATW,WI,AGL,CE,Federal Contract Tower,10,37,39,0,86,0,0,29,0,29,10,37,68,0,115,22,0,22,137
10/11/2013,ATW,WI,AGL,CE,Federal Contract Tower,6,31,19,0,56,0,0,28,0,28,6,31,47,0,84,10,0,10,94
10/12/2013,ATW,WI,AGL,CE,Federal Contract Tower,3,15,7,0,25,0,0,11,0,11,3,15,18,0,36,18,0,18,54
10/13/2013,ATW,WI,AGL,CE,Federal Contract Tower,8,23,4,0,35,0,0,29,0,29,8,23,33,0,64,8,0,8,72
10/14/2013,ATW,WI,AGL,CE,Federal Contract Tower,5,28,13,0,46,0,0,20,0,20,5,28,33,0,66,26,0,26,92
10/15/2013,ATW,WI,AGL,CE,Federal Contract Tower,6,27,10,0,43,0,0,0,0,0,6,27,10,0,43,0,0,0,43
10/16/2013,ATW,WI,AGL,CE,Federal Contract Tower,6,30,16,0,52,0,0,4,0,4,6,30,20,0,56,18,0,18,74
10/17/2013,ATW,WI,AGL,CE,Federal Contract Tower,12,36,31,0,79,0,0,10,0,10,12,36,41,0,89,0,0,0,89
10/18/2013,ATW,WI,AGL,CE,Federal Contract Tower,9,28,20,0,57,0,0,9,0,9,9,28,29,0,66,0,0,0,66
10/19/2013,ATW,WI,AGL,CE,Federal Contract Tower,5,18,8,0,31,0,0,20,0,20,5,18,28,0,51,16,0,16,67
10/20/2013,ATW,WI,AGL,CE,Federal Contract Tower,8,24,12,0,44,0,0,2,0,2,8,24,14,0,46,4,0,4,50
10/21/2013,ATW,WI,AGL,CE,Federal Contract Tower,5,33,26,0,64,0,0,4,0,4,5,33,30,0,68,6,0,6,74
10/22/2013,ATW,WI,AGL,CE,Federal Contract Tower,6,26,15,1,48,0,0,33,0,33,6,26,48,1,81,40,2,42,123
10/23/2013,ATW,WI,AGL,CE,Federal Contract Tower,6,29,14,0,49,0,0,16,0,16,6,29,30,0,65,32,0,32,97
10/24/2013,ATW,WI,AGL,CE,Federal Contract Tower,10,36,34,0,80,0,0,19,0,19,10,36,53,0,99,40,0,40,139
10/25/2013,ATW,WI,AGL,CE,Federal Contract Tower,5,29,13,0,47,0,19,1,0,20,5,48,14,0,67,6,2,8,75
10/26/2013,ATW,WI,AGL,CE,Federal Contract Tower,3,23,8,0,34,0,0,11,0,11,3,23,19,0,45,20,0,20,65
10/27/2013,ATW,WI,AGL,CE,Federal Contract Tower,8,25,14,0,47,0,1,21,0,22,8,26,35,0,69,12,0,12,81
10/28/2013,ATW,WI,AGL,CE,Federal Contract Tower,5,31,21,1,58,0,0,26,0,26,5,31,47,1,84,0,2,2,86
10/29/2013,ATW,WI,AGL,CE,Federal Contract Tower,6,25,21,3,55,0,0,6,0,6,6,25,27,3,61,0,6,6,67
10/30/2013,ATW,WI,AGL,CE,Federal Contract Tower,6,32,24,0,62,0,0,0,0,0,6,32,24,0,62,0,0,0,62
10/31/2013,ATW,WI,AGL,CE,Federal Contract Tower,8,28,20,2,58,0,0,0,0,0,8,28,20,2,58,6,0,6,64
11/01/2013,ATW,WI,AGL,CE,Federal Contract Tower,8,31,18,1,58,0,0,3,0,3,8,31,21,1,61,0,0,0,61
11/02/2013,ATW,WI,AGL,CE,Federal Contract Tower,3,19,5,0,27,0,0,16,0,16,3,19,21,0,43,26,0,26,69
11/03/2013,ATW,WI,AGL,CE,Federal Contract Tower,9,52,7,2,70,0,2,40,0,42,9,54,47,2,112,64,0,64,176
11/04/2013,ATW,WI,AGL,CE,Federal Contract Tower,7,33,24,0,64,0,0,4,0,4,7,33,28,0,68,0,0,0,68
11/05/2013,ATW,WI,AGL,CE,Federal Contract Tower,6,42,30,0,78,0,0,11,0,11,6,42,41,0,89,10,0,10,99
11/06/2013,ATW,WI,AGL,CE,Federal Contract Tower,5,29,15,0,49,0,0,4,0,4,5,29,19,0,53,6,0,6,59
11/07/2013,ATW,WI,AGL,CE,Federal Contract Tower,8,31,22,0,61,0,0,24,0,24,8,31,46,0,85,34,0,34,119
11/08/2013,ATW,WI,AGL,CE,Federal Contract Tower,8,30,22,0,60,0,0,25,1,26,8,30,47,1,86,8,0,8,94
11/09/2013,ATW,WI,AGL,CE,Federal Contract Tower,5,18,11,0,34,0,0,3,0,3,5,18,14,0,37,2,0,2,39
11/10/2013,ATW,WI,AGL,CE,Federal Contract Tower,6,27,12,0,45,0,0,17,0,17,6,27,29,0,62,18,0,18,80
11/11/2013,ATW,WI,AGL,CE,Federal Contract Tower,7,29,23,0,59,0,0,5,0,5,7,29,28,0,64,4,0,4,68
11/12/2013,ATW,WI,AGL,CE,Federal Contract Tower,6,33,10,0,49,0,0,19,0,19,6,33,29,0,68,36,0,36,104
11/13/2013,ATW,WI,AGL,CE,Federal Contract Tower,6,37,20,1,64,0,2,6,0,8,6,39,26,1,72,14,0,14,86
11/14/2013,ATW,WI,AGL,CE,Federal Contract Tower,8,34,25,0,67,0,0,31,0,31,8,34,56,0,98,38,0,38,136
11/15/2013,ATW,WI,AGL,CE,Federal Contract Tower,10,35,24,0,69,0,0,35,0,35,10,35,59,0,104,28,0,28,132
11/16/2013,ATW,WI,AGL,CE,Federal Contract Tower,3,17,12,0,32,0,0,0,0,0,3,17,12,0,32,0,0,0,32
11/17/2013,ATW,WI,AGL,CE,Federal Contract Tower,6,16,4,0,26,0,0,0,0,0,6,16,4,0,26,0,0,0,26
11/18/2013,ATW,WI,AGL,CE,Federal Contract Tower,9,35,17,0,61,0,1,3,0,4,9,36,20,0,65,0,0,0,65
11/19/2013,ATW,WI,AGL,CE,Federal Contract Tower,6,35,25,0,66,0,1,30,0,31,6,36,55,0,97,26,0,26,123
11/20/2013,ATW,WI,AGL,CE,Federal Contract Tower,6,39,19,4,68,0,0,6,0,6,6,39,25,4,74,0,6,6,80
11/21/2013,ATW,WI,AGL,CE,Federal Contract Tower,8,41,18,0,67,0,0,0,0,0,8,41,18,0,67,0,0,0,67
11/22/2013,ATW,WI,AGL,CE,Federal Contract Tower,10,30,12,0,52,0,0,31,0,31,10,30,43,0,83,8,0,8,91
11/23/2013,ATW,WI,AGL,CE,Federal Contract Tower,5,18,7,2,32,0,0,9,0,9,5,18,16,2,41,0,0,0,41
11/24/2013,ATW,WI,AGL,CE,Federal Contract Tower,6,22,9,0,37,0,0,24,0,24,6,22,33,0,61,26,0,26,87
11/25/2013,ATW,WI,AGL,CE,Federal Contract Tower,11,16,5,0,32,0,0,0,0,0,11,16,5,0,32,0,0,0,32
11/26/2013,ATW,WI,AGL,CE,Federal Contract Tower,6,27,6,0,39,0,0,4,0,4,6,27,10,0,43,2,0,2,45
11/27/2013,ATW,WI,AGL,CE,Federal Contract Tower,10,34,22,0,66,0,1,37,0,38,10,35,59,0,104,92,0,92,196
11/28/2013,ATW,WI,AGL,CE,Federal Contract Tower,4,14,0,0,18,0,0,1,0,1,4,14,1,0,19,0,0,0,19
11/29/2013,ATW,WI,AGL,CE,Federal Contract Tower,6,14,2,0,22,0,0,22,0,22,6,14,24,0,44,28,0,28,72
11/30/2013,ATW,WI,AGL,CE,Federal Contract Tower,5,28,6,0,39,0,2,24,0,26,5,30,30,0,65,36,0,36,101
12/01/2013,ATW,WI,AGL,CE,Federal Contract Tower,8,30,9,0,47,0,0,30,0,30,8,30,39,0,77,76,0,76,153
12/02/2013,ATW,WI,AGL,CE,Federal Contract Tower,7,31,16,0,54,0,0,12,0,12,7,31,28,0,66,22,0,22,88
12/03/2013,ATW,WI,AGL,CE,Federal Contract Tower,6,34,16,0,56,0,0,0,0,0,6,34,16,0,56,0,0,0,56
12/04/2013,ATW,WI,AGL,CE,Federal Contract Tower,3,11,10,2,26,0,0,0,0,0,3,11,10,2,26,0,0,0,26
12/05/2013,ATW,WI,AGL,CE,Federal Contract Tower,7,34,13,0,54,0,0,6,0,6,7,34,19,0,60,4,0,4,64
12/06/2013,ATW,WI,AGL,CE,Federal Contract Tower,10,29,17,0,56,0,0,38,0,38,10,29,55,0,94,50,0,50,144
12/07/2013,ATW,WI,AGL,CE,Federal Contract Tower,6,18,11,0,35,0,1,20,0,21,6,19,31,0,56,14,0,14,70
12/08/2013,ATW,WI,AGL,CE,Federal Contract Tower,5,21,3,0,29,0,0,0,0,0,5,21,3,0,29,0,0,0,29
12/09/2013,ATW,WI,AGL,CE,Federal Contract Tower,9,41,24,3,77,0,0,19,0,19,9,41,43,3,96,26,4,30,126
12/10/2013,ATW,WI,AGL,CE,Federal Contract Tower,6,28,27,0,61,0,0,3,0,3,6,28,30,0,64,20,0,20,84
12/11/2013,ATW,WI,AGL,CE,Federal Contract Tower,6,26,15,0,47,0,1,4,0,5,6,27,19,0,52,8,0,8,60
12/12/2013,ATW,WI,AGL,CE,Federal Contract Tower,6,25,20,0,51,0,0,6,0,6,6,25,26,0,57,0,0,0,57
12/13/2013,ATW,WI,AGL,CE,Federal Contract Tower,10,28,8,0,46,0,4,5,0,9,10,32,13,0,55,4,0,4,59
12/14/2013,ATW,WI,AGL,CE,Federal Contract Tower,5,14,2,0,21,0,0,3,0,3,5,14,5,0,24,0,0,0,24
12/15/2013,ATW,WI,AGL,CE,Federal Contract Tower,4,22,10,0,36,0,0,10,0,10,4,22,20,0,46,8,0,8,54
12/16/2013,ATW,WI,AGL,CE,Federal Contract Tower,8,29,17,0,54,0,0,15,0,15,8,29,32,0,69,44,0,44,113
12/17/2013,ATW,WI,AGL,CE,Federal Contract Tower,6,30,16,0,52,0,1,14,0,15,6,31,30,0,67,64,0,64,131
12/18/2013,ATW,WI,AGL,CE,Federal Contract Tower,6,26,22,2,56,0,0,29,0,29,6,26,51,2,85,6,0,6,91
12/19/2013,ATW,WI,AGL,CE,Federal Contract Tower,8,26,29,0,63,0,0,7,0,7,8,26,36,0,70,12,0,12,82
12/20/2013,ATW,WI,AGL,CE,Federal Contract Tower,11,30,11,0,52,0,0,0,0,0,11,30,11,0,52,0,0,0,52
12/21/2013,ATW,WI,AGL,CE,Federal Contract Tower,5,19,0,0,24,0,0,0,0,0,5,19,0,0,24,0,0,0,24
12/22/2013,ATW,WI,AGL,CE,Federal Contract Tower,6,16,0,0,22,0,0,0,0,0,6,16,0,0,22,0,0,0,22
12/23/2013,ATW,WI,AGL,CE,Federal Contract Tower,7,19,6,0,32,0,0,0,0,0,7,19,6,0,32,0,0,0,32
12/24/2013,ATW,WI,AGL,CE,Federal Contract Tower,4,12,5,0,21,0,0,10,0,10,4,12,15,0,31,22,0,22,53
12/25/2013,ATW,WI,AGL,CE,Federal Contract Tower,2,10,1,0,13,0,0,0,0,0,2,10,1,0,13,0,0,0,13
12/26/2013,ATW,WI,AGL,CE,Federal Contract Tower,6,24,4,0,34,0,0,20,0,20,6,24,24,0,54,32,0,32,86
12/27/2013,ATW,WI,AGL,CE,Federal Contract Tower,14,22,12,0,48,0,0,11,0,11,14,22,23,0,59,18,0,18,77
12/28/2013,ATW,WI,AGL,CE,Federal Contract Tower,5,22,5,0,32,0,0,50,0,50,5,22,55,0,82,22,0,22,104
12/29/2013,ATW,WI,AGL,CE,Federal Contract Tower,6,12,2,0,20,0,0,15,0,15,6,12,17,0,35,36,0,36,71
12/30/2013,ATW,WI,AGL,CE,Federal Contract Tower,9,20,1,0,30,0,0,11,0,11,9,20,12,0,41,4,0,4,45
12/31/2013,ATW,WI,AGL,CE,Federal Contract Tower,3,16,1,0,20,0,0,11,0,11,3,16,12,0,31,0,0,0,31
01/01/2014,ATW,WI,AGL,CE,Federal Contract Tower,4,13,2,0,19,0,0,11,0,11,4,13,13,0,30,0,0,0,30
01/02/2014,ATW,WI,AGL,CE,Federal Contract Tower,8,15,6,0,29,0,0,9,0,9,8,15,15,0,38,6,0,6,44
01/03/2014,ATW,WI,AGL,CE,Federal Contract Tower,12,19,11,0,42,0,0,5,0,5,12,19,16,0,47,0,0,0,47
01/04/2014,ATW,WI,AGL,CE,Federal Contract Tower,5,20,4,0,29,0,0,4,0,4,5,20,8,0,33,0,0,0,33
01/05/2014,ATW,WI,AGL,CE,Federal Contract Tower,7,15,5,0,27,0,0,6,0,6,7,15,11,0,33,0,0,0,33
01/06/2014,ATW,WI,AGL,CE,Federal Contract Tower,8,13,14,0,35,0,0,4,0,4,8,13,18,0,39,2,0,2,41
01/07/2014,ATW,WI,AGL,CE,Federal Contract Tower,4,6,10,0,20,0,0,1,0,1,4,6,11,0,21,10,0,10,31
01/08/2014,ATW,WI,AGL,CE,Federal Contract Tower,6,17,23,0,46,0,0,13,0,13,6,17,36,0,59,0,0,0,59
01/09/2014,ATW,WI,AGL,CE,Federal Contract Tower,8,25,25,0,58,0,1,14,0,15,8,26,39,0,73,0,0,0,73
01/10/2014,ATW,WI,AGL,CE,Federal Contract Tower,9,26,8,0,43,0,0,0,0,0,9,26,8,0,43,0,0,0,43
01/11/2014,ATW,WI,AGL,CE,Federal Contract Tower,5,11,2,0,18,0,0,0,0,0,5,11,2,0,18,0,0,0,18
01/12/2014,ATW,WI,AGL,CE,Federal Contract Tower,6,20,5,0,31,0,0,5,0,5,6,20,10,0,36,24,0,24,60
01/13/2014,ATW,WI,AGL,CE,Federal Contract Tower,9,30,20,1,60,0,0,17,0,17,9,30,37,1,77,14,2,16,93
01/14/2014,ATW,WI,AGL,CE,Federal Contract Tower,5,23,10,0,38,0,0,0,0,0,5,23,10,0,38,0,0,0,38
01/15/2014,ATW,WI,AGL,CE,Federal Contract Tower,6,26,14,0,46,0,0,5,0,5,6,26,19,0,51,2,0,2,53
01/16/2014,ATW,WI,AGL,CE,Federal Contract Tower,8,26,9,0,43,0,0,0,0,0,8,26,9,0,43,0,0,0,43
01/17/2014,ATW,WI,AGL,CE,Federal Contract Tower,12,31,10,0,53,0,0,3,0,3,12,31,13,0,56,0,0,0,56
01/18/2014,ATW,WI,AGL,CE,Federal Contract Tower,5,11,3,0,19,0,0,21,0,21,5,11,24,0,40,40,0,40,80
01/19/2014,ATW,WI,AGL,CE,Federal Contract Tower,5,21,4,0,30,0,0,12,0,12,5,21,16,0,42,32,0,32,74
01/20/2014,ATW,WI,AGL,CE,Federal Contract Tower,12,24,26,1,63,0,0,3,0,3,12,24,29,1,66,0,0,0,66
01/21/2014,ATW,WI,AGL,CE,Federal Contract Tower,7,29,13,1,50,0,0,11,0,11,7,29,24,1,61,10,0,10,71
01/22/2014,ATW,WI,AGL,CE,Federal Contract Tower,7,25,25,0,57,0,0,0,0,0,7,25,25,0,57,16,0,16,73
01/23/2014,ATW,WI,AGL,CE,Federal Contract Tower,8,30,14,0,52,0,3,10,0,13,8,33,24,0,65,14,2,16,81
01/24/2014,ATW,WI,AGL,CE,Federal Contract Tower,10,25,11,0,46,0,0,0,0,0,10,25,11,0,46,0,0,0,46
01/25/2014,ATW,WI,AGL,CE,Federal Contract Tower,5,12,2,0,19,0,0,11,0,11,5,12,13,0,30,22,0,22,52
01/26/2014,ATW,WI,AGL,CE,Federal Contract Tower,5,20,7,0,32,0,0,0,0,0,5,20,7,0,32,0,0,0,32
01/27/2014,ATW,WI,AGL,CE,Federal Contract Tower,9,27,27,0,63,0,0,4,0,4,9,27,31,0,67,0,0,0,67
01/28/2014,ATW,WI,AGL,CE,Federal Contract Tower,4,24,14,0,42,0,0,2,0,2,4,24,16,0,44,2,0,2,46
01/29/2014,ATW,WI,AGL,CE,Federal Contract Tower,2,28,19,0,49,0,1,9,0,10,2,29,28,0,59,22,2,24,83
01/30/2014,ATW,WI,AGL,CE,Federal Contract Tower,6,28,6,0,40,0,0,0,0,0,6,28,6,0,40,0,2,2,42
01/31/2014,ATW,WI,AGL,CE,Federal Contract Tower,11,23,12,0,46,0,3,19,0,22,11,26,31,0,68,2,0,2,70
02/01/2014,ATW,WI,AGL,CE,Federal Contract Tower,4,13,4,0,21,0,0,4,0,4,4,13,8,0,25,0,0,0,25
02/02/2014,ATW,WI,AGL,CE,Federal Contract Tower,4,11,5,0,20,0,0,29,0,29,4,11,34,0,49,62,0,62,111
02/03/2014,ATW,WI,AGL,CE,Federal Contract Tower,9,26,21,0,56,0,0,21,0,21,9,26,42,0,77,60,0,60,137
02/04/2014,ATW,WI,AGL,CE,Federal Contract Tower,6,26,17,0,49,0,0,13,0,13,6,26,30,0,62,26,0,26,88
02/05/2014,ATW,WI,AGL,CE,Federal Contract Tower,7,23,16,0,46,0,0,7,0,7,7,23,23,0,53,34,0,34,87
02/06/2014,ATW,WI,AGL,CE,Federal Contract Tower,8,35,13,0,56,0,2,6,0,8,8,37,19,0,64,6,0,6,70
02/07/2014,ATW,WI,AGL,CE,Federal Contract Tower,10,26,12,0,48,0,0,12,0,12,10,26,24,0,60,14,0,14,74
02/08/2014,ATW,WI,AGL,CE,Federal Contract Tower,5,10,2,0,17,0,0,14,0,14,5,10,16,0,31,20,0,20,51
02/09/2014,ATW,WI,AGL,CE,Federal Contract Tower,6,21,5,0,32,0,0,21,0,21,6,21,26,0,53,58,0,58,111
02/10/2014,ATW,WI,AGL,CE,Federal Contract Tower,9,26,18,0,53,0,0,7,0,7,9,26,25,0,60,16,0,16,76
02/11/2014,ATW,WI,AGL,CE,Federal Contract Tower,4,27,20,0,51,0,0,16,0,16,4,27,36,0,67,4,0,4,71
02/12/2014,ATW,WI,AGL,CE,Federal Contract Tower,3,25,13,0,41,0,1,0,0,1,3,26,13,0,42,0,0,0,42
02/13/2014,ATW,WI,AGL,CE,Federal Contract Tower,8,31,13,2,54,0,0,0,0,0,8,31,13,2,54,0,0,0,54
02/14/2014,ATW,WI,AGL,CE,Federal Contract Tower,14,27,13,0,54,0,0,13,0,13,14,27,26,0,67,2,0,2,69
02/15/2014,ATW,WI,AGL,CE,Federal Contract Tower,4,14,12,1,31,0,2,22,0,24,4,16,34,1,55,16,0,16,71
02/16/2014,ATW,WI,AGL,CE,Federal Contract Tower,8,19,12,0,39,0,0,15,0,15,8,19,27,0,54,36,0,36,90
02/17/2014,ATW,WI,AGL,CE,Federal Contract Tower,11,13,10,0,34,0,0,0,0,0,11,13,10,0,34,0,0,0,34
02/18/2014,ATW,WI,AGL,CE,Federal Contract Tower,9,44,23,1,77,0,2,14,0,16,9,46,37,1,93,6,0,6,99
02/19/2014,ATW,WI,AGL,CE,Federal Contract Tower,10,28,30,0,68,0,0,19,0,19,10,28,49,0,87,10,4,14,101
02/20/2014,ATW,WI,AGL,CE,Federal Contract Tower,11,15,6,0,32,0,0,0,0,0,11,15,6,0,32,0,0,0,32
02/21/2014,ATW,WI,AGL,CE,Federal Contract Tower,13,25,18,0,56,0,0,1,0,1,13,25,19,0,57,0,0,0,57
02/22/2014,ATW,WI,AGL,CE,Federal Contract Tower,5,17,3,0,25,0,0,2,0,2,5,17,5,0,27,8,0,8,35
02/23/2014,ATW,WI,AGL,CE,Federal Contract Tower,7,18,14,0,39,0,2,9,0,11,7,20,23,0,50,14,0,14,64
02/24/2014,ATW,WI,AGL,CE,Federal Contract Tower,15,26,16,0,57,0,1,19,0,20,15,27,35,0,77,20,0,20,97
02/25/2014,ATW,WI,AGL,CE,Federal Contract Tower,11,27,16,0,54,0,2,16,0,18,11,29,32,0,72,22,0,22,94
02/26/2014,ATW,WI,AGL,CE,Federal Contract Tower,11,33,22,0,66,0,6,15,0,21,11,39,37,0,87,8,0,8,95
02/27/2014,ATW,WI,AGL,CE,Federal Contract Tower,12,26,21,0,59,0,1,5,3,9,12,27,26,3,68,4,2,6,74
02/28/2014,ATW,WI,AGL,CE,Federal Contract Tower,14,29,15,0,58,0,0,10,0,10,14,29,25,0,68,0,0,0,68
03/01/2014,ATW,WI,AGL,CE,Federal Contract Tower,5,16,4,0,25,0,0,3,0,3,5,16,7,0,28,16,0,16,44
03/02/2014,ATW,WI,AGL,CE,Federal Contract Tower,9,19,6,0,34,0,0,10,0,10,9,19,16,0,44,6,0,6,50
03/03/2014,ATW,WI,AGL,CE,Federal Contract Tower,11,28,23,0,62,0,0,15,0,15,11,28,38,0,77,20,0,20,97
03/04/2014,ATW,WI,AGL,CE,Federal Contract Tower,10,24,16,0,50,0,0,5,0,5,10,24,21,0,55,2,0,2,57
03/05/2014,ATW,WI,AGL,CE,Federal Contract Tower,11,23,16,0,50,0,0,18,2,20,11,23,34,2,70,6,0,6,76
03/06/2014,ATW,WI,AGL,CE,Federal Contract Tower,9,35,10,0,54,0,4,14,2,20,9,39,24,2,74,8,0,8,82
03/07/2014,ATW,WI,AGL,CE,Federal Contract Tower,10,32,20,0,62,0,2,10,0,12,10,34,30,0,74,0,0,0,74
03/08/2014,ATW,WI,AGL,CE,Federal Contract Tower,4,16,8,0,28,0,1,29,2,32,4,17,37,2,60,50,0,50,110
03/09/2014,ATW,WI,AGL,CE,Federal Contract Tower,7,24,5,0,36,0,1,10,0,11,7,25,15,0,47,20,0,20,67
03/10/2014,ATW,WI,AGL,CE,Federal Contract Tower,9,29,32,3,73,0,0,17,1,18,9,29,49,4,91,2,2,4,95
03/11/2014,ATW,WI,AGL,CE,Federal Contract Tower,6,25,9,0,40,0,1,4,0,5,6,26,13,0,45,0,0,0,45
03/12/2014,ATW,WI,AGL,CE,Federal Contract Tower,7,19,19,1,46,0,0,14,0,14,7,19,33,1,60,20,2,22,82
03/13/2014,ATW,WI,AGL,CE,Federal Contract Tower,10,29,26,1,66,0,5,18,2,25,10,34,44,3,91,52,0,52,143
03/14/2014,ATW,WI,AGL,CE,Federal Contract Tower,10,38,17,2,67,0,0,11,0,11,10,38,28,2,78,4,0,4,82
03/15/2014,ATW,WI,AGL,CE,Federal Contract Tower,4,18,3,0,25,0,0,21,0,21,4,18,24,0,46,20,0,20,66
03/16/2014,ATW,WI,AGL,CE,Federal Contract Tower,7,26,11,0,44,0,0,17,0,17,7,26,28,0,61,12,0,12,73
03/17/2014,ATW,WI,AGL,CE,Federal Contract Tower,9,28,17,2,56,0,0,11,0,11,9,28,28,2,67,0,0,0,67
03/18/2014,ATW,WI,AGL,CE,Federal Contract Tower,6,30,9,2,47,0,0,11,0,11,6,30,20,2,58,0,0,0,58
03/19/2014,ATW,WI,AGL,CE,Federal Contract Tower,8,33,20,1,62,0,0,1,0,1,8,33,21,1,63,0,0,0,63
03/20/2014,ATW,WI,AGL,CE,Federal Contract Tower,12,28,28,4,72,0,1,12,0,13,12,29,40,4,85,0,0,0,85
03/21/2014,ATW,WI,AGL,CE,Federal Contract Tower,10,33,24,0,67,0,0,12,0,12,10,33,36,0,79,4,0,4,83
03/22/2014,ATW,WI,AGL,CE,Federal Contract Tower,5,17,8,0,30,0,0,6,0,6,5,17,14,0,36,12,0,12,48
03/23/2014,ATW,WI,AGL,CE,Federal Contract Tower,12,21,10,0,43,0,0,20,0,20,12,21,30,0,63,0,0,0,63
03/24/2014,ATW,WI,AGL,CE,Federal Contract Tower,8,31,17,0,56,0,0,3,0,3,8,31,20,0,59,4,0,4,63
03/25/2014,ATW,WI,AGL,CE,Federal Contract Tower,10,28,12,0,50,0,0,6,0,6,10,28,18,0,56,0,0,0,56
03/26/2014,ATW,WI,AGL,CE,Federal Contract Tower,8,35,15,0,58,0,4,18,0,22,8,39,33,0,80,20,0,20,100
03/27/2014,ATW,WI,AGL,CE,Federal Contract Tower,8,31,18,0,57,0,0,0,0,0,8,31,18,0,57,0,0,0,57
03/28/2014,ATW,WI,AGL,CE,Federal Contract Tower,9,28,17,0,54,0,0,15,0,15,9,28,32,0,69,22,0,22,91
03/29/2014,ATW,WI,AGL,CE,Federal Contract Tower,4,21,7,0,32,0,0,29,0,29,4,21,36,0,61,28,0,28,89
03/30/2014,ATW,WI,AGL,CE,Federal Contract Tower,6,24,11,0,41,0,0,13,0,13,6,24,24,0,54,0,0,0,54
03/31/2014,ATW,WI,AGL,CE,Federal Contract Tower,9,31,21,0,61,0,0,12,0,12,9,31,33,0,73,12,0,12,85
04/01/2014,ATW,WI,AGL,CE,Federal Contract Tower,10,30,8,0,48,0,0,1,0,1,10,30,9,0,49,0,0,0,49
04/02/2014,ATW,WI,AGL,CE,Federal Contract Tower,10,35,17,0,62,0,1,30,0,31,10,36,47,0,93,20,0,20,113
04/03/2014,ATW,WI,AGL,CE,Federal Contract Tower,11,42,21,0,74,0,0,17,0,17,11,42,38,0,91,14,0,14,105
04/04/2014,ATW,WI,AGL,CE,Federal Contract Tower,10,25,14,0,49,0,0,0,0,0,10,25,14,0,49,0,0,0,49
04/05/2014,ATW,WI,AGL,CE,Federal Contract Tower,5,22,8,0,35,0,0,29,0,29,5,22,37,0,64,34,0,34,98
04/06/2014,ATW,WI,AGL,CE,Federal Contract Tower,6,21,14,0,41,0,0,28,0,28,6,21,42,0,69,54,0,54,123
04/07/2014,ATW,WI,AGL,CE,Federal Contract Tower,9,33,16,3,61,0,0,29,0,29,9,33,45,3,90,20,0,20,110
04/08/2014,ATW,WI,AGL,CE,Federal Contract Tower,8,29,25,1,63,0,3,18,0,21,8,32,43,1,84,18,2,20,104
04/09/2014,ATW,WI,AGL,CE,Federal Contract Tower,8,42,31,0,81,0,0,23,2,25,8,42,54,2,106,10,0,10,116
04/10/2014,ATW,WI,AGL,CE,Federal Contract Tower,8,38,16,0,62,0,1,19,0,20,8,39,35,0,82,2,0,2,84
04/11/2014,ATW,WI,AGL,CE,Federal Contract Tower,10,40,28,0,78,0,7,38,0,45,10,47,66,0,123,30,0,30,153
04/12/2014,ATW,WI,AGL,CE,Federal Contract Tower,5,20,7,1,33,0,0,9,0,9,5,20,16,1,42,6,0,6,48
04/13/2014,ATW,WI,AGL,CE,Federal Contract Tower,6,21,7,0,34,0,0,0,0,0,6,21,7,0,34,0,0,0,34
04/14/2014,ATW,WI,AGL,CE,Federal Contract Tower,9,29,18,0,56,0,0,4,0,4,9,29,22,0,60,16,0,16,76
04/15/2014,ATW,WI,AGL,CE,Federal Contract Tower,8,35,16,0,59,0,1,24,0,25,8,36,40,0,84,16,0,16,100
04/16/2014,ATW,WI,AGL,CE,Federal Contract Tower,8,33,18,0,59,0,1,11,0,12,8,34,29,0,71,14,0,14,85
04/17/2014,ATW,WI,AGL,CE,Federal Contract Tower,8,39,26,0,73,0,0,11,0,11,8,39,37,0,84,14,0,14,98
04/18/2014,ATW,WI,AGL,CE,Federal Contract Tower,9,34,23,0,66,0,2,32,0,34,9,36,55,0,100,32,0,32,132
04/19/2014,ATW,WI,AGL,CE,Federal Contract Tower,4,16,7,0,27,0,0,33,0,33,4,16,40,0,60,30,0,30,90
04/20/2014,ATW,WI,AGL,CE,Federal Contract Tower,7,22,5,0,34,0,0,7,0,7,7,22,12,0,41,24,0,24,65
04/21/2014,ATW,WI,AGL,CE,Federal Contract Tower,9,35,29,3,76,0,0,21,0,21,9,35,50,3,97,0,0,0,97
04/22/2014,ATW,WI,AGL,CE,Federal Contract Tower,8,39,22,0,69,0,0,18,0,18,8,39,40,0,87,18,0,18,105
04/23/2014,ATW,WI,AGL,CE,Federal Contract Tower,8,41,24,0,73,0,1,57,0,58,8,42,81,0,131,20,0,20,151
04/24/2014,ATW,WI,AGL,CE,Federal Contract Tower,8,39,20,0,67,0,0,2,0,2,8,39,22,0,69,0,0,0,69
04/25/2014,ATW,WI,AGL,CE,Federal Contract Tower,10,36,25,0,71,0,1,11,0,12,10,37,36,0,83,10,0,10,93
04/26/2014,ATW,WI,AGL,CE,Federal Contract Tower,5,16,12,0,33,0,0,25,0,25,5,16,37,0,58,28,0,28,86
04/27/2014,ATW,WI,AGL,CE,Federal Contract Tower,6,23,3,0,32,0,0,2,0,2,6,23,5,0,34,0,0,0,34
04/28/2014,ATW,WI,AGL,CE,Federal Contract Tower,9,30,12,0,51,0,0,1,0,1,9,30,13,0,52,0,0,0,52
04/29/2014,ATW,WI,AGL,CE,Federal Contract Tower,8,36,21,0,65,0,0,0,0,0,8,36,21,0,65,0,0,0,65
04/30/2014,ATW,WI,AGL,CE,Federal Contract Tower,8,33,24,0,65,0,6,3,0,9,8,39,27,0,74,0,0,0,74
05/01/2014,ATW,WI,AGL,CE,Federal Contract Tower,8,33,23,0,64,0,4,4,0,8,8,37,27,0,72,4,0,4,76
05/02/2014,ATW,WI,AGL,CE,Federal Contract Tower,9,33,23,0,65,0,0,17,0,17,9,33,40,0,82,18,0,18,100
05/03/2014,ATW,WI,AGL,CE,Federal Contract Tower,9,12,6,5,32,0,0,20,0,20,9,12,26,5,52,16,0,16,68
05/04/2014,ATW,WI,AGL,CE,Federal Contract Tower,5,23,15,0,43,0,1,29,0,30,5,24,44,0,73,22,0,22,95
05/05/2014,ATW,WI,AGL,CE,Federal Contract Tower,9,30,17,1,57,0,0,16,0,16,9,30,33,1,73,14,0,14,87
05/06/2014,ATW,WI,AGL,CE,Federal Contract Tower,10,32,11,0,53,0,1,31,0,32,10,33,42,0,85,32,0,32,117
05/07/2014,ATW,WI,AGL,CE,Federal Contract Tower,10,35,18,0,63,0,0,0,0,0,10,35,18,0,63,0,0,0,63
05/08/2014,ATW,WI,AGL,CE,Federal Contract Tower,12,37,14,0,63,0,4,13,0,17,12,41,27,0,80,38,0,38,118
05/09/2014,ATW,WI,AGL,CE,Federal Contract Tower,10,35,13,7,65,0,0,17,0,17,10,35,30,7,82,12,0,12,94
05/10/2014,ATW,WI,AGL,CE,Federal Contract Tower,10,12,8,0,30,0,0,31,0,31,10,12,39,0,61,20,0,20,81
05/11/2014,ATW,WI,AGL,CE,Federal Contract Tower,8,17,12,0,37,0,0,11,0,11,8,17,23,0,48,2,0,2,50
05/12/2014,ATW,WI,AGL,CE,Federal Contract Tower,9,24,29,0,62,0,0,2,0,2,9,24,31,0,64,0,0,0,64
05/13/2014,ATW,WI,AGL,CE,Federal Contract Tower,10,30,16,0,56,0,0,9,0,9,10,30,25,0,65,10,0,10,75
05/14/2014,ATW,WI,AGL,CE,Federal Contract Tower,10,26,40,0,76,0,0,23,0,23,10,26,63,0,99,4,0,4,103
05/15/2014,ATW,WI,AGL,CE,Federal Contract Tower,10,34,24,1,69,0,0,14,0,14,10,34,38,1,83,0,2,2,85
05/16/2014,ATW,WI,AGL,CE,Federal Contract Tower,10,31,33,0,74,0,0,12,0,12,10,31,45,0,86,38,0,38,124
05/17/2014,ATW,WI,AGL,CE,Federal Contract Tower,11,11,11,0,33,0,0,18,0,18,11,11,29,0,51,6,0,6,57
05/18/2014,ATW,WI,AGL,CE,Federal Contract Tower,7,25,14,0,46,0,0,21,0,21,7,25,35,0,67,42,0,42,109
05/19/2014,ATW,WI,AGL,CE,Federal Contract Tower,10,31,19,0,60,0,1,10,0,11,10,32,29,0,71,0,0,0,71
05/20/2014,ATW,WI,AGL,CE,Federal Contract Tower,9,28,17,0,54,0,5,27,0,32,9,33,44,0,86,50,0,50,136
05/21/2014,ATW,WI,AGL,CE,Federal Contract Tower,12,40,20,0,72,0,15,2,0,17,12,55,22,0,89,18,0,18,107
05/22/2014,ATW,WI,AGL,CE,Federal Contract Tower,9,33,37,0,79,0,0,30,0,30,9,33,67,0,109,20,0,20,129
05/23/2014,ATW,WI,AGL,CE,Federal Contract Tower,12,33,27,0,72,0,4,26,0,30,12,37,53,0,102,4,0,4,106
05/24/2014,ATW,WI,AGL,CE,Federal Contract Tower,10,12,8,0,30,0,0,41,0,41,10,12,49,0,71,28,0,28,99
05/25/2014,ATW,WI,AGL,CE,Federal Contract Tower,8,6,13,0,27,0,1,43,0,44,8,7,56,0,71,26,0,26,97
05/26/2014,ATW,WI,AGL,CE,Federal Contract Tower,11,20,7,0,38,0,0,6,0,6,11,20,13,0,44,6,0,6,50
05/27/2014,ATW,WI,AGL,CE,Federal Contract Tower,7,31,29,2,69,0,0,3,0,3,7,31,32,2,72,30,0,30,102
05/28/2014,ATW,WI,AGL,CE,Federal Contract Tower,10,32,35,1,78,0,0,18,0,18,10,32,53,1,96,0,0,0,96
05/29/2014,ATW,WI,AGL,CE,Federal Contract Tower,9,33,36,0,78,0,2,40,0,42,9,35,76,0,120,22,0,22,142
05/30/2014,ATW,WI,AGL,CE,Federal Contract Tower,12,34,31,0,77,0,0,41,0,41,12,34,72,0,118,8,0,8,126
05/31/2014,ATW,WI,AGL,CE,Federal Contract Tower,9,16,7,0,32,0,0,35,0,35,9,16,42,0,67,0,0,0,67
06/01/2014,ATW,WI,AGL,CE,Federal Contract Tower,9,15,6,0,30,0,0,0,0,0,9,15,6,0,30,0,0,0,30
06/02/2014,ATW,WI,AGL,CE,Federal Contract Tower,13,32,24,0,69,0,0,4,0,4,13,32,28,0,73,2,2,4,77
06/03/2014,ATW,WI,AGL,CE,Federal Contract Tower,10,34,16,0,60,0,0,9,0,9,10,34,25,0,69,0,0,0,69
06/04/2014,ATW,WI,AGL,CE,Federal Contract Tower,8,32,18,0,58,0,0,23,0,23,8,32,41,0,81,4,0,4,85
06/05/2014,ATW,WI,AGL,CE,Federal Contract Tower,11,31,25,0,67,0,0,31,0,31,11,31,56,0,98,32,0,32,130
06/06/2014,ATW,WI,AGL,CE,Federal Contract Tower,11,40,26,0,77,0,0,23,0,23,11,40,49,0,100,10,0,10,110
06/07/2014,ATW,WI,AGL,CE,Federal Contract Tower,7,19,6,0,32,0,0,20,0,20,7,19,26,0,52,12,0,12,64
06/08/2014,ATW,WI,AGL,CE,Federal Contract Tower,7,23,7,0,37,0,2,18,0,20,7,25,25,0,57,12,0,12,69
06/09/2014,ATW,WI,AGL,CE,Federal Contract Tower,11,34,23,0,68,0,0,35,0,35,11,34,58,0,103,28,0,28,131
06/10/2014,ATW,WI,AGL,CE,Federal Contract Tower,10,28,13,0,51,0,0,17,0,17,10,28,30,0,68,8,0,8,76
06/11/2014,ATW,WI,AGL,CE,Federal Contract Tower,10,41,33,0,84,0,0,25,0,25,10,41,58,0,109,30,0,30,139
06/12/2014,ATW,WI,AGL,CE,Federal Contract Tower,9,32,34,0,75,0,4,21,0,25,9,36,55,0,100,14,0,14,114
06/13/2014,ATW,WI,AGL,CE,Federal Contract Tower,12,32,26,0,70,0,0,26,2,28,12,32,52,2,98,42,0,42,140
06/14/2014,ATW,WI,AGL,CE,Federal Contract Tower,8,20,10,0,38,0,8,41,0,49,8,28,51,0,87,24,0,24,111
06/15/2014,ATW,WI,AGL,CE,Federal Contract Tower,7,21,11,0,39,0,0,1,0,1,7,21,12,0,40,0,0,0,40
06/16/2014,ATW,WI,AGL,CE,Federal Contract Tower,10,28,21,0,59,0,8,37,0,45,10,36,58,0,104,34,0,34,138
06/17/2014,ATW,WI,AGL,CE,Federal Contract Tower,11,35,13,0,59,0,0,7,0,7,11,35,20,0,66,8,0,8,74
06/18/2014,ATW,WI,AGL,CE,Federal Contract Tower,10,30,21,0,61,0,0,5,0,5,10,30,26,0,66,6,0,6,72
06/19/2014,ATW,WI,AGL,CE,Federal Contract Tower,9,24,27,0,60,0,0,10,0,10,9,24,37,0,70,0,0,0,70
06/20/2014,ATW,WI,AGL,CE,Federal Contract Tower,9,23,26,0,58,0,0,0,0,0,9,23,26,0,58,0,0,0,58
06/21/2014,ATW,WI,AGL,CE,Federal Contract Tower,7,16,10,0,33,0,0,2,0,2,7,16,12,0,35,0,0,0,35
06/22/2014,ATW,WI,AGL,CE,Federal Contract Tower,7,27,8,0,42,0,0,7,0,7,7,27,15,0,49,34,0,34,83
06/23/2014,ATW,WI,AGL,CE,Federal Contract Tower,11,30,18,0,59,0,0,20,0,20,11,30,38,0,79,52,0,52,131
06/24/2014,ATW,WI,AGL,CE,Federal Contract Tower,9,32,21,0,62,0,0,7,0,7,9,32,28,0,69,18,0,18,87
06/25/2014,ATW,WI,AGL,CE,Federal Contract Tower,9,29,41,0,79,0,0,7,0,7,9,29,48,0,86,6,0,6,92
06/26/2014,ATW,WI,AGL,CE,Federal Contract Tower,10,34,28,2,74,0,0,40,0,40,10,34,68,2,114,28,0,28,142
06/27/2014,ATW,WI,AGL,CE,Federal Contract Tower,12,30,31,0,73,0,0,27,0,27,12,30,58,0,100,14,0,14,114
06/28/2014,ATW,WI,AGL,CE,Federal Contract Tower,6,16,9,0,31,0,0,28,0,28,6,16,37,0,59,18,0,18,77
06/29/2014,ATW,WI,AGL,CE,Federal Contract Tower,7,22,6,0,35,0,0,13,0,13,7,22,19,0,48,0,0,0,48
06/30/2014,ATW,WI,AGL,CE,Federal Contract Tower,9,29,29,0,67,0,0,6,0,6,9,29,35,0,73,16,0,16,89
07/01/2014,ATW,WI,AGL,CE,Federal Contract Tower,8,19,16,0,43,0,0,10,0,10,8,19,26,0,53,34,0,34,87
07/02/2014,ATW,WI,AGL,CE,Federal Contract Tower,15,28,24,2,69,0,0,17,0,17,15,28,41,2,86,32,0,32,118
07/03/2014,ATW,WI,AGL,CE,Federal Contract Tower,18,22,27,0,67,0,3,41,0,44,18,25,68,0,111,18,0,18,129
07/04/2014,ATW,WI,AGL,CE,Federal Contract Tower,11,6,8,0,25,0,0,24,0,24,11,6,32,0,49,16,0,16,65
07/05/2014,ATW,WI,AGL,CE,Federal Contract Tower,13,10,5,0,28,0,0,8,0,8,13,10,13,0,36,0,0,0,36
07/06/2014,ATW,WI,AGL,CE,Federal Contract Tower,10,18,13,0,41,0,0,0,0,0,10,18,13,0,41,0,0,0,41
07/07/2014,ATW,WI,AGL,CE,Federal Contract Tower,18,22,14,0,54,0,0,14,0,14,18,22,28,0,68,14,0,14,82
07/08/2014,ATW,WI,AGL,CE,Federal Contract Tower,15,20,18,1,54,0,0,13,0,13,15,20,31,1,67,0,0,0,67
07/09/2014,ATW,WI,AGL,CE,Federal Contract Tower,18,22,19,0,59,0,0,31,0,31,18,22,50,0,90,58,0,58,148
07/10/2014,ATW,WI,AGL,CE,Federal Contract Tower,18,22,16,0,56,0,0,31,0,31,18,22,47,0,87,52,0,52,139
07/11/2014,ATW,WI,AGL,CE,Federal Contract Tower,19,24,22,0,65,0,0,38,0,38,19,24,60,0,103,50,2,52,155
07/12/2014,ATW,WI,AGL,CE,Federal Contract Tower,12,16,17,0,45,0,0,23,0,23,12,16,40,0,68,16,0,16,84
07/13/2014,ATW,WI,AGL,CE,Federal Contract Tower,17,19,23,0,59,0,2,20,0,22,17,21,43,0,81,10,0,10,91
07/14/2014,ATW,WI,AGL,CE,Federal Contract Tower,18,30,22,0,70,0,0,37,0,37,18,30,59,0,107,6,0,6,113
07/15/2014,ATW,WI,AGL,CE,Federal Contract Tower,17,18,26,2,63,0,0,0,16,16,17,18,26,18,79,0,30,30,109
07/16/2014,ATW,WI,AGL,CE,Federal Contract Tower,19,28,14,0,61,0,2,54,0,56,19,30,68,0,117,44,0,44,161
07/17/2014,ATW,WI,AGL,CE,Federal Contract Tower,17,17,28,0,62,0,0,40,0,40,17,17,68,0,102,58,0,58,160
07/18/2014,ATW,WI,AGL,CE,Federal Contract Tower,18,18,32,0,68,0,0,44,0,44,18,18,76,0,112,66,0,66,178
07/19/2014,ATW,WI,AGL,CE,Federal Contract Tower,13,18,9,0,40,0,0,28,0,28,13,18,37,0,68,40,0,40,108
07/20/2014,ATW,WI,AGL,CE,Federal Contract Tower,15,15,5,0,35,0,0,26,0,26,15,15,31,0,61,32,0,32,93
07/21/2014,ATW,WI,AGL,CE,Federal Contract Tower,19,21,26,0,66,0,0,36,0,36,19,21,62,0,102,6,0,6,108
07/22/2014,ATW,WI,AGL,CE,Federal Contract Tower,20,29,27,0,76,0,0,28,0,28,20,29,55,0,104,14,0,14,118
07/23/2014,ATW,WI,AGL,CE,Federal Contract Tower,17,25,37,0,79,0,0,57,0,57,17,25,94,0,136,46,0,46,182
07/24/2014,ATW,WI,AGL,CE,Federal Contract Tower,18,22,18,0,58,0,0,59,0,59,18,22,77,0,117,46,0,46,163
07/25/2014,ATW,WI,AGL,CE,Federal Contract Tower,20,18,30,0,68,0,0,90,0,90,20,18,120,0,158,8,0,8,166
07/26/2014,ATW,WI,AGL,CE,Federal Contract Tower,9,17,24,0,50,0,2,55,0,57,9,19,79,0,107,2,0,2,109
07/27/2014,ATW,WI,AGL,CE,Federal Contract Tower,19,7,49,0,75,0,0,118,0,118,19,7,167,0,193,34,0,34,227
07/28/2014,ATW,WI,AGL,CE,Federal Contract Tower,22,20,68,0,110,0,0,219,0,219,22,20,287,0,329,10,0,10,339
07/29/2014,ATW,WI,AGL,CE,Federal Contract Tower,16,25,63,0,104,0,0,153,0,153,16,25,216,0,257,10,0,10,267
07/30/2014,ATW,WI,AGL,CE,Federal Contract Tower,18,30,88,0,136,0,1,254,1,256,18,31,342,1,392,50,0,50,442
07/31/2014,ATW,WI,AGL,CE,Federal Contract Tower,17,24,93,2,136,0,0,339,0,339,17,24,432,2,475,50,0,50,525
08/01/2014,ATW,WI,AGL,CE,Federal Contract Tower,17,25,64,0,106,0,6,178,0,184,17,31,242,0,290,26,0,26,316
08/02/2014,ATW,WI,AGL,CE,Federal Contract Tower,13,18,66,0,97,0,0,180,0,180,13,18,246,0,277,2,0,2,279
08/03/2014,ATW,WI,AGL,CE,Federal Contract Tower,21,11,72,0,104,0,2,106,0,108,21,13,178,0,212,4,0,4,216
08/04/2014,ATW,WI,AGL,CE,Federal Contract Tower,18,18,39,0,75,0,0,22,0,22,18,18,61,0,97,0,0,0,97
08/05/2014,ATW,WI,AGL,CE,Federal Contract Tower,16,16,19,0,51,0,0,30,0,30,16,16,49,0,81,38,0,38,119
08/06/2014,ATW,WI,AGL,CE,Federal Contract Tower,18,25,28,0,71,0,0,48,0,48,18,25,76,0,119,42,0,42,161
08/07/2014,ATW,WI,AGL,CE,Federal Contract Tower,17,23,24,0,64,0,2,42,0,44,17,25,66,0,108,80,0,80,188
08/08/2014,ATW,WI,AGL,CE,Federal Contract Tower,19,23,22,0,64,0,2,35,0,37,19,25,57,0,101,36,0,36,137
08/09/2014,ATW,WI,AGL,CE,Federal Contract Tower,11,12,6,0,29,0,2,37,0,39,11,14,43,0,68,24,0,24,92
08/10/2014,ATW,WI,AGL,CE,Federal Contract Tower,16,14,13,0,43,0,1,27,0,28,16,15,40,0,71,38,0,38,109
08/11/2014,ATW,WI,AGL,CE,Federal Contract Tower,19,18,25,0,62,0,0,21,0,21,19,18,46,0,83,26,0,26,109
08/12/2014,ATW,WI,AGL,CE,Federal Contract Tower,18,22,19,0,59,0,0,16,0,16,18,22,35,0,75,22,0,22,97
08/13/2014,ATW,WI,AGL,CE,Federal Contract Tower,17,18,16,2,53,0,1,57,0,58,17,19,73,2,111,88,4,92,203
08/14/2014,ATW,WI,AGL,CE,Federal Contract Tower,17,25,37,1,80,0,6,46,0,52,17,31,83,1,132,48,4,52,184
08/15/2014,ATW,WI,AGL,CE,Federal Contract Tower,16,18,21,0,55,0,0,43,0,43,16,18,64,0,98,60,0,60,158
08/16/2014,ATW,WI,AGL,CE,Federal Contract Tower,13,11,12,0,36,0,1,24,0,25,13,12,36,0,61,18,0,18,79
08/17/2014,ATW,WI,AGL,CE,Federal Contract Tower,18,15,12,0,45,0,0,29,0,29,18,15,41,0,74,14,0,14,88
08/18/2014,ATW,WI,AGL,CE,Federal Contract Tower,15,17,26,0,58,0,2,5,0,7,15,19,31,0,65,0,0,0,65
08/19/2014,ATW,WI,AGL,CE,Federal Contract Tower,15,29,6,0,50,0,0,11,0,11,15,29,17,0,61,22,0,22,83
08/20/2014,ATW,WI,AGL,CE,Federal Contract Tower,16,27,15,0,58,0,0,27,0,27,16,27,42,0,85,38,0,38,123
08/21/2014,ATW,WI,AGL,CE,Federal Contract Tower,15,20,17,0,52,0,0,6,0,6,15,20,23,0,58,28,0,28,86
08/22/2014,ATW,WI,AGL,CE,Federal Contract Tower,11,21,23,0,55,0,0,2,0,2,11,21,25,0,57,0,0,0,57
08/23/2014,ATW,WI,AGL,CE,Federal Contract Tower,13,13,9,0,35,0,0,0,0,0,13,13,9,0,35,0,0,0,35
08/24/2014,ATW,WI,AGL,CE,Federal Contract Tower,12,17,24,0,53,0,4,3,0,7,12,21,27,0,60,6,0,6,66
08/25/2014,ATW,WI,AGL,CE,Federal Contract Tower,11,19,28,0,58,0,0,12,0,12,11,19,40,0,70,16,0,16,86
08/26/2014,ATW,WI,AGL,CE,Federal Contract Tower,14,20,20,0,54,0,0,30,0,30,14,20,50,0,84,52,0,52,136
08/27/2014,ATW,WI,AGL,CE,Federal Contract Tower,16,26,23,0,65,0,2,38,0,40,16,28,61,0,105,28,0,28,133
08/28/2014,ATW,WI,AGL,CE,Federal Contract Tower,14,29,25,0,68,0,0,16,0,16,14,29,41,0,84,20,0,20,104
08/29/2014,ATW,WI,AGL,CE,Federal Contract Tower,16,24,28,0,68,0,0,10,0,10,16,24,38,0,78,24,0,24,102
08/30/2014,ATW,WI,AGL,CE,Federal Contract Tower,10,15,8,0,33,0,0,0,0,0,10,15,8,0,33,0,0,0,33
08/31/2014,ATW,WI,AGL,CE,Federal Contract Tower,6,12,10,0,28,0,0,13,0,13,6,12,23,0,41,12,0,12,53
09/01/2014,ATW,WI,AGL,CE,Federal Contract Tower,10,20,6,0,36,0,0,7,0,7,10,20,13,0,43,0,0,0,43
09/02/2014,ATW,WI,AGL,CE,Federal Contract Tower,8,25,16,0,49,0,0,20,0,20,8,25,36,0,69,42,0,42,111
09/03/2014,ATW,WI,AGL,CE,Federal Contract Tower,12,24,31,0,67,0,3,29,0,32,12,27,60,0,99,34,0,34,133
09/04/2014,ATW,WI,AGL,CE,Federal Contract Tower,14,20,24,0,58,0,0,4,0,4,14,20,28,0,62,0,10,10,72
09/05/2014,ATW,WI,AGL,CE,Federal Contract Tower,13,17,25,0,55,0,0,23,0,23,13,17,48,0,78,32,0,32,110
09/06/2014,ATW,WI,AGL,CE,Federal Contract Tower,9,15,12,0,36,0,1,22,0,23,9,16,34,0,59,12,0,12,71
09/07/2014,ATW,WI,AGL,CE,Federal Contract Tower,13,17,18,0,48,0,0,37,0,37,13,17,55,0,85,14,0,14,99
09/08/2014,ATW,WI,AGL,CE,Federal Contract Tower,12,21,30,0,63,0,0,22,0,22,12,21,52,0,85,46,0,46,131
09/09/2014,ATW,WI,AGL,CE,Federal Contract Tower,12,23,24,1,60,0,1,25,0,26,12,24,49,1,86,44,0,44,130
09/10/2014,ATW,WI,AGL,CE,Federal Contract Tower,12,21,9,0,42,0,0,2,0,2,12,21,11,0,44,8,0,8,52
09/11/2014,ATW,WI,AGL,CE,Federal Contract Tower,17,24,22,0,63,0,0,12,0,12,17,24,34,0,75,46,0,46,121
09/12/2014,ATW,WI,AGL,CE,Federal Contract Tower,16,23,27,0,66,0,1,13,0,14,16,24,40,0,80,2,0,2,82
09/13/2014,ATW,WI,AGL,CE,Federal Contract Tower,10,20,14,0,44,0,1,32,0,33,10,21,46,0,77,30,0,30,107
09/14/2014,ATW,WI,AGL,CE,Federal Contract Tower,9,21,11,0,41,0,2,22,0,24,9,23,33,0,65,22,0,22,87
09/15/2014,ATW,WI,AGL,CE,Federal Contract Tower,10,24,28,0,62,0,0,12,0,12,10,24,40,0,74,4,0,4,78
09/16/2014,ATW,WI,AGL,CE,Federal Contract Tower,14,27,28,0,69,0,2,38,0,40,14,29,66,0,109,32,0,32,141
09/17/2014,ATW,WI,AGL,CE,Federal Contract Tower,12,33,33,0,78,0,0,44,2,46,12,33,77,2,124,126,4,130,254
09/18/2014,ATW,WI,AGL,CE,Federal Contract Tower,14,32,31,0,77,0,0,24,0,24,14,32,55,0,101,18,0,18,119
09/19/2014,ATW,WI,AGL,CE,Federal Contract Tower,14,24,26,0,64,0,0,21,0,21,14,24,47,0,85,4,0,4,89
09/20/2014,ATW,WI,AGL,CE,Federal Contract Tower,7,17,10,0,34,0,0,14,0,14,7,17,24,0,48,16,0,16,64
09/21/2014,ATW,WI,AGL,CE,Federal Contract Tower,12,21,11,0,44,0,0,2,0,2,12,21,13,0,46,0,0,0,46
09/22/2014,ATW,WI,AGL,CE,Federal Contract Tower,12,26,22,0,60,0,0,22,0,22,12,26,44,0,82,66,0,66,148
09/23/2014,ATW,WI,AGL,CE,Federal Contract Tower,13,25,25,0,63,0,0,47,1,48,13,25,72,1,111,32,0,32,143
09/24/2014,ATW,WI,AGL,CE,Federal Contract Tower,12,25,23,0,60,0,0,33,0,33,12,25,56,0,93,22,0,22,115
09/25/2014,ATW,WI,AGL,CE,Federal Contract Tower,14,31,27,1,73,0,0,29,1,30,14,31,56,2,103,4,0,4,107
09/26/2014,ATW,WI,AGL,CE,Federal Contract Tower,12,14,22,0,48,0,0,42,0,42,12,14,64,0,90,0,0,0,90
09/27/2014,ATW,WI,AGL,CE,Federal Contract Tower,8,19,7,0,34,0,2,36,0,38,8,21,43,0,72,0,0,0,72
09/28/2014,ATW,WI,AGL,CE,Federal Contract Tower,10,13,14,0,37,0,0,27,0,27,10,13,41,0,64,18,0,18,82
09/29/2014,ATW,WI,AGL,CE,Federal Contract Tower,12,28,16,0,56,0,0,7,0,7,12,28,23,0,63,18,0,18,81
09/30/2014,ATW,WI,AGL,CE,Federal Contract Tower,13,23,18,0,54,0,0,1,0,1,13,23,19,0,55,6,2,8,63
10/01/2014,ATW,WI,AGL,CE,Federal Contract Tower,14,25,31,0,70,0,0,8,0,8,14,25,39,0,78,12,0,12,90
10/02/2014,ATW,WI,AGL,CE,Federal Contract Tower,14,26,25,0,65,0,0,6,0,6,14,26,31,0,71,0,0,0,71
10/03/2014,ATW,WI,AGL,CE,Federal Contract Tower,12,29,27,0,68,0,1,1,0,2,12,30,28,0,70,0,0,0,70
10/04/2014,ATW,WI,AGL,CE,Federal Contract Tower,7,17,15,0,39,0,0,4,0,4,7,17,19,0,43,2,0,2,45
10/05/2014,ATW,WI,AGL,CE,Federal Contract Tower,11,17,16,0,44,0,0,38,0,38,11,17,54,0,82,18,0,18,100
10/06/2014,ATW,WI,AGL,CE,Federal Contract Tower,10,24,19,0,53,0,0,22,0,22,10,24,41,0,75,66,0,66,141
10/07/2014,ATW,WI,AGL,CE,Federal Contract Tower,9,24,15,0,48,0,0,25,2,27,9,24,40,2,75,48,2,50,125
10/08/2014,ATW,WI,AGL,CE,Federal Contract Tower,12,27,28,2,69,0,0,19,0,19,12,27,47,2,88,2,0,2,90
10/09/2014,ATW,WI,AGL,CE,Federal Contract Tower,16,22,19,1,58,0,0,20,1,21,16,22,39,2,79,24,0,24,103
10/10/2014,ATW,WI,AGL,CE,Federal Contract Tower,12,23,34,0,69,0,5,32,0,37,12,28,66,0,106,32,0,32,138
10/11/2014,ATW,WI,AGL,CE,Federal Contract Tower,7,17,10,0,34,0,0,39,0,39,7,17,49,0,73,10,0,10,83
10/12/2014,ATW,WI,AGL,CE,Federal Contract Tower,11,28,10,0,49,0,0,24,0,24,11,28,34,0,73,0,0,0,73
10/13/2014,ATW,WI,AGL,CE,Federal Contract Tower,12,24,28,0,64,0,0,1,0,1,12,24,29,0,65,2,0,2,67
10/14/2014,ATW,WI,AGL,CE,Federal Contract Tower,12,23,17,0,52,0,0,0,0,0,12,23,17,0,52,0,0,0,52
10/15/2014,ATW,WI,AGL,CE,Federal Contract Tower,12,28,40,0,80,0,0,0,0,0,12,28,40,0,80,0,0,0,80
10/16/2014,ATW,WI,AGL,CE,Federal Contract Tower,14,26,23,0,63,0,0,9,0,9,14,26,32,0,72,12,0,12,84
10/17/2014,ATW,WI,AGL,CE,Federal Contract Tower,14,27,24,0,65,0,0,6,0,6,14,27,30,0,71,0,0,0,71
10/18/2014,ATW,WI,AGL,CE,Federal Contract Tower,7,24,9,0,40,0,0,31,0,31,7,24,40,0,71,2,0,2,73
10/19/2014,ATW,WI,AGL,CE,Federal Contract Tower,11,27,9,0,47,0,0,25,0,25,11,27,34,0,72,16,0,16,88
10/20/2014,ATW,WI,AGL,CE,Federal Contract Tower,13,25,19,0,57,0,0,15,0,15,13,25,34,0,72,12,0,12,84
10/21/2014,ATW,WI,AGL,CE,Federal Contract Tower,12,24,14,0,50,0,0,17,0,17,12,24,31,0,67,0,0,0,67
10/22/2014,ATW,WI,AGL,CE,Federal Contract Tower,12,31,30,2,75,0,0,24,0,24,12,31,54,2,99,20,4,24,123
10/23/2014,ATW,WI,AGL,CE,Federal Contract Tower,14,31,22,0,67,0,0,5,0,5,14,31,27,0,72,14,0,14,86
10/24/2014,ATW,WI,AGL,CE,Federal Contract Tower,16,25,29,0,70,0,0,6,0,6,16,25,35,0,76,0,0,0,76
10/25/2014,ATW,WI,AGL,CE,Federal Contract Tower,5,16,6,0,27,0,0,20,0,20,5,16,26,0,47,8,0,8,55
10/26/2014,ATW,WI,AGL,CE,Federal Contract Tower,11,20,11,0,42,0,0,46,0,46,11,20,57,0,88,54,0,54,142
10/27/2014,ATW,WI,AGL,CE,Federal Contract Tower,13,23,14,5,55,0,0,17,0,17,13,23,31,5,72,32,8,40,112
10/28/2014,ATW,WI,AGL,CE,Federal Contract Tower,12,28,23,0,63,0,0,6,0,6,12,28,29,0,69,14,0,14,83
10/29/2014,ATW,WI,AGL,CE,Federal Contract Tower,12,27,21,0,60,0,0,8,0,8,12,27,29,0,68,14,4,18,86
10/30/2014,ATW,WI,AGL,CE,Federal Contract Tower,13,24,26,1,64,0,0,23,0,23,13,24,49,1,87,28,0,28,115
10/31/2014,ATW,WI,AGL,CE,Federal Contract Tower,14,18,22,0,54,0,0,0,0,0,14,18,22,0,54,0,0,0,54
11/01/2014,ATW,WI,AGL,CE,Federal Contract Tower,5,16,7,0,28,0,0,36,0,36,5,16,43,0,64,40,0,40,104
11/02/2014,ATW,WI,AGL,CE,Federal Contract Tower,9,21,6,0,36,0,0,21,0,21,9,21,27,0,57,18,0,18,75
11/03/2014,ATW,WI,AGL,CE,Federal Contract Tower,11,26,25,0,62,0,0,18,0,18,11,26,43,0,80,12,0,12,92
11/04/2014,ATW,WI,AGL,CE,Federal Contract Tower,12,20,31,0,63,0,0,8,0,8,12,20,39,0,71,0,0,0,71
11/05/2014,ATW,WI,AGL,CE,Federal Contract Tower,12,24,24,0,60,0,0,19,0,19,12,24,43,0,79,34,0,34,113
11/06/2014,ATW,WI,AGL,CE,Federal Contract Tower,11,31,24,0,66,0,0,0,0,0,11,31,24,0,66,0,0,0,66
11/07/2014,ATW,WI,AGL,CE,Federal Contract Tower,11,30,34,0,75,0,0,17,0,17,11,30,51,0,92,22,0,22,114
11/08/2014,ATW,WI,AGL,CE,Federal Contract Tower,7,15,9,0,31,0,4,2,0,6,7,19,11,0,37,0,0,0,37
11/09/2014,ATW,WI,AGL,CE,Federal Contract Tower,9,27,13,0,49,0,0,4,0,4,9,27,17,0,53,0,0,0,53
11/10/2014,ATW,WI,AGL,CE,Federal Contract Tower,10,22,27,0,59,0,0,0,0,0,10,22,27,0,59,0,0,0,59
11/11/2014,ATW,WI,AGL,CE,Federal Contract Tower,11,27,10,2,50,0,0,1,0,1,11,27,11,2,51,0,0,0,51
11/12/2014,ATW,WI,AGL,CE,Federal Contract Tower,12,31,19,0,62,0,0,5,2,7,12,31,24,2,69,10,4,14,83
11/13/2014,ATW,WI,AGL,CE,Federal Contract Tower,12,26,22,0,60,0,0,19,0,19,12,26,41,0,79,34,0,34,113
11/14/2014,ATW,WI,AGL,CE,Federal Contract Tower,13,32,22,0,67,0,0,31,0,31,13,32,53,0,98,18,0,18,116
11/15/2014,ATW,WI,AGL,CE,Federal Contract Tower,8,16,10,0,34,0,0,27,0,27,8,16,37,0,61,18,0,18,79
11/16/2014,ATW,WI,AGL,CE,Federal Contract Tower,8,22,8,0,38,0,0,2,0,2,8,22,10,0,40,6,0,6,46
11/17/2014,ATW,WI,AGL,CE,Federal Contract Tower,14,27,20,0,61,0,0,1,0,1,14,27,21,0,62,10,0,10,72
11/18/2014,ATW,WI,AGL,CE,Federal Contract Tower,12,24,26,1,63,0,0,10,1,11,12,24,36,2,74,16,0,16,90
11/19/2014,ATW,WI,AGL,CE,Federal Contract Tower,12,24,20,0,56,0,0,0,0,0,12,24,20,0,56,0,0,0,56
11/20/2014,ATW,WI,AGL,CE,Federal Contract Tower,12,27,31,0,70,0,0,19,0,19,12,27,50,0,89,24,0,24,113
11/21/2014,ATW,WI,AGL,CE,Federal Contract Tower,14,30,23,0,67,0,0,27,1,28,14,30,50,1,95,24,2,26,121
11/22/2014,ATW,WI,AGL,CE,Federal Contract Tower,9,18,5,0,32,0,0,0,0,0,9,18,5,0,32,0,0,0,32
11/23/2014,ATW,WI,AGL,CE,Federal Contract Tower,9,13,2,0,24,0,0,0,0,0,9,13,2,0,24,0,0,0,24
11/24/2014,ATW,WI,AGL,CE,Federal Contract Tower,13,10,16,0,39,0,0,0,0,0,13,10,16,0,39,0,0,0,39
11/25/2014,ATW,WI,AGL,CE,Federal Contract Tower,11,24,22,0,57,0,0,3,1,4,11,24,25,1,61,0,2,2,63
11/26/2014,ATW,WI,AGL,CE,Federal Contract Tower,18,22,5,0,45,0,0,0,0,0,18,22,5,0,45,0,0,0,45
11/27/2014,ATW,WI,AGL,CE,Federal Contract Tower,3,14,1,0,18,0,0,9,0,9,3,14,10,0,27,6,0,6,33
11/28/2014,ATW,WI,AGL,CE,Federal Contract Tower,6,13,1,0,20,0,0,0,0,0,6,13,1,0,20,0,0,0,20
11/29/2014,ATW,WI,AGL,CE,Federal Contract Tower,12,30,8,0,50,0,0,14,0,14,12,30,22,0,64,54,0,54,118
11/30/2014,ATW,WI,AGL,CE,Federal Contract Tower,12,22,10,0,44,0,8,2,0,10,12,30,12,0,54,6,0,6,60
12/01/2014,ATW,WI,AGL,CE,Federal Contract Tower,13,20,21,2,56,0,0,14,0,14,13,20,35,2,70,26,0,26,96
12/02/2014,ATW,WI,AGL,CE,Federal Contract Tower,13,23,19,2,57,0,0,5,0,5,13,23,24,2,62,4,0,4,66
12/03/2014,ATW,WI,AGL,CE,Federal Contract Tower,13,25,25,0,63,0,0,21,0,21,13,25,46,0,84,28,0,28,112
12/04/2014,ATW,WI,AGL,CE,Federal Contract Tower,14,27,21,5,67,0,0,28,0,28,14,27,49,5,95,50,10,60,155
12/05/2014,ATW,WI,AGL,CE,Federal Contract Tower,21,17,11,0,49,0,0,1,0,1,21,17,12,0,50,0,0,0,50
12/06/2014,ATW,WI,AGL,CE,Federal Contract Tower,7,20,3,0,30,0,0,35,0,35,7,20,38,0,65,36,0,36,101
12/07/2014,ATW,WI,AGL,CE,Federal Contract Tower,13,20,9,0,42,0,2,26,0,28,13,22,35,0,70,20,0,20,90
12/08/2014,ATW,WI,AGL,CE,Federal Contract Tower,9,17,19,0,45,0,0,0,0,0,9,17,19,0,45,0,0,0,45
12/09/2014,ATW,WI,AGL,CE,Federal Contract Tower,13,21,28,1,63,0,2,4,0,6,13,23,32,1,69,18,0,18,87
12/10/2014,ATW,WI,AGL,CE,Federal Contract Tower,13,23,30,0,66,0,0,0,0,0,13,23,30,0,66,0,0,0,66
12/11/2014,ATW,WI,AGL,CE,Federal Contract Tower,15,24,25,0,64,0,0,6,0,6,15,24,31,0,70,0,0,0,70
12/12/2014,ATW,WI,AGL,CE,Federal Contract Tower,21,22,14,0,57,0,0,0,0,0,21,22,14,0,57,0,0,0,57
12/13/2014,ATW,WI,AGL,CE,Federal Contract Tower,4,8,2,0,14,0,0,0,0,0,4,8,2,0,14,0,0,0,14
12/14/2014,ATW,WI,AGL,CE,Federal Contract Tower,1,3,0,0,4,0,0,0,0,0,1,3,0,0,4,0,0,0,4
12/15/2014,ATW,WI,AGL,CE,Federal Contract Tower,13,16,8,0,37,0,0,0,0,0,13,16,8,0,37,0,0,0,37
12/16/2014,ATW,WI,AGL,CE,Federal Contract Tower,17,25,21,1,64,0,0,0,0,0,17,25,21,1,64,0,0,0,64
12/17/2014,ATW,WI,AGL,CE,Federal Contract Tower,13,25,30,0,68,0,0,14,0,14,13,25,44,0,82,17,0,17,99
12/18/2014,ATW,WI,AGL,CE,Federal Contract Tower,16,33,23,0,72,0,1,15,0,16,16,34,38,0,88,0,0,0,88
12/19/2014,ATW,WI,AGL,CE,Federal Contract Tower,17,21,21,0,59,0,2,36,4,42,17,23,57,4,101,56,2,58,159
12/20/2014,ATW,WI,AGL,CE,Federal Contract Tower,8,25,6,0,39,0,5,11,0,16,8,30,17,0,55,50,0,50,105
12/21/2014,ATW,WI,AGL,CE,Federal Contract Tower,10,22,2,0,34,0,0,0,0,0,10,22,2,0,34,0,0,0,34
12/22/2014,ATW,WI,AGL,CE,Federal Contract Tower,7,21,16,2,46,0,0,0,0,0,7,21,16,2,46,0,0,0,46
12/23/2014,ATW,WI,AGL,CE,Federal Contract Tower,10,22,9,0,41,0,0,0,0,0,10,22,9,0,41,0,0,0,41
12/24/2014,ATW,WI,AGL,CE,Federal Contract Tower,12,12,1,0,25,0,0,0,0,0,12,12,1,0,25,0,0,0,25
12/25/2014,ATW,WI,AGL,CE,Federal Contract Tower,4,12,5,0,21,0,0,2,0,2,4,12,7,0,23,0,0,0,23
12/26/2014,ATW,WI,AGL,CE,Federal Contract Tower,12,21,16,0,49,0,0,22,0,22,12,21,38,0,71,16,0,16,87
12/27/2014,ATW,WI,AGL,CE,Federal Contract Tower,9,24,6,0,39,0,0,1,0,1,9,24,7,0,40,0,0,0,40
12/28/2014,ATW,WI,AGL,CE,Federal Contract Tower,6,20,6,0,32,0,1,12,0,13,6,21,18,0,45,18,0,18,63
12/29/2014,ATW,WI,AGL,CE,Federal Contract Tower,8,19,20,0,47,0,9,23,0,32,8,28,43,0,79,38,0,38,117
12/30/2014,ATW,WI,AGL,CE,Federal Contract Tower,8,18,10,0,36,0,3,8,0,11,8,21,18,0,47,4,0,4,51
12/31/2014,ATW,WI,AGL,CE,Federal Contract Tower,10,18,6,0,34,0,3,2,0,5,10,21,8,0,39,12,0,12,51
01/01/2015,ATW,WI,AGL,CE,Federal Contract Tower,4,13,1,0,18,0,0,5,0,5,4,13,6,0,23,8,0,8,31
01/02/2015,ATW,WI,AGL,CE,Federal Contract Tower,9,21,7,0,37,0,0,29,0,29,9,21,36,0,66,32,0,32,98
01/03/2015,ATW,WI,AGL,CE,Federal Contract Tower,7,20,4,0,31,0,0,0,0,0,7,20,4,0,31,0,0,0,31
01/04/2015,ATW,WI,AGL,CE,Federal Contract Tower,9,16,8,0,33,0,0,0,0,0,9,16,8,0,33,0,0,0,33
01/05/2015,ATW,WI,AGL,CE,Federal Contract Tower,11,24,8,0,43,0,0,0,0,0,11,24,8,0,43,2,0,2,45
01/06/2015,ATW,WI,AGL,CE,Federal Contract Tower,13,19,10,0,42,0,0,11,0,11,13,19,21,0,53,4,0,4,57
01/07/2015,ATW,WI,AGL,CE,Federal Contract Tower,14,20,19,0,53,0,0,2,0,2,14,20,21,0,55,0,0,0,55
01/08/2015,ATW,WI,AGL,CE,Federal Contract Tower,13,14,24,0,51,0,1,2,0,3,13,15,26,0,54,0,0,0,54
01/09/2015,ATW,WI,AGL,CE,Federal Contract Tower,14,17,14,0,45,0,0,6,0,6,14,17,20,0,51,2,0,2,53
01/10/2015,ATW,WI,AGL,CE,Federal Contract Tower,5,16,11,0,32,0,0,16,0,16,5,16,27,0,48,0,0,0,48
01/11/2015,ATW,WI,AGL,CE,Federal Contract Tower,10,17,22,0,49,0,0,9,0,9,10,17,31,0,58,4,0,4,62
01/12/2015,ATW,WI,AGL,CE,Federal Contract Tower,13,23,20,0,56,0,0,0,0,0,13,23,20,0,56,28,0,28,84
01/13/2015,ATW,WI,AGL,CE,Federal Contract Tower,12,20,10,0,42,0,0,3,0,3,12,20,13,0,45,30,0,30,75
01/14/2015,ATW,WI,AGL,CE,Federal Contract Tower,12,27,16,2,57,0,0,2,0,2,12,27,18,2,59,0,0,0,59
01/15/2015,ATW,WI,AGL,CE,Federal Contract Tower,13,23,18,0,54,0,1,20,2,23,13,24,38,2,77,0,0,0,77
01/16/2015,ATW,WI,AGL,CE,Federal Contract Tower,14,26,22,0,62,0,0,19,0,19,14,26,41,0,81,16,0,16,97
01/17/2015,ATW,WI,AGL,CE,Federal Contract Tower,4,19,1,2,26,0,0,9,0,9,4,19,10,2,35,4,0,4,39
01/18/2015,ATW,WI,AGL,CE,Federal Contract Tower,7,14,12,0,33,0,0,8,0,8,7,14,20,0,41,0,0,0,41
01/19/2015,ATW,WI,AGL,CE,Federal Contract Tower,15,22,26,0,63,0,0,5,0,5,15,22,31,0,68,0,0,0,68
01/20/2015,ATW,WI,AGL,CE,Federal Contract Tower,12,16,22,0,50,0,0,0,0,0,12,16,22,0,50,0,0,0,50
01/21/2015,ATW,WI,AGL,CE,Federal Contract Tower,12,25,18,1,56,0,0,6,0,6,12,25,24,1,62,0,0,0,62
01/22/2015,ATW,WI,AGL,CE,Federal Contract Tower,17,22,30,0,69,0,0,26,0,26,17,22,56,0,95,34,0,34,129
01/23/2015,ATW,WI,AGL,CE,Federal Contract Tower,17,19,23,1,60,0,0,1,0,1,17,19,24,1,61,0,0,0,61
01/24/2015,ATW,WI,AGL,CE,Federal Contract Tower,6,9,4,0,19,0,2,11,0,13,6,11,15,0,32,4,0,4,36
01/25/2015,ATW,WI,AGL,CE,Federal Contract Tower,7,17,12,0,36,0,2,11,0,13,7,19,23,0,49,18,0,18,67
01/26/2015,ATW,WI,AGL,CE,Federal Contract Tower,16,15,18,0,49,0,0,2,0,2,16,15,20,0,51,2,0,2,53
01/27/2015,ATW,WI,AGL,CE,Federal Contract Tower,18,13,18,0,49,0,1,15,0,16,18,14,33,0,65,20,0,20,85
01/28/2015,ATW,WI,AGL,CE,Federal Contract Tower,13,25,20,0,58,0,0,11,2,13,13,25,31,2,71,32,0,32,103
01/29/2015,ATW,WI,AGL,CE,Federal Contract Tower,15,24,21,0,60,0,0,8,0,8,15,24,29,0,68,38,0,38,106
01/30/2015,ATW,WI,AGL,CE,Federal Contract Tower,17,22,15,0,54,0,1,22,0,23,17,23,37,0,77,28,0,28,105
01/31/2015,ATW,WI,AGL,CE,Federal Contract Tower,5,12,12,0,29,0,2,14,0,16,5,14,26,0,45,26,0,26,71
02/01/2015,ATW,WI,AGL,CE,Federal Contract Tower,7,5,5,0,17,0,0,0,0,0,7,5,5,0,17,0,0,0,17
02/02/2015,ATW,WI,AGL,CE,Federal Contract Tower,17,12,33,0,62,0,0,0,0,0,17,12,33,0,62,0,0,0,62
02/03/2015,ATW,WI,AGL,CE,Federal Contract Tower,14,14,12,0,40,0,0,9,0,9,14,14,21,0,49,4,0,4,53
02/04/2015,ATW,WI,AGL,CE,Federal Contract Tower,14,15,14,0,43,0,0,12,0,12,14,15,26,0,55,14,0,14,69
02/05/2015,ATW,WI,AGL,CE,Federal Contract Tower,13,21,17,0,51,0,0,6,1,7,13,21,23,1,58,6,4,10,68
02/06/2015,ATW,WI,AGL,CE,Federal Contract Tower,14,18,17,0,49,0,0,16,0,16,14,18,33,0,65,24,0,24,89
02/07/2015,ATW,WI,AGL,CE,Federal Contract Tower,4,12,9,0,25,0,1,11,0,12,4,13,20,0,37,16,0,16,53
02/08/2015,ATW,WI,AGL,CE,Federal Contract Tower,11,15,0,0,26,0,0,0,0,0,11,15,0,0,26,0,0,0,26
02/09/2015,ATW,WI,AGL,CE,Federal Contract Tower,13,22,6,0,41,0,0,25,0,25,13,22,31,0,66,6,0,6,72
02/10/2015,ATW,WI,AGL,CE,Federal Contract Tower,16,20,21,0,57,0,0,0,0,0,16,20,21,0,57,0,0,0,57
02/11/2015,ATW,WI,AGL,CE,Federal Contract Tower,13,21,19,0,53,0,0,3,0,3,13,21,22,0,56,0,0,0,56
02/12/2015,ATW,WI,AGL,CE,Federal Contract Tower,14,27,22,0,63,0,1,21,0,22,14,28,43,0,85,2,0,2,87
02/13/2015,ATW,WI,AGL,CE,Federal Contract Tower,13,26,16,0,55,0,0,6,0,6,13,26,22,0,61,10,0,10,71
02/14/2015,ATW,WI,AGL,CE,Federal Contract Tower,6,10,8,0,24,0,0,2,0,2,6,10,10,0,26,2,0,2,28
02/15/2015,ATW,WI,AGL,CE,Federal Contract Tower,11,17,7,0,35,0,0,7,0,7,11,17,14,0,42,6,0,6,48
02/17/2015,ATW,WI,AGL,CE,Federal Contract Tower,8,21,22,0,51,0,0,16,0,16,8,21,38,0,67,0,0,0,67
02/18/2015,ATW,WI,AGL,CE,Federal Contract Tower,8,23,22,0,53,0,0,2,2,4,8,23,24,2,57,0,0,0,57
02/19/2015,ATW,WI,AGL,CE,Federal Contract Tower,15,26,13,0,54,0,0,10,0,10,15,26,23,0,64,0,0,0,64
02/20/2015,ATW,WI,AGL,CE,Federal Contract Tower,14,25,13,0,52,0,0,3,0,3,14,25,16,0,55,0,0,0,55
02/21/2015,ATW,WI,AGL,CE,Federal Contract Tower,3,17,5,0,25,0,1,26,0,27,3,18,31,0,52,38,0,38,90
02/22/2015,ATW,WI,AGL,CE,Federal Contract Tower,6,20,7,0,33,0,0,9,0,9,6,20,16,0,42,6,0,6,48
02/23/2015,ATW,WI,AGL,CE,Federal Contract Tower,10,30,16,0,56,0,0,0,0,0,10,30,16,0,56,0,0,0,56
02/24/2015,ATW,WI,AGL,CE,Federal Contract Tower,11,26,5,0,42,0,0,2,0,2,11,26,7,0,44,0,0,0,44
02/25/2015,ATW,WI,AGL,CE,Federal Contract Tower,14,27,16,0,57,0,0,8,0,8,14,27,24,0,65,0,0,0,65
02/26/2015,ATW,WI,AGL,CE,Federal Contract Tower,11,23,13,0,47,0,0,16,0,16,11,23,29,0,63,4,0,4,67
02/27/2015,ATW,WI,AGL,CE,Federal Contract Tower,14,28,24,3,69,0,2,21,0,23,14,30,45,3,92,10,0,10,102
02/28/2015,ATW,WI,AGL,CE,Federal Contract Tower,5,14,7,0,26,0,2,33,0,35,5,16,40,0,61,28,0,28,89
03/01/2015,ATW,WI,AGL,CE,Federal Contract Tower,6,17,5,0,28,0,0,2,0,2,6,17,7,0,30,10,0,10,40
03/02/2015,ATW,WI,AGL,CE,Federal Contract Tower,11,27,21,0,59,0,0,14,0,14,11,27,35,0,73,16,0,16,89
03/03/2015,ATW,WI,AGL,CE,Federal Contract Tower,13,24,6,0,43,0,0,0,0,0,13,24,6,0,43,0,0,0,43
03/04/2015,ATW,WI,AGL,CE,Federal Contract Tower,11,30,18,0,59,0,0,3,0,3,11,30,21,0,62,0,0,0,62
03/05/2015,ATW,WI,AGL,CE,Federal Contract Tower,7,32,25,0,64,0,0,10,2,12,7,32,35,2,76,2,4,6,82
03/06/2015,ATW,WI,AGL,CE,Federal Contract Tower,10,27,28,0,65,0,0,24,0,24,10,27,52,0,89,6,0,6,95
03/07/2015,ATW,WI,AGL,CE,Federal Contract Tower,5,17,10,0,32,0,0,24,0,24,5,17,34,0,56,22,0,22,78
03/08/2015,ATW,WI,AGL,CE,Federal Contract Tower,6,21,10,0,37,0,0,22,0,22,6,21,32,0,59,18,0,18,77
03/09/2015,ATW,WI,AGL,CE,Federal Contract Tower,10,26,12,0,48,0,0,26,1,27,10,26,38,1,75,18,4,22,97
03/10/2015,ATW,WI,AGL,CE,Federal Contract Tower,11,24,9,1,45,0,0,19,0,19,11,24,28,1,64,28,0,28,92
03/11/2015,ATW,WI,AGL,CE,Federal Contract Tower,13,27,32,1,73,0,0,38,0,38,13,27,70,1,111,26,0,26,137
03/12/2015,ATW,WI,AGL,CE,Federal Contract Tower,12,29,13,2,56,0,0,24,0,24,12,29,37,2,80,8,0,8,88
03/13/2015,ATW,WI,AGL,CE,Federal Contract Tower,11,25,28,0,64,0,2,43,0,45,11,27,71,0,109,34,0,34,143
03/14/2015,ATW,WI,AGL,CE,Federal Contract Tower,7,14,9,0,30,0,11,36,0,47,7,25,45,0,77,30,0,30,107
03/15/2015,ATW,WI,AGL,CE,Federal Contract Tower,7,20,14,0,41,0,3,28,0,31,7,23,42,0,72,18,0,18,90
03/16/2015,ATW,WI,AGL,CE,Federal Contract Tower,13,22,16,0,51,0,0,14,0,14,13,22,30,0,65,8,0,8,73
03/17/2015,ATW,WI,AGL,CE,Federal Contract Tower,11,24,12,0,47,0,0,10,0,10,11,24,22,0,57,2,0,2,59
03/18/2015,ATW,WI,AGL,CE,Federal Contract Tower,15,39,19,0,73,0,0,37,0,37,15,39,56,0,110,22,0,22,132
03/19/2015,ATW,WI,AGL,CE,Federal Contract Tower,12,26,21,0,59,0,0,34,0,34,12,26,55,0,93,14,0,14,107
03/20/2015,ATW,WI,AGL,CE,Federal Contract Tower,10,32,25,2,69,0,0,9,0,9,10,32,34,2,78,14,0,14,92
03/21/2015,ATW,WI,AGL,CE,Federal Contract Tower,7,18,4,0,29,0,0,37,0,37,7,18,41,0,66,8,0,8,74
03/22/2015,ATW,WI,AGL,CE,Federal Contract Tower,6,20,11,0,37,0,0,40,0,40,6,20,51,0,77,8,0,8,85
03/23/2015,ATW,WI,AGL,CE,Federal Contract Tower,13,19,30,0,62,0,0,5,0,5,13,19,35,0,67,2,0,2,69
03/24/2015,ATW,WI,AGL,CE,Federal Contract Tower,9,18,19,3,49,0,2,16,0,18,9,20,35,3,67,0,2,2,69
03/25/2015,ATW,WI,AGL,CE,Federal Contract Tower,15,22,17,0,54,0,0,1,0,1,15,22,18,0,55,0,0,0,55
03/26/2015,ATW,WI,AGL,CE,Federal Contract Tower,12,29,20,0,61,0,14,6,0,20,12,43,26,0,81,10,0,10,91
03/27/2015,ATW,WI,AGL,CE,Federal Contract Tower,11,24,24,0,59,0,0,22,0,22,11,24,46,0,81,6,0,6,87
03/28/2015,ATW,WI,AGL,CE,Federal Contract Tower,7,21,16,0,44,0,4,33,0,37,7,25,49,0,81,36,0,36,117
03/29/2015,ATW,WI,AGL,CE,Federal Contract Tower,7,18,2,0,27,0,0,0,0,0,7,18,2,0,27,0,0,0,27
03/30/2015,ATW,WI,AGL,CE,Federal Contract Tower,13,22,17,0,52,0,0,8,0,8,13,22,25,0,60,4,0,4,64
03/31/2015,ATW,WI,AGL,CE,Federal Contract Tower,8,22,13,0,43,0,0,17,0,17,8,22,30,0,60,14,0,14,74
04/01/2015,ATW,WI,AGL,CE,Federal Contract Tower,16,22,15,0,53,0,0,18,0,18,16,22,33,0,71,0,0,0,71
04/02/2015,ATW,WI,AGL,CE,Federal Contract Tower,14,22,21,0,57,0,0,5,0,5,14,22,26,0,62,0,0,0,62
04/03/2015,ATW,WI,AGL,CE,Federal Contract Tower,11,23,19,5,58,0,0,14,0,14,11,23,33,5,72,18,0,18,90
04/05/2015,ATW,WI,AGL,CE,Federal Contract Tower,8,13,5,0,26,0,0,2,0,2,8,13,7,0,28,0,0,0,28
04/06/2015,ATW,WI,AGL,CE,Federal Contract Tower,11,26,24,0,61,0,0,2,0,2,11,26,26,0,63,0,0,0,63
04/07/2015,ATW,WI,AGL,CE,Federal Contract Tower,17,16,10,0,43,0,0,2,0,2,17,16,12,0,45,0,0,0,45
04/08/2015,ATW,WI,AGL,CE,Federal Contract Tower,20,13,18,0,51,0,0,0,0,0,20,13,18,0,51,0,0,0,51
04/09/2015,ATW,WI,AGL,CE,Federal Contract Tower,20,12,28,0,60,0,0,0,0,0,20,12,28,0,60,4,0,4,64
04/10/2015,ATW,WI,AGL,CE,Federal Contract Tower,19,21,19,0,59,0,0,11,0,11,19,21,30,0,70,26,0,26,96
04/11/2015,ATW,WI,AGL,CE,Federal Contract Tower,8,13,14,0,35,0,0,66,0,66,8,13,80,0,101,54,0,54,155
04/12/2015,ATW,WI,AGL,CE,Federal Contract Tower,13,15,8,0,36,0,0,19,0,19,13,15,27,0,55,6,0,6,61
04/13/2015,ATW,WI,AGL,CE,Federal Contract Tower,17,15,21,0,53,0,0,1,0,1,17,15,22,0,54,0,0,0,54
04/14/2015,ATW,WI,AGL,CE,Federal Contract Tower,16,22,14,0,52,0,0,44,0,44,16,22,58,0,96,78,0,78,174
04/15/2015,ATW,WI,AGL,CE,Federal Contract Tower,16,20,26,0,62,0,0,20,0,20,16,20,46,0,82,4,0,4,86
04/16/2015,ATW,WI,AGL,CE,Federal Contract Tower,18,21,24,0,63,0,0,31,0,31,18,21,55,0,94,52,0,52,146
04/17/2015,ATW,WI,AGL,CE,Federal Contract Tower,20,20,17,1,58,0,0,38,0,38,20,20,55,1,96,28,0,28,124
04/18/2015,ATW,WI,AGL,CE,Federal Contract Tower,8,11,10,0,29,0,3,19,0,22,8,14,29,0,51,4,0,4,55
04/19/2015,ATW,WI,AGL,CE,Federal Contract Tower,13,14,10,0,37,0,0,11,0,11,13,14,21,0,48,0,0,0,48
04/20/2015,ATW,WI,AGL,CE,Federal Contract Tower,17,17,21,0,55,0,0,0,0,0,17,17,21,0,55,0,0,0,55
04/21/2015,ATW,WI,AGL,CE,Federal Contract Tower,16,17,9,0,42,0,0,3,0,3,16,17,12,0,45,0,0,0,45
04/22/2015,ATW,WI,AGL,CE,Federal Contract Tower,16,20,24,1,61,0,0,5,0,5,16,20,29,1,66,4,0,4,70
04/23/2015,ATW,WI,AGL,CE,Federal Contract Tower,18,33,16,0,67,0,0,19,0,19,18,33,35,0,86,18,0,18,104
04/24/2015,ATW,WI,AGL,CE,Federal Contract Tower,17,25,20,1,63,0,0,32,0,32,17,25,52,1,95,10,0,10,105
04/25/2015,ATW,WI,AGL,CE,Federal Contract Tower,8,10,4,2,24,0,0,15,0,15,8,10,19,2,39,14,0,14,53
04/26/2015,ATW,WI,AGL,CE,Federal Contract Tower,13,13,15,2,43,0,0,31,0,31,13,13,46,2,74,48,0,48,122
04/27/2015,ATW,WI,AGL,CE,Federal Contract Tower,17,23,26,3,69,0,0,33,0,33,17,23,59,3,102,18,0,18,120
04/28/2015,ATW,WI,AGL,CE,Federal Contract Tower,16,19,21,0,56,0,0,52,0,52,16,19,73,0,108,56,0,56,164
04/29/2015,ATW,WI,AGL,CE,Federal Contract Tower,16,22,19,0,57,0,0,28,0,28,16,22,47,0,85,38,0,38,123
04/30/2015,ATW,WI,AGL,CE,Federal Contract Tower,18,20,35,3,76,0,0,38,0,38,18,20,73,3,114,30,0,30,144
05/01/2015,ATW,WI,AGL,CE,Federal Contract Tower,16,31,25,0,72,0,1,38,0,39,16,32,63,0,111,16,0,16,127
05/02/2015,ATW,WI,AGL,CE,Federal Contract Tower,9,5,13,0,27,0,0,38,0,38,9,5,51,0,65,18,0,18,83
05/03/2015,ATW,WI,AGL,CE,Federal Contract Tower,11,20,16,0,47,0,0,34,0,34,11,20,50,0,81,0,0,0,81
05/04/2015,ATW,WI,AGL,CE,Federal Contract Tower,15,23,25,0,63,0,0,30,0,30,15,23,55,0,93,2,0,2,95
05/05/2015,ATW,WI,AGL,CE,Federal Contract Tower,14,26,22,0,62,0,0,27,0,27,14,26,49,0,89,34,0,34,123
05/06/2015,ATW,WI,AGL,CE,Federal Contract Tower,16,23,22,8,69,0,0,6,2,8,16,23,28,10,77,18,34,52,129
05/07/2015,ATW,WI,AGL,CE,Federal Contract Tower,16,26,29,0,71,0,0,11,0,11,16,26,40,0,82,2,0,2,84
05/08/2015,ATW,WI,AGL,CE,Federal Contract Tower,15,22,27,1,65,0,0,21,0,21,15,22,48,1,86,6,0,6,92
05/09/2015,ATW,WI,AGL,CE,Federal Contract Tower,10,11,9,0,30,0,2,17,0,19,10,13,26,0,49,30,0,30,79
05/10/2015,ATW,WI,AGL,CE,Federal Contract Tower,13,15,10,0,38,0,0,0,0,0,13,15,10,0,38,0,0,0,38
05/11/2015,ATW,WI,AGL,CE,Federal Contract Tower,12,20,15,0,47,0,0,2,0,2,12,20,17,0,49,10,0,10,59
05/12/2015,ATW,WI,AGL,CE,Federal Contract Tower,14,25,24,0,63,0,0,2,0,2,14,25,26,0,65,4,0,4,69
05/13/2015,ATW,WI,AGL,CE,Federal Contract Tower,16,23,23,0,62,0,0,33,0,33,16,23,56,0,95,30,0,30,125
05/14/2015,ATW,WI,AGL,CE,Federal Contract Tower,19,30,27,1,77,0,0,12,0,12,19,30,39,1,89,10,0,10,99
05/15/2015,ATW,WI,AGL,CE,Federal Contract Tower,14,23,29,0,66,0,0,9,0,9,14,23,38,0,75,18,0,18,93
05/16/2015,ATW,WI,AGL,CE,Federal Contract Tower,9,10,7,0,26,0,0,44,0,44,9,10,51,0,70,58,0,58,128
05/17/2015,ATW,WI,AGL,CE,Federal Contract Tower,13,14,9,0,36,0,0,0,0,0,13,14,9,0,36,0,0,0,36
05/18/2015,ATW,WI,AGL,CE,Federal Contract Tower,15,16,26,0,57,0,0,13,0,13,15,16,39,0,70,10,0,10,80
05/19/2015,ATW,WI,AGL,CE,Federal Contract Tower,16,18,26,0,60,0,0,17,0,17,16,18,43,0,77,2,0,2,79
05/20/2015,ATW,WI,AGL,CE,Federal Contract Tower,17,22,50,0,89,0,0,28,0,28,17,22,78,0,117,22,0,22,139
05/21/2015,ATW,WI,AGL,CE,Federal Contract Tower,18,19,30,0,67,0,0,12,0,12,18,19,42,0,79,0,0,0,79
05/22/2015,ATW,WI,AGL,CE,Federal Contract Tower,13,26,28,0,67,0,0,64,0,64,13,26,92,0,131,58,0,58,189
05/23/2015,ATW,WI,AGL,CE,Federal Contract Tower,11,7,9,0,27,0,0,45,0,45,11,7,54,0,72,114,0,114,186
05/24/2015,ATW,WI,AGL,CE,Federal Contract Tower,13,7,6,0,26,0,0,2,0,2,13,7,8,0,28,0,0,0,28
05/25/2015,ATW,WI,AGL,CE,Federal Contract Tower,15,8,9,0,32,0,0,2,0,2,15,8,11,0,34,0,0,0,34
05/26/2015,ATW,WI,AGL,CE,Federal Contract Tower,13,18,24,0,55,0,0,1,0,1,13,18,25,0,56,0,0,0,56
05/27/2015,ATW,WI,AGL,CE,Federal Contract Tower,17,27,32,0,76,0,0,4,0,4,17,27,36,0,80,0,0,0,80
05/28/2015,ATW,WI,AGL,CE,Federal Contract Tower,17,19,33,0,69,0,1,25,0,26,17,20,58,0,95,16,0,16,111
05/29/2015,ATW,WI,AGL,CE,Federal Contract Tower,16,22,35,0,73,0,0,3,0,3,16,22,38,0,76,0,0,0,76
05/30/2015,ATW,WI,AGL,CE,Federal Contract Tower,10,10,7,0,27,0,0,1,0,1,10,10,8,0,28,0,0,0,28
05/31/2015,ATW,WI,AGL,CE,Federal Contract Tower,13,13,16,0,42,0,0,26,0,26,13,13,42,0,68,4,0,4,72
06/01/2015,ATW,WI,AGL,CE,Federal Contract Tower,15,20,21,0,56,0,0,39,0,39,15,20,60,0,95,40,0,40,135
06/02/2015,ATW,WI,AGL,CE,Federal Contract Tower,18,19,25,3,65,0,0,35,0,35,18,19,60,3,100,10,2,12,112
06/03/2015,ATW,WI,AGL,CE,Federal Contract Tower,18,21,22,0,61,0,2,32,0,34,18,23,54,0,95,20,0,20,115
06/04/2015,ATW,WI,AGL,CE,Federal Contract Tower,15,28,27,0,70,0,0,9,0,9,15,28,36,0,79,4,0,4,83
06/05/2015,ATW,WI,AGL,CE,Federal Contract Tower,16,20,36,0,72,0,0,16,0,16,16,20,52,0,88,8,0,8,96
06/06/2015,ATW,WI,AGL,CE,Federal Contract Tower,10,12,13,0,35,0,3,55,0,58,10,15,68,0,93,6,0,6,99
06/07/2015,ATW,WI,AGL,CE,Federal Contract Tower,10,16,18,0,44,0,0,4,0,4,10,16,22,0,48,0,0,0,48
06/08/2015,ATW,WI,AGL,CE,Federal Contract Tower,13,23,17,0,53,0,0,5,0,5,13,23,22,0,58,2,0,2,60
06/09/2015,ATW,WI,AGL,CE,Federal Contract Tower,13,22,20,0,55,0,0,31,0,31,13,22,51,0,86,10,0,10,96
06/10/2015,ATW,WI,AGL,CE,Federal Contract Tower,17,23,14,0,54,0,0,32,0,32,17,23,46,0,86,2,0,2,88
06/11/2015,ATW,WI,AGL,CE,Federal Contract Tower,16,29,29,0,74,0,0,5,0,5,16,29,34,0,79,0,0,0,79
06/12/2015,ATW,WI,AGL,CE,Federal Contract Tower,14,22,21,2,59,0,0,13,0,13,14,22,34,2,72,12,0,12,84
06/13/2015,ATW,WI,AGL,CE,Federal Contract Tower,10,13,3,0,26,0,0,0,0,0,10,13,3,0,26,0,0,0,26
06/14/2015,ATW,WI,AGL,CE,Federal Contract Tower,9,21,17,4,51,0,0,9,5,14,9,21,26,9,65,16,8,24,89
06/15/2015,ATW,WI,AGL,CE,Federal Contract Tower,11,17,12,0,40,0,0,0,0,0,11,17,12,0,40,0,0,0,40
06/16/2015,ATW,WI,AGL,CE,Federal Contract Tower,14,24,24,0,62,0,0,30,0,30,14,24,54,0,92,52,0,52,144
06/17/2015,ATW,WI,AGL,CE,Federal Contract Tower,15,20,29,0,64,0,0,33,0,33,15,20,62,0,97,8,0,8,105
06/18/2015,ATW,WI,AGL,CE,Federal Contract Tower,19,23,24,0,66,0,0,20,0,20,19,23,44,0,86,48,6,54,140
06/19/2015,ATW,WI,AGL,CE,Federal Contract Tower,14,22,44,0,80,0,2,53,0,55,14,24,97,0,135,58,0,58,193
06/20/2015,ATW,WI,AGL,CE,Federal Contract Tower,9,10,11,0,30,0,0,19,0,19,9,10,30,0,49,10,0,10,59
06/21/2015,ATW,WI,AGL,CE,Federal Contract Tower,11,21,13,0,45,0,2,26,0,28,11,23,39,0,73,10,0,10,83
06/22/2015,ATW,WI,AGL,CE,Federal Contract Tower,10,14,19,0,43,0,0,16,0,16,10,14,35,0,59,10,0,10,69
06/23/2015,ATW,WI,AGL,CE,Federal Contract Tower,11,24,32,0,67,0,3,51,0,54,11,27,83,0,121,30,0,30,151
06/24/2015,ATW,WI,AGL,CE,Federal Contract Tower,15,20,28,0,63,0,0,30,0,30,15,20,58,0,93,16,0,16,109
06/25/2015,ATW,WI,AGL,CE,Federal Contract Tower,14,25,31,0,70,0,0,21,0,21,14,25,52,0,91,8,0,8,99
06/26/2015,ATW,WI,AGL,CE,Federal Contract Tower,14,27,38,0,79,0,0,35,3,38,14,27,73,3,117,18,0,18,135
06/27/2015,ATW,WI,AGL,CE,Federal Contract Tower,8,12,7,0,27,0,0,43,0,43,8,12,50,0,70,16,0,16,86
06/28/2015,ATW,WI,AGL,CE,Federal Contract Tower,11,18,5,0,34,0,1,15,0,16,11,19,20,0,50,22,0,22,72
06/29/2015,ATW,WI,AGL,CE,Federal Contract Tower,12,17,24,2,55,0,0,7,0,7,12,17,31,2,62,0,0,0,62
06/30/2015,ATW,WI,AGL,CE,Federal Contract Tower,11,18,21,1,51,0,0,6,0,6,11,18,27,1,57,8,2,10,67
07/01/2015,ATW,WI,AGL,CE,Federal Contract Tower,13,23,33,8,77,0,3,28,3,34,13,26,61,11,111,30,14,44,155
07/02/2015,ATW,WI,AGL,CE,Federal Contract Tower,14,23,26,0,63,0,0,34,0,34,14,23,60,0,97,22,0,22,119
07/03/2015,ATW,WI,AGL,CE,Federal Contract Tower,11,7,8,0,26,0,0,37,0,37,11,7,45,0,63,10,0,10,73
07/04/2015,ATW,WI,AGL,CE,Federal Contract Tower,6,9,0,0,15,0,0,25,0,25,6,9,25,0,40,0,0,0,40
07/05/2015,ATW,WI,AGL,CE,Federal Contract Tower,10,17,14,0,41,0,0,27,0,27,10,17,41,0,68,30,0,30,98
07/06/2015,ATW,WI,AGL,CE,Federal Contract Tower,10,24,9,0,43,0,0,7,0,7,10,24,16,0,50,46,0,46,96
07/07/2015,ATW,WI,AGL,CE,Federal Contract Tower,12,23,22,0,57,0,6,35,0,41,12,29,57,0,98,66,0,66,164
07/08/2015,ATW,WI,AGL,CE,Federal Contract Tower,14,26,17,0,57,0,0,45,0,45,14,26,62,0,102,8,0,8,110
07/09/2015,ATW,WI,AGL,CE,Federal Contract Tower,14,29,22,0,65,0,0,48,0,48,14,29,70,0,113,48,4,52,165
07/10/2015,ATW,WI,AGL,CE,Federal Contract Tower,12,22,31,0,65,0,0,43,0,43,12,22,74,0,108,28,0,28,136
07/11/2015,ATW,WI,AGL,CE,Federal Contract Tower,8,15,6,0,29,0,0,34,0,34,8,15,40,0,63,50,0,50,113
07/12/2015,ATW,WI,AGL,CE,Federal Contract Tower,10,19,15,0,44,0,0,18,0,18,10,19,33,0,62,0,0,0,62
07/13/2015,ATW,WI,AGL,CE,Federal Contract Tower,11,23,17,0,51,0,0,16,0,16,11,23,33,0,67,22,0,22,89
07/14/2015,ATW,WI,AGL,CE,Federal Contract Tower,14,21,22,1,58,0,0,22,0,22,14,21,44,1,80,22,0,22,102
07/15/2015,ATW,WI,AGL,CE,Federal Contract Tower,14,25,41,0,80,0,0,46,0,46,14,25,87,0,126,16,0,16,142
07/16/2015,ATW,WI,AGL,CE,Federal Contract Tower,14,30,23,0,67,0,0,26,0,26,14,30,49,0,93,12,0,12,105
07/17/2015,ATW,WI,AGL,CE,Federal Contract Tower,12,26,40,0,78,0,0,63,0,63,12,26,103,0,141,72,0,72,213
07/18/2015,ATW,WI,AGL,CE,Federal Contract Tower,9,8,20,0,37,0,0,62,0,62,9,8,82,0,99,24,0,24,123
07/19/2015,ATW,WI,AGL,CE,Federal Contract Tower,10,22,56,0,88,0,0,120,0,120,10,22,176,0,208,2,0,2,210
07/20/2015,ATW,WI,AGL,CE,Federal Contract Tower,13,28,70,0,111,0,36,141,0,177,13,64,211,0,288,76,0,76,364
07/21/2015,ATW,WI,AGL,CE,Federal Contract Tower,10,29,75,0,114,0,46,224,0,270,10,75,299,0,384,94,0,94,478
07/22/2015,ATW,WI,AGL,CE,Federal Contract Tower,14,30,115,0,159,0,54,302,0,356,14,84,417,0,515,118,0,118,633
07/23/2015,ATW,WI,AGL,CE,Federal Contract Tower,13,30,111,0,154,0,65,235,2,302,13,95,346,2,456,146,0,146,602
07/24/2015,ATW,WI,AGL,CE,Federal Contract Tower,12,33,87,0,132,0,20,136,0,156,12,53,223,0,288,0,0,0,288
07/25/2015,ATW,WI,AGL,CE,Federal Contract Tower,7,17,36,0,60,0,0,115,0,115,7,17,151,0,175,0,0,0,175
07/26/2015,ATW,WI,AGL,CE,Federal Contract Tower,10,21,75,0,106,0,0,128,0,128,10,21,203,0,234,4,0,4,238
07/27/2015,ATW,WI,AGL,CE,Federal Contract Tower,11,24,33,1,69,0,0,71,3,74,11,24,104,4,143,12,0,12,155
07/28/2015,ATW,WI,AGL,CE,Federal Contract Tower,12,23,14,0,49,0,0,19,0,19,12,23,33,0,68,28,0,28,96
07/29/2015,ATW,WI,AGL,CE,Federal Contract Tower,14,22,25,0,61,0,0,17,0,17,14,22,42,0,78,0,0,0,78
07/30/2015,ATW,WI,AGL,CE,Federal Contract Tower,14,31,29,0,74,0,0,19,0,19,14,31,48,0,93,26,0,26,119
07/31/2015,ATW,WI,AGL,CE,Federal Contract Tower,12,24,15,0,51,0,0,23,0,23,12,24,38,0,74,0,0,0,74
08/01/2015,ATW,WI,AGL,CE,Federal Contract Tower,7,16,7,0,30,0,1,34,0,35,7,17,41,0,65,28,0,28,93
08/02/2015,ATW,WI,AGL,CE,Federal Contract Tower,10,18,17,0,45,0,0,22,0,22,10,18,39,0,67,0,0,0,67
08/03/2015,ATW,WI,AGL,CE,Federal Contract Tower,11,30,21,0,62,0,0,36,0,36,11,30,57,0,98,20,0,20,118
08/04/2015,ATW,WI,AGL,CE,Federal Contract Tower,12,22,24,0,58,0,3,45,0,48,12,25,69,0,106,46,0,46,152
08/06/2015,ATW,WI,AGL,CE,Federal Contract Tower,12,25,31,0,68,0,2,41,0,43,12,27,72,0,111,32,0,32,143
08/07/2015,ATW,WI,AGL,CE,Federal Contract Tower,13,27,17,0,57,0,2,0,0,2,13,29,17,0,59,0,0,0,59
08/08/2015,ATW,WI,AGL,CE,Federal Contract Tower,9,11,16,0,36,0,13,0,0,13,9,24,16,0,49,12,0,12,61
08/09/2015,ATW,WI,AGL,CE,Federal Contract Tower,10,18,20,0,48,0,0,16,0,16,10,18,36,0,64,6,0,6,70
08/10/2015,ATW,WI,AGL,CE,Federal Contract Tower,11,20,17,0,48,0,9,19,0,28,11,29,36,0,76,60,0,60,136
08/11/2015,ATW,WI,AGL,CE,Federal Contract Tower,14,24,27,0,65,0,0,78,0,78,14,24,105,0,143,34,0,34,177
08/12/2015,ATW,WI,AGL,CE,Federal Contract Tower,14,31,39,0,84,0,2,78,0,80,14,33,117,0,164,96,0,96,260
08/13/2015,ATW,WI,AGL,CE,Federal Contract Tower,13,24,29,0,66,0,0,33,0,33,13,24,62,0,99,20,0,20,119
08/14/2015,ATW,WI,AGL,CE,Federal Contract Tower,13,27,30,4,74,0,0,22,3,25,13,27,52,7,99,26,26,52,151
08/15/2015,ATW,WI,AGL,CE,Federal Contract Tower,7,11,12,0,30,0,0,25,0,25,7,11,37,0,55,12,0,12,67
08/16/2015,ATW,WI,AGL,CE,Federal Contract Tower,9,19,18,0,46,0,0,36,0,36,9,19,54,0,82,62,0,62,144
08/17/2015,ATW,WI,AGL,CE,Federal Contract Tower,11,27,16,0,54,0,0,10,0,10,11,27,26,0,64,0,0,0,64
08/18/2015,ATW,WI,AGL,CE,Federal Contract Tower,12,23,19,0,54,0,0,4,0,4,12,23,23,0,58,4,0,4,62
08/19/2015,ATW,WI,AGL,CE,Federal Contract Tower,12,26,34,0,72,0,0,1,0,1,12,26,35,0,73,0,0,0,73
08/20/2015,ATW,WI,AGL,CE,Federal Contract Tower,14,28,24,0,66,0,0,7,0,7,14,28,31,0,73,14,0,14,87
08/21/2015,ATW,WI,AGL,CE,Federal Contract Tower,10,25,23,0,58,0,4,36,0,40,10,29,59,0,98,20,0,20,118
08/22/2015,ATW,WI,AGL,CE,Federal Contract Tower,6,12,9,0,27,0,3,29,0,32,6,15,38,0,59,12,0,12,71
08/23/2015,ATW,WI,AGL,CE,Federal Contract Tower,11,18,9,0,38,0,0,5,0,5,11,18,14,0,43,0,0,0,43
08/24/2015,ATW,WI,AGL,CE,Federal Contract Tower,9,26,38,0,73,0,0,7,0,7,9,26,45,0,80,4,0,4,84
08/25/2015,ATW,WI,AGL,CE,Federal Contract Tower,13,24,20,0,57,0,0,3,0,3,13,24,23,0,60,2,0,2,62
08/26/2015,ATW,WI,AGL,CE,Federal Contract Tower,12,29,22,0,63,0,0,31,0,31,12,29,53,0,94,16,8,24,118
08/27/2015,ATW,WI,AGL,CE,Federal Contract Tower,14,25,27,3,69,0,0,35,0,35,14,25,62,3,104,28,0,28,132
08/28/2015,ATW,WI,AGL,CE,Federal Contract Tower,9,27,26,0,62,0,0,9,0,9,9,27,35,0,71,14,0,14,85
08/29/2015,ATW,WI,AGL,CE,Federal Contract Tower,7,16,17,0,40,0,0,0,0,0,7,16,17,0,40,0,0,0,40
08/30/2015,ATW,WI,AGL,CE,Federal Contract Tower,10,18,16,0,44,0,2,11,0,13,10,20,27,0,57,0,0,0,57
08/31/2015,ATW,WI,AGL,CE,Federal Contract Tower,10,21,29,0,60,0,0,21,0,21,10,21,50,0,81,54,0,54,135
09/01/2015,ATW,WI,AGL,CE,Federal Contract Tower,15,16,27,0,58,0,2,21,0,23,15,18,48,0,81,42,0,42,123
09/02/2015,ATW,WI,AGL,CE,Federal Contract Tower,14,19,31,0,64,0,0,21,0,21,14,19,52,0,85,6,0,6,91
09/03/2015,ATW,WI,AGL,CE,Federal Contract Tower,18,29,21,12,80,0,4,0,0,4,18,33,21,12,84,0,0,0,84
09/04/2015,ATW,WI,AGL,CE,Federal Contract Tower,11,21,26,1,59,0,0,15,0,15,11,21,41,1,74,20,0,20,94
09/05/2015,ATW,WI,AGL,CE,Federal Contract Tower,9,14,7,0,30,0,1,19,0,20,9,15,26,0,50,12,0,12,62
09/06/2015,ATW,WI,AGL,CE,Federal Contract Tower,5,13,4,0,22,0,1,12,0,13,5,14,16,0,35,0,0,0,35
09/07/2015,ATW,WI,AGL,CE,Federal Contract Tower,4,20,18,0,42,0,0,4,0,4,4,20,22,0,46,0,0,0,46
09/08/2015,ATW,WI,AGL,CE,Federal Contract Tower,13,17,15,0,45,0,0,6,0,6,13,17,21,0,51,0,0,0,51
09/09/2015,ATW,WI,AGL,CE,Federal Contract Tower,11,21,34,0,66,0,3,46,0,49,11,24,80,0,115,48,0,48,163
09/10/2015,ATW,WI,AGL,CE,Federal Contract Tower,12,23,41,0,76,0,1,18,0,19,12,24,59,0,95,42,0,42,137
09/11/2015,ATW,WI,AGL,CE,Federal Contract Tower,8,23,27,0,58,0,1,18,0,19,8,24,45,0,77,54,0,54,131
09/12/2015,ATW,WI,AGL,CE,Federal Contract Tower,8,15,8,0,31,0,1,34,0,35,8,16,42,0,66,60,0,60,126
09/13/2015,ATW,WI,AGL,CE,Federal Contract Tower,10,19,12,0,41,0,1,32,0,33,10,20,44,0,74,12,0,12,86
09/14/2015,ATW,WI,AGL,CE,Federal Contract Tower,11,24,12,0,47,0,0,25,0,25,11,24,37,0,72,54,0,54,126
09/15/2015,ATW,WI,AGL,CE,Federal Contract Tower,13,16,20,0,49,0,0,37,0,37,13,16,57,0,86,70,0,70,156
09/16/2015,ATW,WI,AGL,CE,Federal Contract Tower,14,20,15,0,49,0,0,12,0,12,14,20,27,0,61,0,0,0,61
09/17/2015,ATW,WI,AGL,CE,Federal Contract Tower,16,24,20,0,60,0,0,12,0,12,16,24,32,0,72,18,0,18,90
09/18/2015,ATW,WI,AGL,CE,Federal Contract Tower,11,26,19,0,56,0,3,12,0,15,11,29,31,0,71,26,0,26,97
09/19/2015,ATW,WI,AGL,CE,Federal Contract Tower,9,10,14,0,33,0,2,38,0,40,9,12,52,0,73,12,0,12,85
09/20/2015,ATW,WI,AGL,CE,Federal Contract Tower,13,19,12,0,44,0,4,31,0,35,13,23,43,0,79,0,0,0,79
09/21/2015,ATW,WI,AGL,CE,Federal Contract Tower,14,21,20,0,55,0,1,36,0,37,14,22,56,0,92,48,0,48,140
09/22/2015,ATW,WI,AGL,CE,Federal Contract Tower,14,26,29,0,69,0,1,40,0,41,14,27,69,0,110,30,0,30,140
09/23/2015,ATW,WI,AGL,CE,Federal Contract Tower,15,23,25,0,63,0,0,21,1,22,15,23,46,1,85,16,0,16,101
09/24/2015,ATW,WI,AGL,CE,Federal Contract Tower,18,23,34,3,78,0,0,30,0,30,18,23,64,3,108,22,0,22,130
09/25/2015,ATW,WI,AGL,CE,Federal Contract Tower,14,24,26,1,65,0,0,32,1,33,14,24,58,2,98,10,6,16,114
09/26/2015,ATW,WI,AGL,CE,Federal Contract Tower,10,14,8,0,32,0,1,20,0,21,10,15,28,0,53,14,0,14,67
09/27/2015,ATW,WI,AGL,CE,Federal Contract Tower,13,18,27,0,58,0,0,27,0,27,13,18,54,0,85,4,0,4,89
09/28/2015,ATW,WI,AGL,CE,Federal Contract Tower,13,24,20,0,57,0,0,7,0,7,13,24,27,0,64,0,0,0,64
09/29/2015,ATW,WI,AGL,CE,Federal Contract Tower,16,22,25,0,63,0,0,21,0,21,16,22,46,0,84,18,0,18,102
09/30/2015,ATW,WI,AGL,CE,Federal Contract Tower,15,22,14,0,51,0,2,17,0,19,15,24,31,0,70,4,0,4,74
10/01/2015,ATW,WI,AGL,CE,Federal Contract Tower,13,25,21,0,59,0,0,17,0,17,13,25,38,0,76,2,0,2,78
10/02/2015,ATW,WI,AGL,CE,Federal Contract Tower,8,27,15,0,50,0,0,15,2,17,8,27,30,2,67,0,2,2,69
10/03/2015,ATW,WI,AGL,CE,Federal Contract Tower,5,13,7,0,25,0,3,10,0,13,5,16,17,0,38,28,0,28,66
10/04/2015,ATW,WI,AGL,CE,Federal Contract Tower,8,19,11,0,38,0,0,2,0,2,8,19,13,0,40,0,0,0,40
10/05/2015,ATW,WI,AGL,CE,Federal Contract Tower,9,25,13,0,47,0,0,3,0,3,9,25,16,0,50,18,0,18,68
10/06/2015,ATW,WI,AGL,CE,Federal Contract Tower,9,36,16,0,61,0,2,33,0,35,9,38,49,0,96,48,0,48,144
10/07/2015,ATW,WI,AGL,CE,Federal Contract Tower,12,25,29,0,66,0,0,25,0,25,12,25,54,0,91,30,0,30,121
10/08/2015,ATW,WI,AGL,CE,Federal Contract Tower,14,24,32,0,70,0,1,4,0,5,14,25,36,0,75,0,0,0,75
10/09/2015,ATW,WI,AGL,CE,Federal Contract Tower,10,27,28,0,65,0,0,36,0,36,10,27,64,0,101,74,0,74,175
10/10/2015,ATW,WI,AGL,CE,Federal Contract Tower,7,26,15,0,48,0,1,46,0,47,7,27,61,0,95,70,0,70,165
10/11/2015,ATW,WI,AGL,CE,Federal Contract Tower,12,21,18,0,51,0,0,19,0,19,12,21,37,0,70,24,0,24,94
10/12/2015,ATW,WI,AGL,CE,Federal Contract Tower,12,24,20,0,56,0,0,6,0,6,12,24,26,0,62,0,0,0,62
10/13/2015,ATW,WI,AGL,CE,Federal Contract Tower,10,30,22,0,62,0,0,11,0,11,10,30,33,0,73,20,0,20,93
10/14/2015,ATW,WI,AGL,CE,Federal Contract Tower,12,24,27,0,63,0,0,48,0,48,12,24,75,0,111,36,0,36,147
10/15/2015,ATW,WI,AGL,CE,Federal Contract Tower,13,25,16,0,54,0,0,16,0,16,13,25,32,0,70,0,0,0,70
10/16/2015,ATW,WI,AGL,CE,Federal Contract Tower,14,31,37,0,82,0,0,38,0,38,14,31,75,0,120,22,0,22,142
10/17/2015,ATW,WI,AGL,CE,Federal Contract Tower,7,11,13,0,31,0,0,32,0,32,7,11,45,0,63,42,0,42,105
10/18/2015,ATW,WI,AGL,CE,Federal Contract Tower,11,17,12,0,40,0,1,36,0,37,11,18,48,0,77,30,0,30,107
10/19/2015,ATW,WI,AGL,CE,Federal Contract Tower,13,23,19,0,55,0,0,7,0,7,13,23,26,0,62,0,0,0,62
10/20/2015,ATW,WI,AGL,CE,Federal Contract Tower,12,25,15,0,52,0,0,24,0,24,12,25,39,0,76,10,0,10,86
10/21/2015,ATW,WI,AGL,CE,Federal Contract Tower,17,26,38,0,81,0,0,30,0,30,17,26,68,0,111,0,0,0,111
10/22/2015,ATW,WI,AGL,CE,Federal Contract Tower,14,23,29,0,66,0,0,54,0,54,14,23,83,0,120,46,0,46,166
10/23/2015,ATW,WI,AGL,CE,Federal Contract Tower,12,27,25,13,77,0,4,8,0,12,12,31,33,13,89,0,0,0,89
10/24/2015,ATW,WI,AGL,CE,Federal Contract Tower,7,15,3,0,25,0,0,1,0,1,7,15,4,0,26,4,0,4,30
10/25/2015,ATW,WI,AGL,CE,Federal Contract Tower,10,18,7,0,35,0,3,62,0,65,10,21,69,0,100,48,0,48,148
10/26/2015,ATW,WI,AGL,CE,Federal Contract Tower,10,24,26,0,60,0,0,30,0,30,10,24,56,0,90,28,0,28,118
10/27/2015,ATW,WI,AGL,CE,Federal Contract Tower,12,21,30,0,63,0,0,31,0,31,12,21,61,0,94,36,0,36,130
10/28/2015,ATW,WI,AGL,CE,Federal Contract Tower,14,17,16,0,47,0,0,0,0,0,14,17,16,0,47,0,0,0,47
10/29/2015,ATW,WI,AGL,CE,Federal Contract Tower,14,26,29,0,69,0,0,3,0,3,14,26,32,0,72,0,0,0,72
10/30/2015,ATW,WI,AGL,CE,Federal Contract Tower,12,22,34,0,68,0,2,28,0,30,12,24,62,0,98,14,0,14,112
10/31/2015,ATW,WI,AGL,CE,Federal Contract Tower,7,11,14,0,32,0,0,0,0,0,7,11,14,0,32,0,0,0,32
11/01/2015,ATW,WI,AGL,CE,Federal Contract Tower,10,7,17,0,34,0,0,34,0,34,10,7,51,0,68,40,0,40,108
11/02/2015,ATW,WI,AGL,CE,Federal Contract Tower,11,20,20,0,51,0,0,47,0,47,11,20,67,0,98,36,0,36,134
11/03/2015,ATW,WI,AGL,CE,Federal Contract Tower,12,19,15,0,46,0,0,39,0,39,12,19,54,0,85,26,0,26,111
11/04/2015,ATW,WI,AGL,CE,Federal Contract Tower,14,26,25,0,65,0,0,27,0,27,14,26,52,0,92,32,0,32,124
11/05/2015,ATW,WI,AGL,CE,Federal Contract Tower,14,28,32,0,74,0,0,2,0,2,14,28,34,0,76,6,0,6,82
11/06/2015,ATW,WI,AGL,CE,Federal Contract Tower,14,19,28,0,61,0,0,9,0,9,14,19,37,0,70,4,0,4,74
11/07/2015,ATW,WI,AGL,CE,Federal Contract Tower,7,11,5,0,23,0,0,21,0,21,7,11,26,0,44,4,0,4,48
11/08/2015,ATW,WI,AGL,CE,Federal Contract Tower,10,16,9,0,35,0,0,40,0,40,10,16,49,0,75,36,0,36,111
11/09/2015,ATW,WI,AGL,CE,Federal Contract Tower,14,21,21,0,56,0,0,29,0,29,14,21,50,0,85,34,0,34,119
11/10/2015,ATW,WI,AGL,CE,Federal Contract Tower,13,23,25,0,61,0,0,51,0,51,13,23,76,0,112,90,0,90,202
11/11/2015,ATW,WI,AGL,CE,Federal Contract Tower,14,22,11,0,47,0,0,13,0,13,14,22,24,0,60,6,0,6,66
11/12/2015,ATW,WI,AGL,CE,Federal Contract Tower,14,39,22,0,75,0,0,0,0,0,14,39,22,0,75,0,0,0,75
11/13/2015,ATW,WI,AGL,CE,Federal Contract Tower,14,20,18,1,53,0,0,2,0,2,14,20,20,1,55,10,0,10,65
11/14/2015,ATW,WI,AGL,CE,Federal Contract Tower,9,10,9,0,28,0,0,36,0,36,9,10,45,0,64,56,0,56,120
11/15/2015,ATW,WI,AGL,CE,Federal Contract Tower,10,16,23,0,49,0,0,34,0,34,10,16,57,0,83,30,0,30,113
11/16/2015,ATW,WI,AGL,CE,Federal Contract Tower,16,16,13,0,45,0,0,14,0,14,16,16,27,0,59,0,0,0,59
11/17/2015,ATW,WI,AGL,CE,Federal Contract Tower,12,26,27,0,65,0,0,0,0,0,12,26,27,0,65,0,0,0,65
11/18/2015,ATW,WI,AGL,CE,Federal Contract Tower,12,23,26,0,61,0,0,0,0,0,12,23,26,0,61,0,0,0,61
11/19/2015,ATW,WI,AGL,CE,Federal Contract Tower,14,22,23,0,59,0,0,3,0,3,14,22,26,0,62,0,0,0,62
11/20/2015,ATW,WI,AGL,CE,Federal Contract Tower,14,29,14,0,57,0,0,18,0,18,14,29,32,0,75,4,0,4,79
11/21/2015,ATW,WI,AGL,CE,Federal Contract Tower,5,18,7,0,30,0,0,8,0,8,5,18,15,0,38,2,0,2,40
11/22/2015,ATW,WI,AGL,CE,Federal Contract Tower,11,15,4,0,30,0,0,20,0,20,11,15,24,0,50,10,0,10,60
11/23/2015,ATW,WI,AGL,CE,Federal Contract Tower,18,14,11,0,43,0,0,28,0,28,18,14,39,0,71,6,0,6,77
11/24/2015,ATW,WI,AGL,CE,Federal Contract Tower,14,11,8,0,33,0,0,31,0,31,14,11,39,0,64,12,0,12,76
11/25/2015,ATW,WI,AGL,CE,Federal Contract Tower,22,20,11,0,53,0,0,17,0,17,22,20,28,0,70,16,0,16,86
11/26/2015,ATW,WI,AGL,CE,Federal Contract Tower,4,7,1,0,12,0,0,0,0,0,4,7,1,0,12,0,0,0,12
11/27/2015,ATW,WI,AGL,CE,Federal Contract Tower,12,10,3,0,25,0,0,12,0,12,12,10,15,0,37,0,0,0,37
11/28/2015,ATW,WI,AGL,CE,Federal Contract Tower,11,20,6,0,37,0,0,38,0,38,11,20,44,0,75,20,0,20,95
11/29/2015,ATW,WI,AGL,CE,Federal Contract Tower,12,19,10,0,41,0,2,34,0,36,12,21,44,0,77,64,0,64,141
11/30/2015,ATW,WI,AGL,CE,Federal Contract Tower,15,27,18,0,60,0,0,4,0,4,15,27,22,0,64,0,0,0,64
12/01/2015,ATW,WI,AGL,CE,Federal Contract Tower,15,17,20,0,52,0,0,1,0,1,15,17,21,0,53,0,0,0,53
12/02/2015,ATW,WI,AGL,CE,Federal Contract Tower,16,16,28,0,60,0,0,5,0,5,16,16,33,0,65,2,0,2,67
12/03/2015,ATW,WI,AGL,CE,Federal Contract Tower,14,24,18,0,56,0,0,7,0,7,14,24,25,0,63,10,0,10,73
12/04/2015,ATW,WI,AGL,CE,Federal Contract Tower,20,16,18,0,54,0,0,34,2,36,20,16,52,2,90,22,0,22,112
12/05/2015,ATW,WI,AGL,CE,Federal Contract Tower,9,8,10,0,27,0,0,24,0,24,9,8,34,0,51,46,0,46,97
12/06/2015,ATW,WI,AGL,CE,Federal Contract Tower,14,12,3,0,29,0,0,0,0,0,14,12,3,0,29,0,0,0,29
12/07/2015,ATW,WI,AGL,CE,Federal Contract Tower,16,13,14,0,43,0,0,0,0,0,16,13,14,0,43,0,0,0,43
12/08/2015,ATW,WI,AGL,CE,Federal Contract Tower,16,24,17,0,57,0,1,2,0,3,16,25,19,0,60,6,0,6,66
12/09/2015,ATW,WI,AGL,CE,Federal Contract Tower,16,17,24,6,63,0,0,16,0,16,16,17,40,6,79,22,0,22,101
12/10/2015,ATW,WI,AGL,CE,Federal Contract Tower,18,20,35,0,73,0,0,9,0,9,18,20,44,0,82,4,0,4,86
12/11/2015,ATW,WI,AGL,CE,Federal Contract Tower,22,16,28,0,66,0,1,28,0,29,22,17,56,0,95,56,0,56,151
12/12/2015,ATW,WI,AGL,CE,Federal Contract Tower,11,17,17,0,45,0,0,7,0,7,11,17,24,0,52,4,0,4,56
12/13/2015,ATW,WI,AGL,CE,Federal Contract Tower,14,14,14,0,42,0,0,0,0,0,14,14,14,0,42,0,0,0,42
12/14/2015,ATW,WI,AGL,CE,Federal Contract Tower,19,26,19,0,64,0,0,0,0,0,19,26,19,0,64,0,0,0,64
12/15/2015,ATW,WI,AGL,CE,Federal Contract Tower,16,24,30,0,70,0,0,10,0,10,16,24,40,0,80,84,0,84,164
12/16/2015,ATW,WI,AGL,CE,Federal Contract Tower,15,21,22,0,58,0,0,0,0,0,15,21,22,0,58,0,0,0,58
12/17/2015,ATW,WI,AGL,CE,Federal Contract Tower,19,24,25,0,68,0,0,5,0,5,19,24,30,0,73,0,0,0,73
12/18/2015,ATW,WI,AGL,CE,Federal Contract Tower,19,20,22,0,61,0,0,8,0,8,19,20,30,0,69,0,0,0,69
12/19/2015,ATW,WI,AGL,CE,Federal Contract Tower,12,18,11,0,41,0,1,32,0,33,12,19,43,0,74,26,0,26,100
12/20/2015,ATW,WI,AGL,CE,Federal Contract Tower,13,21,1,0,35,0,0,6,0,6,13,21,7,0,41,4,0,4,45
12/21/2015,ATW,WI,AGL,CE,Federal Contract Tower,14,17,6,0,37,0,0,0,0,0,14,17,6,0,37,0,0,0,37
12/22/2015,ATW,WI,AGL,CE,Federal Contract Tower,13,19,7,0,39,0,0,0,0,0,13,19,7,0,39,0,0,0,39
12/23/2015,ATW,WI,AGL,CE,Federal Contract Tower,14,19,6,0,39,0,0,0,0,0,14,19,6,0,39,0,0,0,39
12/24/2015,ATW,WI,AGL,CE,Federal Contract Tower,9,11,2,0,22,0,0,5,0,5,9,11,7,0,27,0,0,0,27
12/25/2015,ATW,WI,AGL,CE,Federal Contract Tower,5,7,6,0,18,0,0,5,0,5,5,7,11,0,23,0,0,0,23
12/26/2015,ATW,WI,AGL,CE,Federal Contract Tower,9,15,6,0,30,0,0,0,0,0,9,15,6,0,30,0,0,0,30
12/27/2015,ATW,WI,AGL,CE,Federal Contract Tower,12,16,10,0,38,0,0,17,0,17,12,16,27,0,55,44,0,44,99
12/28/2015,ATW,WI,AGL,CE,Federal Contract Tower,8,10,11,0,29,0,0,0,0,0,8,10,11,0,29,0,0,0,29
12/29/2015,ATW,WI,AGL,CE,Federal Contract Tower,11,17,5,0,33,0,0,0,0,0,11,17,5,0,33,0,0,0,33
12/30/2015,ATW,WI,AGL,CE,Federal Contract Tower,18,20,6,0,44,0,0,0,0,0,18,20,6,0,44,0,0,0,44
12/31/2015,ATW,WI,AGL,CE,Federal Contract Tower,14,14,3,0,31,0,0,7,0,7,14,14,10,0,38,26,0,26,64
01/01/2016,ATW,WI,AGL,CE,Federal Contract Tower,7,9,1,0,17,0,0,6,0,6,7,9,7,0,23,4,0,4,27
01/02/2016,ATW,WI,AGL,CE,Federal Contract Tower,13,21,3,0,37,0,2,30,0,32,13,23,33,0,69,42,0,42,111
01/03/2016,ATW,WI,AGL,CE,Federal Contract Tower,11,14,23,0,48,0,0,21,0,21,11,14,44,0,69,22,0,22,91
01/04/2016,ATW,WI,AGL,CE,Federal Contract Tower,13,16,22,0,51,0,0,33,0,33,13,16,55,0,84,64,0,64,148
01/05/2016,ATW,WI,AGL,CE,Federal Contract Tower,15,15,9,0,39,0,0,21,0,21,15,15,30,0,60,44,0,44,104
01/06/2016,ATW,WI,AGL,CE,Federal Contract Tower,18,24,11,2,55,0,1,47,0,48,18,25,58,2,103,78,0,78,181
01/07/2016,ATW,WI,AGL,CE,Federal Contract Tower,16,14,13,0,43,0,0,0,0,0,16,14,13,0,43,0,0,0,43
01/08/2016,ATW,WI,AGL,CE,Federal Contract Tower,13,16,8,0,37,0,0,0,0,0,13,16,8,0,37,0,0,0,37
01/09/2016,ATW,WI,AGL,CE,Federal Contract Tower,7,10,6,0,23,0,0,0,0,0,7,10,6,0,23,0,0,0,23
01/10/2016,ATW,WI,AGL,CE,Federal Contract Tower,9,15,8,0,32,0,4,0,0,4,9,19,8,0,36,2,0,2,38
01/11/2016,ATW,WI,AGL,CE,Federal Contract Tower,15,14,25,0,54,0,0,12,0,12,15,14,37,0,66,0,0,0,66
01/12/2016,ATW,WI,AGL,CE,Federal Contract Tower,14,16,18,0,48,0,0,6,0,6,14,16,24,0,54,6,0,6,60
01/13/2016,ATW,WI,AGL,CE,Federal Contract Tower,17,16,21,0,54,0,0,3,0,3,17,16,24,0,57,2,0,2,59
01/14/2016,ATW,WI,AGL,CE,Federal Contract Tower,16,18,21,0,55,0,0,2,0,2,16,18,23,0,57,0,0,0,57
01/15/2016,ATW,WI,AGL,CE,Federal Contract Tower,16,14,21,0,51,0,0,0,0,0,16,14,21,0,51,0,0,0,51
01/16/2016,ATW,WI,AGL,CE,Federal Contract Tower,7,9,7,0,23,0,0,9,0,9,7,9,16,0,32,0,0,0,32
01/17/2016,ATW,WI,AGL,CE,Federal Contract Tower,8,11,11,0,30,0,0,2,0,2,8,11,13,0,32,0,0,0,32
01/18/2016,ATW,WI,AGL,CE,Federal Contract Tower,14,19,36,0,69,0,0,9,0,9,14,19,45,0,78,14,0,14,92
01/19/2016,ATW,WI,AGL,CE,Federal Contract Tower,17,15,18,0,50,0,0,10,0,10,17,15,28,0,60,0,0,0,60
01/20/2016,ATW,WI,AGL,CE,Federal Contract Tower,16,22,22,0,60,0,0,16,0,16,16,22,38,0,76,4,0,4,80
01/21/2016,ATW,WI,AGL,CE,Federal Contract Tower,16,17,29,0,62,0,0,5,0,5,16,17,34,0,67,0,0,0,67
01/22/2016,ATW,WI,AGL,CE,Federal Contract Tower,16,15,27,0,58,0,0,10,0,10,16,15,37,0,68,12,0,12,80
01/23/2016,ATW,WI,AGL,CE,Federal Contract Tower,7,13,7,0,27,0,0,33,0,33,7,13,40,0,60,76,0,76,136
01/24/2016,ATW,WI,AGL,CE,Federal Contract Tower,12,10,6,0,28,0,0,0,0,0,12,10,6,0,28,0,0,0,28
01/25/2016,ATW,WI,AGL,CE,Federal Contract Tower,15,16,14,0,45,0,0,0,0,0,15,16,14,0,45,0,0,0,45
01/26/2016,ATW,WI,AGL,CE,Federal Contract Tower,17,13,23,0,53,0,0,6,0,6,17,13,29,0,59,0,0,0,59
01/27/2016,ATW,WI,AGL,CE,Federal Contract Tower,16,21,26,0,63,0,0,32,0,32,16,21,58,0,95,14,0,14,109
01/28/2016,ATW,WI,AGL,CE,Federal Contract Tower,16,18,23,0,57,0,0,24,0,24,16,18,47,0,81,54,0,54,135
01/29/2016,ATW,WI,AGL,CE,Federal Contract Tower,16,19,24,0,59,0,0,17,0,17,16,19,41,0,76,26,0,26,102
01/30/2016,ATW,WI,AGL,CE,Federal Contract Tower,7,13,9,0,29,0,0,38,0,38,7,13,47,0,67,26,0,26,93
01/31/2016,ATW,WI,AGL,CE,Federal Contract Tower,12,11,7,0,30,0,0,0,0,0,12,11,7,0,30,0,0,0,30
02/01/2016,ATW,WI,AGL,CE,Federal Contract Tower,15,18,14,0,47,0,0,20,0,20,15,18,34,0,67,56,0,56,123
02/02/2016,ATW,WI,AGL,CE,Federal Contract Tower,10,9,3,0,22,0,0,0,0,0,10,9,3,0,22,0,0,0,22
02/03/2016,ATW,WI,AGL,CE,Federal Contract Tower,15,14,2,0,31,0,0,0,0,0,15,14,2,0,31,0,0,0,31
02/04/2016,ATW,WI,AGL,CE,Federal Contract Tower,16,15,31,0,62,0,0,24,0,24,16,15,55,0,86,38,0,38,124
02/05/2016,ATW,WI,AGL,CE,Federal Contract Tower,16,18,20,0,54,0,0,25,0,25,16,18,45,0,79,16,0,16,95
02/06/2016,ATW,WI,AGL,CE,Federal Contract Tower,7,8,6,0,21,0,0,8,0,8,7,8,14,0,29,0,0,0,29
02/07/2016,ATW,WI,AGL,CE,Federal Contract Tower,10,10,7,0,27,0,0,17,0,17,10,10,24,0,44,12,0,12,56
02/08/2016,ATW,WI,AGL,CE,Federal Contract Tower,15,18,11,0,44,0,0,0,0,0,15,18,11,0,44,0,0,0,44
02/09/2016,ATW,WI,AGL,CE,Federal Contract Tower,14,15,8,0,37,0,0,5,0,5,14,15,13,0,42,0,0,0,42
02/10/2016,ATW,WI,AGL,CE,Federal Contract Tower,19,14,22,5,60,0,0,10,2,12,19,14,32,7,72,4,28,32,104
02/11/2016,ATW,WI,AGL,CE,Federal Contract Tower,16,20,20,0,56,0,0,21,0,21,16,20,41,0,77,0,0,0,77
02/12/2016,ATW,WI,AGL,CE,Federal Contract Tower,14,27,30,3,74,0,0,21,1,22,14,27,51,4,96,28,0,28,124
02/13/2016,ATW,WI,AGL,CE,Federal Contract Tower,9,13,14,0,36,0,1,18,0,19,9,14,32,0,55,8,0,8,63
02/14/2016,ATW,WI,AGL,CE,Federal Contract Tower,8,11,5,0,24,0,0,8,0,8,8,11,13,0,32,22,0,22,54
02/15/2016,ATW,WI,AGL,CE,Federal Contract Tower,13,16,11,1,41,0,0,6,0,6,13,16,17,1,47,40,0,40,87
02/16/2016,ATW,WI,AGL,CE,Federal Contract Tower,12,23,18,2,55,0,0,0,0,0,12,23,18,2,55,0,0,0,55
02/17/2016,ATW,WI,AGL,CE,Federal Contract Tower,14,24,32,2,72,0,0,37,0,37,14,24,69,2,109,42,0,42,151
02/18/2016,ATW,WI,AGL,CE,Federal Contract Tower,16,21,27,0,64,0,0,9,0,9,16,21,36,0,73,2,0,2,75
02/19/2016,ATW,WI,AGL,CE,Federal Contract Tower,12,10,12,0,34,0,0,6,0,6,12,10,18,0,40,0,0,0,40
02/20/2016,ATW,WI,AGL,CE,Federal Contract Tower,7,11,11,1,30,0,0,33,0,33,7,11,44,1,63,32,0,32,95
02/21/2016,ATW,WI,AGL,CE,Federal Contract Tower,12,13,14,0,39,0,0,14,0,14,12,13,28,0,53,70,0,70,123
02/22/2016,ATW,WI,AGL,CE,Federal Contract Tower,8,19,28,0,55,0,0,0,0,0,8,19,28,0,55,0,0,0,55
02/23/2016,ATW,WI,AGL,CE,Federal Contract Tower,12,19,24,0,55,0,0,3,0,3,12,19,27,0,58,2,0,2,60
02/24/2016,ATW,WI,AGL,CE,Federal Contract Tower,13,16,23,0,52,0,0,5,0,5,13,16,28,0,57,0,0,0,57
02/25/2016,ATW,WI,AGL,CE,Federal Contract Tower,16,21,36,3,76,0,0,9,0,9,16,21,45,3,85,2,0,2,87
02/26/2016,ATW,WI,AGL,CE,Federal Contract Tower,12,16,31,0,59,0,0,40,0,40,12,16,71,0,99,12,16,28,127
02/27/2016,ATW,WI,AGL,CE,Federal Contract Tower,7,13,8,0,28,0,2,25,0,27,7,15,33,0,55,16,0,16,71
02/28/2016,ATW,WI,AGL,CE,Federal Contract Tower,12,13,4,0,29,0,0,9,0,9,12,13,13,0,38,0,0,0,38
02/29/2016,ATW,WI,AGL,CE,Federal Contract Tower,11,27,16,2,56,0,0,8,0,8,11,27,24,2,64,22,2,24,88
03/01/2016,ATW,WI,AGL,CE,Federal Contract Tower,12,34,15,0,61,0,0,0,0,0,12,34,15,0,61,0,0,0,61
03/02/2016,ATW,WI,AGL,CE,Federal Contract Tower,19,16,46,1,82,0,0,35,0,35,19,16,81,1,117,94,0,94,211
03/03/2016,ATW,WI,AGL,CE,Federal Contract Tower,17,21,15,0,53,0,0,38,0,38,17,21,53,0,91,62,0,62,153
03/04/2016,ATW,WI,AGL,CE,Federal Contract Tower,15,28,19,0,62,0,0,17,0,17,15,28,36,0,79,38,0,38,117
03/05/2016,ATW,WI,AGL,CE,Federal Contract Tower,9,15,3,0,27,0,0,10,0,10,9,15,13,0,37,10,0,10,47
03/06/2016,ATW,WI,AGL,CE,Federal Contract Tower,13,14,6,0,33,0,0,21,0,21,13,14,27,0,54,34,0,34,88
03/07/2016,ATW,WI,AGL,CE,Federal Contract Tower,15,19,21,0,55,0,0,40,0,40,15,19,61,0,95,76,0,76,171
03/08/2016,ATW,WI,AGL,CE,Federal Contract Tower,18,19,29,0,66,0,0,5,0,5,18,19,34,0,71,0,0,0,71
03/09/2016,ATW,WI,AGL,CE,Federal Contract Tower,19,22,25,0,66,0,2,10,0,12,19,24,35,0,78,2,0,2,80
03/10/2016,ATW,WI,AGL,CE,Federal Contract Tower,20,18,13,0,51,0,0,12,0,12,20,18,25,0,63,0,0,0,63
03/11/2016,ATW,WI,AGL,CE,Federal Contract Tower,17,13,11,0,41,0,5,25,0,30,17,18,36,0,71,14,0,14,85
03/12/2016,ATW,WI,AGL,CE,Federal Contract Tower,9,12,14,0,35,0,0,43,0,43,9,12,57,0,78,44,0,44,122
03/13/2016,ATW,WI,AGL,CE,Federal Contract Tower,14,14,14,1,43,0,0,2,0,2,14,14,16,1,45,0,0,0,45
03/14/2016,ATW,WI,AGL,CE,Federal Contract Tower,16,18,28,0,62,0,0,9,0,9,16,18,37,0,71,2,0,2,73
03/15/2016,ATW,WI,AGL,CE,Federal Contract Tower,18,18,23,0,59,0,0,1,0,1,18,18,24,0,60,0,0,0,60
03/16/2016,ATW,WI,AGL,CE,Federal Contract Tower,18,17,11,0,46,0,0,0,0,0,18,17,11,0,46,0,0,0,46
03/17/2016,ATW,WI,AGL,CE,Federal Contract Tower,22,17,19,0,58,0,0,4,0,4,22,17,23,0,62,0,0,0,62
03/18/2016,ATW,WI,AGL,CE,Federal Contract Tower,16,12,12,0,40,0,0,17,0,17,16,12,29,0,57,36,0,36,93
03/19/2016,ATW,WI,AGL,CE,Federal Contract Tower,11,11,8,0,30,0,1,11,0,12,11,12,19,0,42,28,0,28,70
03/20/2016,ATW,WI,AGL,CE,Federal Contract Tower,13,15,5,0,33,0,0,37,0,37,13,15,42,0,70,6,0,6,76
03/21/2016,ATW,WI,AGL,CE,Federal Contract Tower,17,15,23,0,55,0,0,27,0,27,17,15,50,0,82,2,0,2,84
03/22/2016,ATW,WI,AGL,CE,Federal Contract Tower,16,13,30,0,59,0,0,23,0,23,16,13,53,0,82,42,0,42,124
03/23/2016,ATW,WI,AGL,CE,Federal Contract Tower,15,20,15,0,50,0,0,0,0,0,15,20,15,0,50,0,0,0,50
03/24/2016,ATW,WI,AGL,CE,Federal Contract Tower,22,17,11,0,50,0,0,0,0,0,22,17,11,0,50,0,0,0,50
03/25/2016,ATW,WI,AGL,CE,Federal Contract Tower,15,14,6,0,35,0,1,31,0,32,15,15,37,0,67,40,0,40,107
03/26/2016,ATW,WI,AGL,CE,Federal Contract Tower,11,10,8,0,29,0,2,24,0,26,11,12,32,0,55,30,0,30,85
03/27/2016,ATW,WI,AGL,CE,Federal Contract Tower,15,13,7,0,35,0,0,1,0,1,15,13,8,0,36,0,0,0,36
03/28/2016,ATW,WI,AGL,CE,Federal Contract Tower,15,18,14,0,47,0,1,24,0,25,15,19,38,0,72,48,0,48,120
03/29/2016,ATW,WI,AGL,CE,Federal Contract Tower,20,14,18,0,52,0,0,46,0,46,20,14,64,0,98,30,0,30,128
03/30/2016,ATW,WI,AGL,CE,Federal Contract Tower,16,20,20,0,56,0,0,8,0,8,16,20,28,0,64,0,0,0,64
03/31/2016,ATW,WI,AGL,CE,Federal Contract Tower,21,12,11,0,44,0,0,0,0,0,21,12,11,0,44,0,0,0,44
04/01/2016,ATW,WI,AGL,CE,Federal Contract Tower,15,17,12,0,44,0,0,8,0,8,15,17,20,0,52,0,0,0,52
04/02/2016,ATW,WI,AGL,CE,Federal Contract Tower,11,12,0,0,23,0,0,2,0,2,11,12,2,0,25,2,0,2,27
04/03/2016,ATW,WI,AGL,CE,Federal Contract Tower,16,13,5,0,34,0,0,0,0,0,16,13,5,0,34,0,0,0,34
04/04/2016,ATW,WI,AGL,CE,Federal Contract Tower,17,8,18,0,43,0,0,9,0,9,17,8,27,0,52,14,0,14,66
04/05/2016,ATW,WI,AGL,CE,Federal Contract Tower,20,15,23,0,58,0,0,11,0,11,20,15,34,0,69,12,0,12,81
04/06/2016,ATW,WI,AGL,CE,Federal Contract Tower,18,23,15,0,56,0,0,0,0,0,18,23,15,0,56,0,0,0,56
04/07/2016,ATW,WI,AGL,CE,Federal Contract Tower,22,14,16,0,52,0,0,9,0,9,22,14,25,0,61,16,0,16,77
04/08/2016,ATW,WI,AGL,CE,Federal Contract Tower,19,19,15,0,53,0,0,0,0,0,19,19,15,0,53,0,0,0,53
04/09/2016,ATW,WI,AGL,CE,Federal Contract Tower,11,9,14,0,34,0,1,35,0,36,11,10,49,0,70,64,0,64,134
04/10/2016,ATW,WI,AGL,CE,Federal Contract Tower,16,14,8,0,38,0,0,0,0,0,16,14,8,0,38,0,0,0,38
04/11/2016,ATW,WI,AGL,CE,Federal Contract Tower,17,13,11,0,41,0,0,7,0,7,17,13,18,0,48,16,0,16,64
04/12/2016,ATW,WI,AGL,CE,Federal Contract Tower,18,17,17,0,52,0,0,16,0,16,18,17,33,0,68,30,0,30,98
04/13/2016,ATW,WI,AGL,CE,Federal Contract Tower,22,14,16,0,52,0,0,3,2,5,22,14,19,2,57,4,4,8,65
04/14/2016,ATW,WI,AGL,CE,Federal Contract Tower,21,14,26,0,61,0,0,22,0,22,21,14,48,0,83,22,0,22,105
04/15/2016,ATW,WI,AGL,CE,Federal Contract Tower,16,15,18,0,49,0,0,39,0,39,16,15,57,0,88,42,0,42,130
04/16/2016,ATW,WI,AGL,CE,Federal Contract Tower,12,13,19,0,44,0,1,32,0,33,12,14,51,0,77,26,0,26,103
04/17/2016,ATW,WI,AGL,CE,Federal Contract Tower,14,11,8,0,33,0,0,25,0,25,14,11,33,0,58,34,0,34,92
04/18/2016,ATW,WI,AGL,CE,Federal Contract Tower,17,16,21,0,54,0,0,28,0,28,17,16,49,0,82,36,0,36,118
04/19/2016,ATW,WI,AGL,CE,Federal Contract Tower,18,14,27,0,59,0,0,1,0,1,18,14,28,0,60,0,0,0,60
04/20/2016,ATW,WI,AGL,CE,Federal Contract Tower,20,15,15,1,51,0,0,65,0,65,20,15,80,1,116,78,0,78,194
04/21/2016,ATW,WI,AGL,CE,Federal Contract Tower,21,14,37,0,72,0,0,9,0,9,21,14,46,0,81,14,0,14,95
04/22/2016,ATW,WI,AGL,CE,Federal Contract Tower,17,16,30,0,63,0,0,24,0,24,17,16,54,0,87,28,0,28,115
04/23/2016,ATW,WI,AGL,CE,Federal Contract Tower,13,10,6,0,29,0,5,27,0,32,13,15,33,0,61,52,0,52,113
04/24/2016,ATW,WI,AGL,CE,Federal Contract Tower,14,17,11,0,42,0,0,3,0,3,14,17,14,0,45,0,0,0,45
04/25/2016,ATW,WI,AGL,CE,Federal Contract Tower,18,13,11,1,43,0,0,5,0,5,18,13,16,1,48,0,0,0,48
04/26/2016,ATW,WI,AGL,CE,Federal Contract Tower,20,15,23,0,58,0,0,5,0,5,20,15,28,0,63,0,0,0,63
04/27/2016,ATW,WI,AGL,CE,Federal Contract Tower,20,11,28,0,59,0,0,18,0,18,20,11,46,0,77,6,0,6,83
04/28/2016,ATW,WI,AGL,CE,Federal Contract Tower,21,12,31,0,64,0,0,8,0,8,21,12,39,0,72,10,0,10,82
04/29/2016,ATW,WI,AGL,CE,Federal Contract Tower,15,14,24,0,53,0,0,41,0,41,15,14,65,0,94,52,0,52,146
04/30/2016,ATW,WI,AGL,CE,Federal Contract Tower,11,10,11,0,32,0,0,15,0,15,11,10,26,0,47,8,0,8,55
05/01/2016,ATW,WI,AGL,CE,Federal Contract Tower,13,17,14,0,44,0,0,12,0,12,13,17,26,0,56,0,0,0,56
05/02/2016,ATW,WI,AGL,CE,Federal Contract Tower,14,15,14,0,43,0,0,43,0,43,14,15,57,0,86,28,0,28,114
05/03/2016,ATW,WI,AGL,CE,Federal Contract Tower,15,14,24,0,53,0,0,18,1,19,15,14,42,1,72,26,0,26,98
05/04/2016,ATW,WI,AGL,CE,Federal Contract Tower,18,18,17,0,53,0,0,4,2,6,18,18,21,2,59,2,2,4,63
05/05/2016,ATW,WI,AGL,CE,Federal Contract Tower,20,17,35,0,72,0,2,34,0,36,20,19,69,0,108,30,0,30,138
05/06/2016,ATW,WI,AGL,CE,Federal Contract Tower,16,16,24,0,56,0,0,48,0,48,16,16,72,0,104,72,0,72,176
05/07/2016,ATW,WI,AGL,CE,Federal Contract Tower,10,10,6,0,26,0,1,11,0,12,10,11,17,0,38,4,0,4,42
05/08/2016,ATW,WI,AGL,CE,Federal Contract Tower,15,10,9,0,34,0,0,24,0,24,15,10,33,0,58,28,0,28,86
05/09/2016,ATW,WI,AGL,CE,Federal Contract Tower,15,13,19,0,47,0,0,26,0,26,15,13,45,0,73,20,0,20,93
05/10/2016,ATW,WI,AGL,CE,Federal Contract Tower,16,16,23,0,55,0,0,0,0,0,16,16,23,0,55,0,0,0,55
05/11/2016,ATW,WI,AGL,CE,Federal Contract Tower,22,14,28,0,64,0,0,0,0,0,22,14,28,0,64,0,0,0,64
05/12/2016,ATW,WI,AGL,CE,Federal Contract Tower,19,15,25,0,59,0,0,18,0,18,19,15,43,0,77,14,0,14,91
05/13/2016,ATW,WI,AGL,CE,Federal Contract Tower,15,17,24,0,56,0,0,8,4,12,15,17,32,4,68,20,0,20,88
05/14/2016,ATW,WI,AGL,CE,Federal Contract Tower,11,14,13,0,38,0,1,12,0,13,11,15,25,0,51,36,0,36,87
05/15/2016,ATW,WI,AGL,CE,Federal Contract Tower,10,14,17,0,41,0,0,23,0,23,10,14,40,0,64,26,0,26,90
05/16/2016,ATW,WI,AGL,CE,Federal Contract Tower,15,22,11,0,48,0,0,48,0,48,15,22,59,0,96,84,0,84,180
05/17/2016,ATW,WI,AGL,CE,Federal Contract Tower,16,17,16,0,49,0,0,41,3,44,16,17,57,3,93,52,0,52,145
05/18/2016,ATW,WI,AGL,CE,Federal Contract Tower,18,17,28,2,65,0,0,28,0,28,18,17,56,2,93,44,0,44,137
05/19/2016,ATW,WI,AGL,CE,Federal Contract Tower,20,16,30,0,66,0,0,47,0,47,20,16,77,0,113,34,0,34,147
05/20/2016,ATW,WI,AGL,CE,Federal Contract Tower,16,19,22,0,57,0,0,56,0,56,16,19,78,0,113,42,0,42,155
05/21/2016,ATW,WI,AGL,CE,Federal Contract Tower,10,9,7,0,26,0,1,36,0,37,10,10,43,0,63,10,0,10,73
05/22/2016,ATW,WI,AGL,CE,Federal Contract Tower,11,15,8,0,34,0,2,48,0,50,11,17,56,0,84,54,0,54,138
05/23/2016,ATW,WI,AGL,CE,Federal Contract Tower,15,16,16,0,47,0,0,35,0,35,15,16,51,0,82,30,0,30,112
05/24/2016,ATW,WI,AGL,CE,Federal Contract Tower,16,25,18,0,59,0,0,47,0,47,16,25,65,0,106,56,0,56,162
05/25/2016,ATW,WI,AGL,CE,Federal Contract Tower,19,17,23,0,59,0,0,12,0,12,19,17,35,0,71,10,0,10,81
05/26/2016,ATW,WI,AGL,CE,Federal Contract Tower,22,17,23,0,62,0,3,12,0,15,22,20,35,0,77,0,0,0,77
05/27/2016,ATW,WI,AGL,CE,Federal Contract Tower,16,19,17,0,52,0,0,4,0,4,16,19,21,0,56,0,0,0,56
05/28/2016,ATW,WI,AGL,CE,Federal Contract Tower,10,4,8,0,22,0,0,2,0,2,10,4,10,0,24,0,0,0,24
05/29/2016,ATW,WI,AGL,CE,Federal Contract Tower,12,6,11,0,29,0,0,3,0,3,12,6,14,0,32,0,0,0,32
05/30/2016,ATW,WI,AGL,CE,Federal Contract Tower,12,9,12,0,33,0,1,43,0,44,12,10,55,0,77,20,0,20,97
05/31/2016,ATW,WI,AGL,CE,Federal Contract Tower,12,13,17,0,42,0,1,8,0,9,12,14,25,0,51,0,0,0,51
06/01/2016,ATW,WI,AGL,CE,Federal Contract Tower,16,22,24,0,62,0,1,8,0,9,16,23,32,0,71,14,0,14,85
06/02/2016,ATW,WI,AGL,CE,Federal Contract Tower,18,20,19,0,57,0,0,19,0,19,18,20,38,0,76,20,0,20,96
06/03/2016,ATW,WI,AGL,CE,Federal Contract Tower,14,15,13,0,42,0,0,34,0,34,14,15,47,0,76,72,0,72,148
06/04/2016,ATW,WI,AGL,CE,Federal Contract Tower,9,10,3,0,22,0,2,9,0,11,9,12,12,0,33,0,0,0,33
06/05/2016,ATW,WI,AGL,CE,Federal Contract Tower,10,16,10,0,36,0,0,6,0,6,10,16,16,0,42,28,0,28,70
06/06/2016,ATW,WI,AGL,CE,Federal Contract Tower,11,16,19,0,46,0,1,7,0,8,11,17,26,0,54,0,0,0,54
06/07/2016,ATW,WI,AGL,CE,Federal Contract Tower,14,19,35,0,68,0,0,16,0,16,14,19,51,0,84,22,0,22,106
06/08/2016,ATW,WI,AGL,CE,Federal Contract Tower,17,21,36,0,74,0,0,77,0,77,17,21,113,0,151,36,0,36,187
06/09/2016,ATW,WI,AGL,CE,Federal Contract Tower,16,25,35,0,76,0,1,35,0,36,16,26,70,0,112,4,0,4,116
06/10/2016,ATW,WI,AGL,CE,Federal Contract Tower,10,25,26,1,62,0,0,10,0,10,10,25,36,1,72,0,0,0,72
06/11/2016,ATW,WI,AGL,CE,Federal Contract Tower,8,19,7,1,35,0,8,47,0,55,8,27,54,1,90,42,0,42,132
06/12/2016,ATW,WI,AGL,CE,Federal Contract Tower,13,16,16,1,46,0,0,42,0,42,13,16,58,1,88,34,0,34,122
06/13/2016,ATW,WI,AGL,CE,Federal Contract Tower,11,28,24,0,63,0,0,2,0,2,11,28,26,0,65,20,0,20,85
06/14/2016,ATW,WI,AGL,CE,Federal Contract Tower,12,21,22,1,56,0,0,12,3,15,12,21,34,4,71,56,0,56,127
06/15/2016,ATW,WI,AGL,CE,Federal Contract Tower,15,32,21,0,68,0,0,0,0,0,15,32,21,0,68,4,0,4,72
06/16/2016,ATW,WI,AGL,CE,Federal Contract Tower,16,28,35,0,79,0,0,5,0,5,16,28,40,0,84,0,0,0,84
06/17/2016,ATW,WI,AGL,CE,Federal Contract Tower,11,21,30,1,63,0,2,69,0,71,11,23,99,1,134,86,0,86,220
06/18/2016,ATW,WI,AGL,CE,Federal Contract Tower,10,15,8,0,33,0,0,60,0,60,10,15,68,0,93,116,0,116,209
06/19/2016,ATW,WI,AGL,CE,Federal Contract Tower,13,19,18,0,50,0,0,30,0,30,13,19,48,0,80,26,0,26,106
06/20/2016,ATW,WI,AGL,CE,Federal Contract Tower,13,21,26,0,60,0,0,26,0,26,13,21,52,0,86,0,0,0,86
06/21/2016,ATW,WI,AGL,CE,Federal Contract Tower,14,25,13,1,53,0,2,50,0,52,14,27,63,1,105,18,0,18,123
06/22/2016,ATW,WI,AGL,CE,Federal Contract Tower,16,20,27,0,63,0,2,24,0,26,16,22,51,0,89,58,0,58,147
06/23/2016,ATW,WI,AGL,CE,Federal Contract Tower,20,21,18,0,59,0,0,22,0,22,20,21,40,0,81,16,0,16,97
06/24/2016,ATW,WI,AGL,CE,Federal Contract Tower,14,23,21,0,58,0,2,60,0,62,14,25,81,0,120,52,0,52,172
06/25/2016,ATW,WI,AGL,CE,Federal Contract Tower,8,13,3,0,24,0,0,15,0,15,8,13,18,0,39,10,0,10,49
06/26/2016,ATW,WI,AGL,CE,Federal Contract Tower,15,16,15,0,46,0,0,20,0,20,15,16,35,0,66,8,0,8,74
06/28/2016,ATW,WI,AGL,CE,Federal Contract Tower,14,18,22,0,54,0,0,35,0,35,14,18,57,0,89,46,0,46,135
06/29/2016,ATW,WI,AGL,CE,Federal Contract Tower,16,22,32,0,70,0,2,39,0,41,16,24,71,0,111,90,0,90,201
06/30/2016,ATW,WI,AGL,CE,Federal Contract Tower,17,22,28,0,67,0,0,28,0,28,17,22,56,0,95,16,0,16,111
07/01/2016,ATW,WI,AGL,CE,Federal Contract Tower,14,21,23,0,58,0,0,29,0,29,14,21,52,0,87,46,0,46,133
07/02/2016,ATW,WI,AGL,CE,Federal Contract Tower,7,12,8,0,27,0,0,32,0,32,7,12,40,0,59,8,0,8,67
07/03/2016,ATW,WI,AGL,CE,Federal Contract Tower,8,10,4,0,22,0,0,22,0,22,8,10,26,0,44,14,0,14,58
07/04/2016,ATW,WI,AGL,CE,Federal Contract Tower,6,10,6,0,22,0,1,34,0,35,6,11,40,0,57,30,0,30,87
07/05/2016,ATW,WI,AGL,CE,Federal Contract Tower,13,25,25,0,63,0,0,41,0,41,13,25,66,0,104,14,0,14,118
07/06/2016,ATW,WI,AGL,CE,Federal Contract Tower,12,14,19,0,45,0,0,15,0,15,12,14,34,0,60,36,0,36,96
07/07/2016,ATW,WI,AGL,CE,Federal Contract Tower,17,22,18,0,57,0,1,14,0,15,17,23,32,0,72,0,0,0,72
07/08/2016,ATW,WI,AGL,CE,Federal Contract Tower,12,19,8,0,39,0,0,10,0,10,12,19,18,0,49,0,0,0,49
07/09/2016,ATW,WI,AGL,CE,Federal Contract Tower,7,14,4,0,25,0,0,35,0,35,7,14,39,0,60,6,0,6,66
07/10/2016,ATW,WI,AGL,CE,Federal Contract Tower,10,21,10,0,41,0,0,25,0,25,10,21,35,0,66,36,0,36,102
07/11/2016,ATW,WI,AGL,CE,Federal Contract Tower,10,22,28,2,62,0,0,12,0,12,10,22,40,2,74,12,0,12,86
07/12/2016,ATW,WI,AGL,CE,Federal Contract Tower,12,21,12,0,45,0,3,18,0,21,12,24,30,0,66,52,0,52,118
07/13/2016,ATW,WI,AGL,CE,Federal Contract Tower,11,20,24,0,55,0,0,20,0,20,11,20,44,0,75,48,0,48,123
07/14/2016,ATW,WI,AGL,CE,Federal Contract Tower,17,32,36,0,85,0,0,15,0,15,17,32,51,0,100,4,0,4,104
07/15/2016,ATW,WI,AGL,CE,Federal Contract Tower,13,29,19,0,61,0,1,26,0,27,13,30,45,0,88,18,0,18,106
07/16/2016,ATW,WI,AGL,CE,Federal Contract Tower,6,17,6,0,29,0,1,51,0,52,6,18,57,0,81,44,0,44,125
07/17/2016,ATW,WI,AGL,CE,Federal Contract Tower,12,24,9,0,45,0,0,4,0,4,12,24,13,0,49,0,0,0,49
07/18/2016,ATW,WI,AGL,CE,Federal Contract Tower,11,24,20,1,56,0,0,35,0,35,11,24,55,1,91,40,0,40,131
07/19/2016,ATW,WI,AGL,CE,Federal Contract Tower,12,27,22,0,61,0,0,31,0,31,12,27,53,0,92,8,0,8,100
07/20/2016,ATW,WI,AGL,CE,Federal Contract Tower,14,31,27,0,72,0,0,27,0,27,14,31,54,0,99,6,0,6,105
07/21/2016,ATW,WI,AGL,CE,Federal Contract Tower,15,30,23,0,68,0,1,23,0,24,15,31,46,0,92,2,0,2,94
07/22/2016,ATW,WI,AGL,CE,Federal Contract Tower,12,27,35,0,74,0,0,35,0,35,12,27,70,0,109,4,0,4,113
07/23/2016,ATW,WI,AGL,CE,Federal Contract Tower,7,16,22,0,45,0,0,66,0,66,7,16,88,0,111,6,0,6,117
07/24/2016,ATW,WI,AGL,CE,Federal Contract Tower,12,23,90,0,125,0,0,119,0,119,12,23,209,0,244,0,0,0,244
07/25/2016,ATW,WI,AGL,CE,Federal Contract Tower,11,35,67,0,113,0,0,217,0,217,11,35,284,0,330,0,0,0,330
07/26/2016,ATW,WI,AGL,CE,Federal Contract Tower,12,32,85,2,131,0,0,307,0,307,12,32,392,2,438,90,0,90,528
07/27/2016,ATW,WI,AGL,CE,Federal Contract Tower,16,31,112,0,159,0,0,243,0,243,16,31,355,0,402,28,0,28,430
07/28/2016,ATW,WI,AGL,CE,Federal Contract Tower,16,33,164,0,213,0,0,148,0,148,16,33,312,0,361,18,0,18,379
07/29/2016,ATW,WI,AGL,CE,Federal Contract Tower,9,37,128,0,174,0,0,110,0,110,9,37,238,0,284,0,0,0,284
07/30/2016,ATW,WI,AGL,CE,Federal Contract Tower,8,22,55,1,86,0,1,112,0,113,8,23,167,1,199,0,0,0,199
07/31/2016,ATW,WI,AGL,CE,Federal Contract Tower,15,18,73,0,106,0,0,102,0,102,15,18,175,0,208,12,0,12,220
08/01/2016,ATW,WI,AGL,CE,Federal Contract Tower,15,24,28,1,68,0,0,130,0,130,15,24,158,1,198,26,2,28,226
08/02/2016,ATW,WI,AGL,CE,Federal Contract Tower,10,41,27,0,78,0,0,43,0,43,10,41,70,0,121,38,0,38,159
08/03/2016,ATW,WI,AGL,CE,Federal Contract Tower,14,28,19,2,63,0,0,21,0,21,14,28,40,2,84,22,0,22,106
08/04/2016,ATW,WI,AGL,CE,Federal Contract Tower,16,27,26,0,69,0,0,14,0,14,16,27,40,0,83,6,0,6,89
08/05/2016,ATW,WI,AGL,CE,Federal Contract Tower,12,22,17,0,51,0,0,49,0,49,12,22,66,0,100,60,0,60,160
08/06/2016,ATW,WI,AGL,CE,Federal Contract Tower,7,15,12,0,34,0,1,38,0,39,7,16,50,0,73,28,0,28,101
08/07/2016,ATW,WI,AGL,CE,Federal Contract Tower,12,18,13,0,43,0,0,37,0,37,12,18,50,0,80,28,0,28,108
08/08/2016,ATW,WI,AGL,CE,Federal Contract Tower,6,24,28,0,58,0,0,47,0,47,6,24,75,0,105,22,0,22,127
08/09/2016,ATW,WI,AGL,CE,Federal Contract Tower,10,23,20,0,53,0,0,19,0,19,10,23,39,0,72,50,0,50,122
08/10/2016,ATW,WI,AGL,CE,Federal Contract Tower,13,29,22,0,64,0,1,50,0,51,13,30,72,0,115,46,0,46,161
08/11/2016,ATW,WI,AGL,CE,Federal Contract Tower,19,29,24,0,72,0,0,15,0,15,19,29,39,0,87,2,0,2,89
08/12/2016,ATW,WI,AGL,CE,Federal Contract Tower,10,20,11,0,41,0,0,5,0,5,10,20,16,0,46,8,0,8,54
08/13/2016,ATW,WI,AGL,CE,Federal Contract Tower,9,22,6,1,38,0,0,23,1,24,9,22,29,2,62,18,0,18,80
08/14/2016,ATW,WI,AGL,CE,Federal Contract Tower,11,21,8,0,40,0,2,41,0,43,11,23,49,0,83,8,0,8,91
08/15/2016,ATW,WI,AGL,CE,Federal Contract Tower,11,31,29,1,72,0,0,48,0,48,11,31,77,1,120,104,0,104,224
08/16/2016,ATW,WI,AGL,CE,Federal Contract Tower,11,25,14,0,50,0,0,28,0,28,11,25,42,0,78,10,0,10,88
08/17/2016,ATW,WI,AGL,CE,Federal Contract Tower,12,32,24,0,68,0,2,31,0,33,12,34,55,0,101,52,0,52,153
08/18/2016,ATW,WI,AGL,CE,Federal Contract Tower,16,36,42,0,94,0,0,22,0,22,16,36,64,0,116,0,0,0,116
08/19/2016,ATW,WI,AGL,CE,Federal Contract Tower,13,22,22,0,57,0,0,6,0,6,13,22,28,0,63,4,0,4,67
08/20/2016,ATW,WI,AGL,CE,Federal Contract Tower,7,20,9,0,36,0,0,0,0,0,7,20,9,0,36,0,0,0,36
08/21/2016,ATW,WI,AGL,CE,Federal Contract Tower,12,15,22,0,49,0,2,23,0,25,12,17,45,0,74,6,0,6,80
08/22/2016,ATW,WI,AGL,CE,Federal Contract Tower,9,30,31,0,70,0,0,27,0,27,9,30,58,0,97,14,0,14,111
08/23/2016,ATW,WI,AGL,CE,Federal Contract Tower,12,20,23,0,55,0,0,23,0,23,12,20,46,0,78,48,0,48,126
08/24/2016,ATW,WI,AGL,CE,Federal Contract Tower,12,32,20,2,66,0,0,11,0,11,12,32,31,2,77,26,0,26,103
08/25/2016,ATW,WI,AGL,CE,Federal Contract Tower,16,24,19,0,59,0,0,29,0,29,16,24,48,0,88,12,0,12,100
08/26/2016,ATW,WI,AGL,CE,Federal Contract Tower,10,20,24,0,54,0,0,32,0,32,10,20,56,0,86,56,0,56,142
08/27/2016,ATW,WI,AGL,CE,Federal Contract Tower,7,8,13,0,28,0,0,0,0,0,7,8,13,0,28,0,0,0,28
08/28/2016,ATW,WI,AGL,CE,Federal Contract Tower,13,14,16,0,43,0,4,32,0,36,13,18,48,0,79,4,0,4,83
08/29/2016,ATW,WI,AGL,CE,Federal Contract Tower,13,22,29,0,64,0,1,28,0,29,13,23,57,0,93,42,0,42,135
08/30/2016,ATW,WI,AGL,CE,Federal Contract Tower,13,21,28,0,62,0,2,18,0,20,13,23,46,0,82,46,0,46,128
08/31/2016,ATW,WI,AGL,CE,Federal Contract Tower,14,22,23,0,59,0,0,51,0,51,14,22,74,0,110,98,0,98,208
09/01/2016,ATW,WI,AGL,CE,Federal Contract Tower,19,22,34,1,76,0,35,0,0,35,19,57,34,1,111,36,0,36,147
09/02/2016,ATW,WI,AGL,CE,Federal Contract Tower,11,23,24,0,58,0,2,38,0,40,11,25,62,0,98,48,0,48,146
09/03/2016,ATW,WI,AGL,CE,Federal Contract Tower,9,9,10,0,28,0,0,41,0,41,9,9,51,0,69,40,0,40,109
09/04/2016,ATW,WI,AGL,CE,Federal Contract Tower,10,10,11,0,31,0,0,14,0,14,10,10,25,0,45,0,0,0,45
09/05/2016,ATW,WI,AGL,CE,Federal Contract Tower,8,18,14,0,40,0,2,20,0,22,8,20,34,0,62,34,0,34,96
09/06/2016,ATW,WI,AGL,CE,Federal Contract Tower,7,19,15,0,41,0,0,7,0,7,7,19,22,0,48,0,0,0,48
09/07/2016,ATW,WI,AGL,CE,Federal Contract Tower,10,23,18,0,51,0,0,0,0,0,10,23,18,0,51,0,0,0,51
09/08/2016,ATW,WI,AGL,CE,Federal Contract Tower,14,24,30,0,68,0,0,25,0,25,14,24,55,0,93,30,0,30,123
09/09/2016,ATW,WI,AGL,CE,Federal Contract Tower,8,17,13,3,41,0,0,24,0,24,8,17,37,3,65,14,0,14,79
09/10/2016,ATW,WI,AGL,CE,Federal Contract Tower,7,12,3,0,22,0,0,4,0,4,7,12,7,0,26,0,0,0,26
09/11/2016,ATW,WI,AGL,CE,Federal Contract Tower,13,19,14,1,47,0,0,40,0,40,13,19,54,1,87,28,0,28,115
09/12/2016,ATW,WI,AGL,CE,Federal Contract Tower,9,25,21,0,55,0,0,35,0,35,9,25,56,0,90,56,0,56,146
09/13/2016,ATW,WI,AGL,CE,Federal Contract Tower,10,20,27,0,57,0,0,6,0,6,10,20,33,0,63,20,0,20,83
09/14/2016,ATW,WI,AGL,CE,Federal Contract Tower,15,27,37,0,79,0,0,16,0,16,15,27,53,0,95,36,2,38,133
09/15/2016,ATW,WI,AGL,CE,Federal Contract Tower,16,20,29,0,65,0,0,38,0,38,16,20,67,0,103,48,0,48,151
09/16/2016,ATW,WI,AGL,CE,Federal Contract Tower,11,22,21,0,54,0,0,6,0,6,11,22,27,0,60,0,0,0,60
09/17/2016,ATW,WI,AGL,CE,Federal Contract Tower,7,10,8,0,25,0,0,32,0,32,7,10,40,0,57,40,0,40,97
09/18/2016,ATW,WI,AGL,CE,Federal Contract Tower,12,18,16,1,47,0,0,31,0,31,12,18,47,1,78,8,0,8,86
09/19/2016,ATW,WI,AGL,CE,Federal Contract Tower,9,28,21,0,58,0,0,9,0,9,9,28,30,0,67,0,0,0,67
09/20/2016,ATW,WI,AGL,CE,Federal Contract Tower,12,23,16,0,51,0,0,23,0,23,12,23,39,0,74,14,0,14,88
09/21/2016,ATW,WI,AGL,CE,Federal Contract Tower,11,20,20,0,51,0,0,0,0,0,11,20,20,0,51,0,0,0,51
09/22/2016,ATW,WI,AGL,CE,Federal Contract Tower,16,24,22,0,62,0,0,3,0,3,16,24,25,0,65,12,0,12,77
09/23/2016,ATW,WI,AGL,CE,Federal Contract Tower,12,24,19,0,55,0,0,5,0,5,12,24,24,0,60,0,0,0,60
09/24/2016,ATW,WI,AGL,CE,Federal Contract Tower,9,18,36,0,63,0,0,21,0,21,9,18,57,0,84,28,0,28,112
09/25/2016,ATW,WI,AGL,CE,Federal Contract Tower,12,19,16,0,47,0,0,6,0,6,12,19,22,0,53,6,0,6,59
09/26/2016,ATW,WI,AGL,CE,Federal Contract Tower,15,19,13,0,47,0,0,11,0,11,15,19,24,0,58,0,0,0,58
09/27/2016,ATW,WI,AGL,CE,Federal Contract Tower,12,20,21,0,53,0,0,17,1,18,12,20,38,1,71,0,0,0,71
09/28/2016,ATW,WI,AGL,CE,Federal Contract Tower,13,20,15,0,48,0,0,6,0,6,13,20,21,0,54,4,0,4,58
09/29/2016,ATW,WI,AGL,CE,Federal Contract Tower,12,26,27,0,65,0,0,24,0,24,12,26,51,0,89,24,0,24,113
09/30/2016,ATW,WI,AGL,CE,Federal Contract Tower,9,28,21,0,58,0,0,3,0,3,9,28,24,0,61,4,0,4,65
10/01/2016,ATW,WI,AGL,CE,Federal Contract Tower,6,11,7,0,24,0,0,2,0,2,6,11,9,0,26,0,0,0,26
10/02/2016,ATW,WI,AGL,CE,Federal Contract Tower,10,20,20,0,50,0,0,36,0,36,10,20,56,0,86,12,0,12,98
10/03/2016,ATW,WI,AGL,CE,Federal Contract Tower,7,27,27,1,62,0,0,33,0,33,7,27,60,1,95,26,0,26,121
10/04/2016,ATW,WI,AGL,CE,Federal Contract Tower,10,26,20,0,56,0,0,31,0,31,10,26,51,0,87,66,0,66,153
10/05/2016,ATW,WI,AGL,CE,Federal Contract Tower,12,30,15,0,57,0,0,11,0,11,12,30,26,0,68,12,0,12,80
10/06/2016,ATW,WI,AGL,CE,Federal Contract Tower,14,32,22,0,68,0,0,22,0,22,14,32,44,0,90,42,0,42,132
10/07/2016,ATW,WI,AGL,CE,Federal Contract Tower,10,33,38,0,81,0,0,11,0,11,10,33,49,0,92,0,0,0,92
10/08/2016,ATW,WI,AGL,CE,Federal Contract Tower,7,15,13,0,35,0,2,39,0,41,7,17,52,0,76,22,0,22,98
10/09/2016,ATW,WI,AGL,CE,Federal Contract Tower,12,21,12,0,45,0,0,44,0,44,12,21,56,0,89,14,0,14,103
10/10/2016,ATW,WI,AGL,CE,Federal Contract Tower,12,26,15,0,53,0,0,27,0,27,12,26,42,0,80,16,0,16,96
10/11/2016,ATW,WI,AGL,CE,Federal Contract Tower,10,29,27,0,66,0,0,17,0,17,10,29,44,0,83,8,0,8,91
10/12/2016,ATW,WI,AGL,CE,Federal Contract Tower,12,28,29,1,70,0,0,0,0,0,12,28,29,1,70,0,0,0,70
10/13/2016,ATW,WI,AGL,CE,Federal Contract Tower,14,28,23,5,70,0,0,45,1,46,14,28,68,6,116,38,8,46,162
10/14/2016,ATW,WI,AGL,CE,Federal Contract Tower,10,33,26,0,69,0,0,49,0,49,10,33,75,0,118,32,0,32,150
10/15/2016,ATW,WI,AGL,CE,Federal Contract Tower,7,15,22,1,45,0,0,3,0,3,7,15,25,1,48,0,0,0,48
10/16/2016,ATW,WI,AGL,CE,Federal Contract Tower,12,25,19,0,56,0,0,30,0,30,12,25,49,0,86,10,0,10,96
10/17/2016,ATW,WI,AGL,CE,Federal Contract Tower,13,24,23,0,60,0,0,0,0,0,13,24,23,0,60,8,0,8,68
10/18/2016,ATW,WI,AGL,CE,Federal Contract Tower,10,26,10,1,47,0,0,17,0,17,10,26,27,1,64,16,0,16,80
10/19/2016,ATW,WI,AGL,CE,Federal Contract Tower,12,31,24,0,67,0,0,33,2,35,12,31,57,2,102,26,12,38,140
10/20/2016,ATW,WI,AGL,CE,Federal Contract Tower,14,32,32,6,84,0,0,22,1,23,14,32,54,7,107,0,14,14,121
10/21/2016,ATW,WI,AGL,CE,Federal Contract Tower,10,35,42,0,87,0,1,45,0,46,10,36,87,0,133,42,0,42,175
10/22/2016,ATW,WI,AGL,CE,Federal Contract Tower,5,12,6,0,23,0,3,44,0,47,5,15,50,0,70,28,0,28,98
10/23/2016,ATW,WI,AGL,CE,Federal Contract Tower,10,20,9,0,39,0,0,38,0,38,10,20,47,0,77,34,0,34,111
10/24/2016,ATW,WI,AGL,CE,Federal Contract Tower,9,29,27,0,65,0,0,35,0,35,9,29,62,0,100,12,0,12,112
10/25/2016,ATW,WI,AGL,CE,Federal Contract Tower,8,31,31,2,72,0,0,20,0,20,8,31,51,2,92,12,4,16,108
10/26/2016,ATW,WI,AGL,CE,Federal Contract Tower,13,29,16,1,59,0,0,0,0,0,13,29,16,1,59,0,0,0,59
10/27/2016,ATW,WI,AGL,CE,Federal Contract Tower,14,27,18,0,59,0,0,3,0,3,14,27,21,0,62,0,0,0,62
10/28/2016,ATW,WI,AGL,CE,Federal Contract Tower,10,34,24,0,68,0,0,6,0,6,10,34,30,0,74,6,0,6,80
10/29/2016,ATW,WI,AGL,CE,Federal Contract Tower,5,16,12,0,33,0,0,14,0,14,5,16,26,0,47,14,0,14,61
10/30/2016,ATW,WI,AGL,CE,Federal Contract Tower,6,25,11,1,43,0,0,11,0,11,6,25,22,1,54,24,0,24,78
10/31/2016,ATW,WI,AGL,CE,Federal Contract Tower,6,25,22,0,53,0,0,24,0,24,6,25,46,0,77,0,0,0,77
11/01/2016,ATW,WI,AGL,CE,Federal Contract Tower,12,21,10,0,43,0,0,28,0,28,12,21,38,0,71,34,0,34,105
11/02/2016,ATW,WI,AGL,CE,Federal Contract Tower,10,23,30,0,63,0,0,20,0,20,10,23,50,0,83,20,0,20,103
11/03/2016,ATW,WI,AGL,CE,Federal Contract Tower,12,17,18,0,47,0,0,27,0,27,12,17,45,0,74,6,0,6,80
11/04/2016,ATW,WI,AGL,CE,Federal Contract Tower,12,24,24,0,60,0,0,24,0,24,12,24,48,0,84,4,0,4,88
11/05/2016,ATW,WI,AGL,CE,Federal Contract Tower,8,11,17,0,36,0,0,34,0,34,8,11,51,0,70,10,0,10,80
11/06/2016,ATW,WI,AGL,CE,Federal Contract Tower,12,17,10,0,39,0,3,20,0,23,12,20,30,0,62,0,0,0,62
11/07/2016,ATW,WI,AGL,CE,Federal Contract Tower,17,21,21,1,60,0,0,22,0,22,17,21,43,1,82,14,0,14,96
11/08/2016,ATW,WI,AGL,CE,Federal Contract Tower,14,15,10,0,39,0,0,4,0,4,14,15,14,0,43,2,0,2,45
11/09/2016,ATW,WI,AGL,CE,Federal Contract Tower,14,23,24,0,61,0,0,25,0,25,14,23,49,0,86,20,0,20,106
11/10/2016,ATW,WI,AGL,CE,Federal Contract Tower,16,22,17,0,55,0,0,13,0,13,16,22,30,0,68,4,0,4,72
11/11/2016,ATW,WI,AGL,CE,Federal Contract Tower,12,20,12,0,44,0,0,26,0,26,12,20,38,0,70,14,0,14,84
11/12/2016,ATW,WI,AGL,CE,Federal Contract Tower,7,12,7,0,26,0,0,20,0,20,7,12,27,0,46,14,0,14,60
11/13/2016,ATW,WI,AGL,CE,Federal Contract Tower,12,20,10,0,42,0,0,19,0,19,12,20,29,0,61,28,0,28,89
11/14/2016,ATW,WI,AGL,CE,Federal Contract Tower,13,24,21,0,58,0,0,35,0,35,13,24,56,0,93,52,0,52,145
11/15/2016,ATW,WI,AGL,CE,Federal Contract Tower,12,20,31,0,63,0,0,6,0,6,12,20,37,0,69,6,0,6,75
11/16/2016,ATW,WI,AGL,CE,Federal Contract Tower,16,23,22,0,61,0,0,19,0,19,16,23,41,0,80,20,0,20,100
11/17/2016,ATW,WI,AGL,CE,Federal Contract Tower,15,24,23,0,62,0,2,21,0,23,15,26,44,0,85,14,0,14,99
11/18/2016,ATW,WI,AGL,CE,Federal Contract Tower,9,26,9,2,46,0,0,7,0,7,9,26,16,2,53,0,0,0,53
11/19/2016,ATW,WI,AGL,CE,Federal Contract Tower,9,11,2,0,22,0,0,0,0,0,9,11,2,0,22,0,0,0,22
11/20/2016,ATW,WI,AGL,CE,Federal Contract Tower,12,15,17,0,44,0,2,27,0,29,12,17,44,0,73,4,0,4,77
11/21/2016,ATW,WI,AGL,CE,Federal Contract Tower,11,21,15,0,47,0,0,30,0,30,11,21,45,0,77,26,0,26,103
11/22/2016,ATW,WI,AGL,CE,Federal Contract Tower,13,20,17,0,50,0,0,14,0,14,13,20,31,0,64,8,0,8,72
11/23/2016,ATW,WI,AGL,CE,Federal Contract Tower,20,18,12,1,51,0,0,0,0,0,20,18,12,1,51,0,0,0,51
11/24/2016,ATW,WI,AGL,CE,Federal Contract Tower,4,8,1,0,13,0,0,0,0,0,4,8,1,0,13,0,0,0,13
11/25/2016,ATW,WI,AGL,CE,Federal Contract Tower,12,13,4,0,29,0,0,0,0,0,12,13,4,0,29,0,0,0,29
11/26/2016,ATW,WI,AGL,CE,Federal Contract Tower,11,18,17,0,46,0,1,2,0,3,11,19,19,0,49,0,0,0,49
11/27/2016,ATW,WI,AGL,CE,Federal Contract Tower,13,19,17,0,49,0,2,13,0,15,13,21,30,0,64,18,0,18,82
11/28/2016,ATW,WI,AGL,CE,Federal Contract Tower,11,21,17,0,49,0,0,0,0,0,11,21,17,0,49,0,0,0,49
11/29/2016,ATW,WI,AGL,CE,Federal Contract Tower,12,16,9,0,37,0,0,18,0,18,12,16,27,0,55,14,0,14,69
11/30/2016,ATW,WI,AGL,CE,Federal Contract Tower,16,17,19,0,52,0,0,12,3,15,16,17,31,3,67,62,0,62,129
12/01/2016,ATW,WI,AGL,CE,Federal Contract Tower,16,20,29,0,65,0,0,2,0,2,16,20,31,0,67,0,0,0,67
12/02/2016,ATW,WI,AGL,CE,Federal Contract Tower,10,16,27,1,54,0,0,25,0,25,10,16,52,1,79,50,0,50,129
12/03/2016,ATW,WI,AGL,CE,Federal Contract Tower,11,13,11,0,35,0,1,12,0,13,11,14,23,0,48,26,0,26,74
12/04/2016,ATW,WI,AGL,CE,Federal Contract Tower,11,11,15,0,37,0,0,0,0,0,11,11,15,0,37,0,0,0,37
12/06/2016,ATW,WI,AGL,CE,Federal Contract Tower,11,18,18,0,47,0,0,0,0,0,11,18,18,0,47,0,0,0,47
12/07/2016,ATW,WI,AGL,CE,Federal Contract Tower,16,22,19,0,57,0,2,7,0,9,16,24,26,0,66,0,0,0,66
12/08/2016,ATW,WI,AGL,CE,Federal Contract Tower,16,25,17,2,60,0,2,8,0,10,16,27,25,2,70,18,0,18,88
12/09/2016,ATW,WI,AGL,CE,Federal Contract Tower,12,20,32,0,64,0,0,38,0,38,12,20,70,0,102,34,0,34,136
12/10/2016,ATW,WI,AGL,CE,Federal Contract Tower,10,9,13,0,32,0,0,28,0,28,10,9,41,0,60,46,0,46,106
12/11/2016,ATW,WI,AGL,CE,Federal Contract Tower,11,13,9,0,33,0,10,0,0,10,11,23,9,0,43,0,0,0,43
12/12/2016,ATW,WI,AGL,CE,Federal Contract Tower,14,15,12,0,41,0,0,4,0,4,14,15,16,0,45,24,0,24,69
12/13/2016,ATW,WI,AGL,CE,Federal Contract Tower,13,18,18,0,49,0,0,15,0,15,13,18,33,0,64,18,0,18,82
12/14/2016,ATW,WI,AGL,CE,Federal Contract Tower,17,20,18,0,55,0,0,9,3,12,17,20,27,3,67,0,4,4,71
12/15/2016,ATW,WI,AGL,CE,Federal Contract Tower,16,23,19,0,58,0,0,9,0,9,16,23,28,0,67,0,0,0,67
12/16/2016,ATW,WI,AGL,CE,Federal Contract Tower,9,16,10,0,35,0,0,0,0,0,9,16,10,0,35,0,0,0,35
12/17/2016,ATW,WI,AGL,CE,Federal Contract Tower,12,16,5,0,33,0,0,0,0,0,12,16,5,0,33,0,0,0,33
12/18/2016,ATW,WI,AGL,CE,Federal Contract Tower,6,13,2,0,21,0,0,5,0,5,6,13,7,0,26,4,0,4,30
12/19/2016,ATW,WI,AGL,CE,Federal Contract Tower,6,16,16,1,39,0,0,4,0,4,6,16,20,1,43,2,0,2,45
12/20/2016,ATW,WI,AGL,CE,Federal Contract Tower,10,23,16,0,49,0,0,6,0,6,10,23,22,0,55,18,0,18,73
12/21/2016,ATW,WI,AGL,CE,Federal Contract Tower,14,24,19,0,57,0,0,9,0,9,14,24,28,0,66,2,0,2,68
12/22/2016,ATW,WI,AGL,CE,Federal Contract Tower,14,21,22,0,57,0,2,37,0,39,14,23,59,0,96,52,0,52,148
12/23/2016,ATW,WI,AGL,CE,Federal Contract Tower,9,18,11,0,38,0,1,7,0,8,9,19,18,0,46,14,0,14,60
12/24/2016,ATW,WI,AGL,CE,Federal Contract Tower,12,10,6,0,28,0,0,0,0,0,12,10,6,0,28,0,0,0,28
12/25/2016,ATW,WI,AGL,CE,Federal Contract Tower,6,13,2,0,21,0,0,0,0,0,6,13,2,0,21,0,0,0,21
12/26/2016,ATW,WI,AGL,CE,Federal Contract Tower,8,23,5,0,36,0,0,0,0,0,8,23,5,0,36,0,0,0,36
12/27/2016,ATW,WI,AGL,CE,Federal Contract Tower,11,20,7,0,38,0,0,6,0,6,11,20,13,0,44,16,0,16,60
12/28/2016,ATW,WI,AGL,CE,Federal Contract Tower,15,21,5,0,41,0,0,14,0,14,15,21,19,0,55,16,0,16,71
12/29/2016,ATW,WI,AGL,CE,Federal Contract Tower,12,20,5,0,37,0,0,3,0,3,12,20,8,0,40,0,0,0,40
12/30/2016,ATW,WI,AGL,CE,Federal Contract Tower,8,18,12,0,38,0,0,23,0,23,8,18,35,0,61,12,0,12,73
12/31/2016,ATW,WI,AGL,CE,Federal Contract Tower,12,15,5,0,32,0,0,2,0,2,12,15,7,0,34,0,0,0,34
01/01/2017,ATW,WI,AGL,CE,Federal Contract Tower,5,17,6,0,28,0,0,41,0,41,5,17,47,0,69,38,0,38,107
01/02/2017,ATW,WI,AGL,CE,Federal Contract Tower,8,16,1,0,25,0,0,7,0,7,8,16,8,0,32,18,0,18,50
01/03/2017,ATW,WI,AGL,CE,Federal Contract Tower,15,20,9,2,46,0,0,0,0,0,15,20,9,2,46,0,0,0,46
01/04/2017,ATW,WI,AGL,CE,Federal Contract Tower,14,17,14,1,46,0,0,2,1,3,14,17,16,2,49,0,0,0,49
01/05/2017,ATW,WI,AGL,CE,Federal Contract Tower,14,21,14,2,51,0,0,5,0,5,14,21,19,2,56,0,0,0,56
01/06/2017,ATW,WI,AGL,CE,Federal Contract Tower,8,24,26,1,59,0,1,22,0,23,8,25,48,1,82,6,0,6,88
01/07/2017,ATW,WI,AGL,CE,Federal Contract Tower,9,13,6,0,28,0,0,4,0,4,9,13,10,0,32,0,0,0,32
01/08/2017,ATW,WI,AGL,CE,Federal Contract Tower,10,19,5,0,34,0,0,10,0,10,10,19,15,0,44,8,0,8,52
01/09/2017,ATW,WI,AGL,CE,Federal Contract Tower,11,27,14,3,55,0,0,10,0,10,11,27,24,3,65,32,0,32,97
01/10/2017,ATW,WI,AGL,CE,Federal Contract Tower,8,15,7,0,30,0,0,0,0,0,8,15,7,0,30,0,0,0,30
01/11/2017,ATW,WI,AGL,CE,Federal Contract Tower,15,25,16,0,56,0,0,0,0,0,15,25,16,0,56,2,0,2,58
01/12/2017,ATW,WI,AGL,CE,Federal Contract Tower,15,18,16,0,49,0,0,12,0,12,15,18,28,0,61,10,0,10,71
01/13/2017,ATW,WI,AGL,CE,Federal Contract Tower,12,27,14,0,53,0,1,18,0,19,12,28,32,0,72,18,0,18,90
01/14/2017,ATW,WI,AGL,CE,Federal Contract Tower,8,10,10,0,28,0,2,7,0,9,8,12,17,0,37,2,0,2,39
01/15/2017,ATW,WI,AGL,CE,Federal Contract Tower,13,15,4,0,32,0,0,14,0,14,13,15,18,0,46,8,0,8,54
01/16/2017,ATW,WI,AGL,CE,Federal Contract Tower,7,13,8,0,28,0,0,0,0,0,7,13,8,0,28,0,0,0,28
01/17/2017,ATW,WI,AGL,CE,Federal Contract Tower,13,19,9,0,41,0,0,0,0,0,13,19,9,0,41,0,0,0,41
01/18/2017,ATW,WI,AGL,CE,Federal Contract Tower,16,19,18,0,53,0,0,2,0,2,16,19,20,0,55,0,0,0,55
01/19/2017,ATW,WI,AGL,CE,Federal Contract Tower,8,11,17,0,36,0,0,0,0,0,8,11,17,0,36,0,0,0,36
01/20/2017,ATW,WI,AGL,CE,Federal Contract Tower,14,16,13,0,43,0,0,0,0,0,14,16,13,0,43,0,0,0,43
01/21/2017,ATW,WI,AGL,CE,Federal Contract Tower,2,1,0,0,3,0,0,0,0,0,2,1,0,0,3,0,0,0,3
01/22/2017,ATW,WI,AGL,CE,Federal Contract Tower,9,10,0,0,19,0,0,0,0,0,9,10,0,0,19,0,0,0,19
01/23/2017,ATW,WI,AGL,CE,Federal Contract Tower,11,29,19,0,59,0,0,4,0,4,11,29,23,0,63,0,0,0,63
01/24/2017,ATW,WI,AGL,CE,Federal Contract Tower,12,24,22,2,60,0,0,2,0,2,12,24,24,2,62,0,0,0,62
01/25/2017,ATW,WI,AGL,CE,Federal Contract Tower,12,28,11,0,51,0,0,0,0,0,12,28,11,0,51,0,0,0,51
01/26/2017,ATW,WI,AGL,CE,Federal Contract Tower,16,18,25,1,60,0,0,11,0,11,16,18,36,1,71,18,0,18,89
01/27/2017,ATW,WI,AGL,CE,Federal Contract Tower,10,18,19,4,51,0,0,19,0,19,10,18,38,4,70,12,0,12,82
01/28/2017,ATW,WI,AGL,CE,Federal Contract Tower,7,11,1,0,19,0,0,8,0,8,7,11,9,0,27,28,0,28,55
01/29/2017,ATW,WI,AGL,CE,Federal Contract Tower,9,18,6,0,33,0,2,8,0,10,9,20,14,0,43,26,0,26,69
01/30/2017,ATW,WI,AGL,CE,Federal Contract Tower,11,28,10,0,49,0,0,11,0,11,11,28,21,0,60,24,0,24,84
01/31/2017,ATW,WI,AGL,CE,Federal Contract Tower,12,21,16,0,49,0,0,6,0,6,12,21,22,0,55,8,0,8,63
02/01/2017,ATW,WI,AGL,CE,Federal Contract Tower,16,18,10,0,44,0,0,17,0,17,16,18,27,0,61,22,0,22,83
02/02/2017,ATW,WI,AGL,CE,Federal Contract Tower,16,17,19,0,52,0,0,9,0,9,16,17,28,0,61,8,0,8,69
02/03/2017,ATW,WI,AGL,CE,Federal Contract Tower,10,33,7,0,50,0,3,29,0,32,10,36,36,0,82,14,0,14,96
02/04/2017,ATW,WI,AGL,CE,Federal Contract Tower,8,9,1,0,18,0,2,13,0,15,8,11,14,0,33,28,0,28,61
02/05/2017,ATW,WI,AGL,CE,Federal Contract Tower,11,12,2,0,25,0,0,30,0,30,11,12,32,0,55,22,0,22,77
02/07/2017,ATW,WI,AGL,CE,Federal Contract Tower,12,15,11,0,38,0,0,0,0,0,12,15,11,0,38,0,0,0,38
02/08/2017,ATW,WI,AGL,CE,Federal Contract Tower,16,20,10,0,46,0,0,12,0,12,16,20,22,0,58,36,0,36,94
02/09/2017,ATW,WI,AGL,CE,Federal Contract Tower,16,21,16,0,53,0,0,11,4,15,16,21,27,4,68,6,0,6,74
02/10/2017,ATW,WI,AGL,CE,Federal Contract Tower,10,21,15,0,46,0,0,9,0,9,10,21,24,0,55,14,0,14,69
02/11/2017,ATW,WI,AGL,CE,Federal Contract Tower,7,17,9,0,33,0,1,15,0,16,7,18,24,0,49,22,0,22,71
02/12/2017,ATW,WI,AGL,CE,Federal Contract Tower,10,16,13,0,39,0,0,2,0,2,10,16,15,0,41,2,0,2,43
02/13/2017,ATW,WI,AGL,CE,Federal Contract Tower,11,20,18,0,49,0,0,23,0,23,11,20,41,0,72,6,0,6,78
02/14/2017,ATW,WI,AGL,CE,Federal Contract Tower,12,20,15,0,47,0,0,1,0,1,12,20,16,0,48,0,0,0,48
02/15/2017,ATW,WI,AGL,CE,Federal Contract Tower,16,18,23,0,57,0,0,25,0,25,16,18,48,0,82,12,0,12,94
02/16/2017,ATW,WI,AGL,CE,Federal Contract Tower,19,22,20,0,61,0,0,21,0,21,19,22,41,0,82,38,0,38,120
02/17/2017,ATW,WI,AGL,CE,Federal Contract Tower,10,20,10,0,40,0,0,38,0,38,10,20,48,0,78,28,0,28,106
02/18/2017,ATW,WI,AGL,CE,Federal Contract Tower,9,15,4,0,28,0,0,41,0,41,9,15,45,0,69,40,0,40,109
02/19/2017,ATW,WI,AGL,CE,Federal Contract Tower,12,18,8,0,38,0,3,49,0,52,12,21,57,0,90,54,0,54,144
02/20/2017,ATW,WI,AGL,CE,Federal Contract Tower,9,20,14,0,43,0,0,14,0,14,9,20,28,0,57,4,0,4,61
02/21/2017,ATW,WI,AGL,CE,Federal Contract Tower,12,24,12,2,50,0,0,33,0,33,12,24,45,2,83,8,0,8,91
02/22/2017,ATW,WI,AGL,CE,Federal Contract Tower,16,16,18,0,50,0,1,28,0,29,16,17,46,0,79,24,0,24,103
02/23/2017,ATW,WI,AGL,CE,Federal Contract Tower,18,21,11,0,50,0,0,14,0,14,18,21,25,0,64,0,0,0,64
02/24/2017,ATW,WI,AGL,CE,Federal Contract Tower,10,18,14,0,42,0,0,0,0,0,10,18,14,0,42,0,0,0,42
02/25/2017,ATW,WI,AGL,CE,Federal Contract Tower,9,15,11,1,36,0,0,0,0,0,9,15,11,1,36,0,0,0,36
02/26/2017,ATW,WI,AGL,CE,Federal Contract Tower,14,15,8,0,37,0,0,7,0,7,14,15,15,0,44,4,0,4,48
02/27/2017,ATW,WI,AGL,CE,Federal Contract Tower,9,20,21,1,51,0,5,22,0,27,9,25,43,1,78,46,0,46,124
02/28/2017,ATW,WI,AGL,CE,Federal Contract Tower,10,7,15,0,32,0,0,0,0,0,10,7,15,0,32,0,0,0,32
03/01/2017,ATW,WI,AGL,CE,Federal Contract Tower,14,15,15,0,44,0,0,4,0,4,14,15,19,0,48,2,0,2,50
03/02/2017,ATW,WI,AGL,CE,Federal Contract Tower,18,20,22,0,60,0,0,11,0,11,18,20,33,0,71,40,0,40,111
03/03/2017,ATW,WI,AGL,CE,Federal Contract Tower,11,18,9,0,38,0,0,23,0,23,11,18,32,0,61,22,0,22,83
03/04/2017,ATW,WI,AGL,CE,Federal Contract Tower,9,14,3,0,26,0,4,11,0,15,9,18,14,0,41,10,0,10,51
03/05/2017,ATW,WI,AGL,CE,Federal Contract Tower,14,15,6,0,35,0,0,8,0,8,14,15,14,0,43,0,0,0,43
03/06/2017,ATW,WI,AGL,CE,Federal Contract Tower,13,21,13,0,47,0,0,0,0,0,13,21,13,0,47,0,0,0,47
03/07/2017,ATW,WI,AGL,CE,Federal Contract Tower,14,21,9,0,44,0,0,0,0,0,14,21,9,0,44,0,0,0,44
03/08/2017,ATW,WI,AGL,CE,Federal Contract Tower,14,27,17,0,58,0,0,0,0,0,14,27,17,0,58,0,0,0,58
03/09/2017,ATW,WI,AGL,CE,Federal Contract Tower,20,19,27,0,66,0,0,26,0,26,20,19,53,0,92,16,0,16,108
03/10/2017,ATW,WI,AGL,CE,Federal Contract Tower,12,17,17,0,46,0,0,21,0,21,12,17,38,0,67,2,0,2,69
03/11/2017,ATW,WI,AGL,CE,Federal Contract Tower,14,9,9,0,32,0,0,32,0,32,14,9,41,0,64,32,0,32,96
03/12/2017,ATW,WI,AGL,CE,Federal Contract Tower,16,12,6,0,34,0,0,9,0,9,16,12,15,0,43,0,0,0,43
03/13/2017,ATW,WI,AGL,CE,Federal Contract Tower,13,18,17,0,48,0,0,2,0,2,13,18,19,0,50,0,0,0,50
03/14/2017,ATW,WI,AGL,CE,Federal Contract Tower,18,12,14,0,44,0,0,11,0,11,18,12,25,0,55,22,0,22,77
03/15/2017,ATW,WI,AGL,CE,Federal Contract Tower,19,13,18,0,50,0,2,17,0,19,19,15,35,0,69,2,0,2,71
03/16/2017,ATW,WI,AGL,CE,Federal Contract Tower,18,23,15,0,56,0,0,38,0,38,18,23,53,0,94,10,0,10,104
03/17/2017,ATW,WI,AGL,CE,Federal Contract Tower,14,20,10,0,44,0,0,0,0,0,14,20,10,0,44,0,0,0,44
03/18/2017,ATW,WI,AGL,CE,Federal Contract Tower,18,8,15,0,41,0,0,7,0,7,18,8,22,0,48,14,0,14,62
03/19/2017,ATW,WI,AGL,CE,Federal Contract Tower,17,15,19,0,51,0,0,27,0,27,17,15,46,0,78,10,0,10,88
03/20/2017,ATW,WI,AGL,CE,Federal Contract Tower,15,21,13,0,49,0,0,23,1,24,15,21,36,1,73,22,2,24,97
03/21/2017,ATW,WI,AGL,CE,Federal Contract Tower,18,17,16,1,52,0,1,15,0,16,18,18,31,1,68,18,0,18,86
03/22/2017,ATW,WI,AGL,CE,Federal Contract Tower,20,23,16,0,59,0,3,20,0,23,20,26,36,0,82,28,0,28,110
03/23/2017,ATW,WI,AGL,CE,Federal Contract Tower,21,14,28,0,63,0,0,15,0,15,21,14,43,0,78,0,0,0,78
03/24/2017,ATW,WI,AGL,CE,Federal Contract Tower,15,19,8,1,43,0,0,0,0,0,15,19,8,1,43,0,0,0,43
03/25/2017,ATW,WI,AGL,CE,Federal Contract Tower,17,10,1,0,28,0,0,0,0,0,17,10,1,0,28,0,0,0,28
03/26/2017,ATW,WI,AGL,CE,Federal Contract Tower,17,19,6,0,42,0,0,0,0,0,17,19,6,0,42,0,0,0,42
03/27/2017,ATW,WI,AGL,CE,Federal Contract Tower,14,13,14,0,41,0,0,0,0,0,14,13,14,0,41,0,0,0,41
03/28/2017,ATW,WI,AGL,CE,Federal Contract Tower,17,14,18,0,49,0,0,38,0,38,17,14,56,0,87,6,0,6,93
03/29/2017,ATW,WI,AGL,CE,Federal Contract Tower,17,14,17,0,48,0,2,22,0,24,17,16,39,0,72,92,0,92,164
03/30/2017,ATW,WI,AGL,CE,Federal Contract Tower,21,17,8,0,46,0,0,0,0,0,21,17,8,0,46,0,0,0,46
03/31/2017,ATW,WI,AGL,CE,Federal Contract Tower,16,17,11,0,44,0,0,17,0,17,16,17,28,0,61,12,0,12,73
04/01/2017,ATW,WI,AGL,CE,Federal Contract Tower,11,14,17,0,42,0,0,51,0,51,11,14,68,0,93,36,0,36,129
04/02/2017,ATW,WI,AGL,CE,Federal Contract Tower,8,22,5,0,35,0,0,27,0,27,8,22,32,0,62,12,0,12,74
04/03/2017,ATW,WI,AGL,CE,Federal Contract Tower,9,29,6,0,44,0,0,4,0,4,9,29,10,0,48,4,0,4,52
04/04/2017,ATW,WI,AGL,CE,Federal Contract Tower,12,27,22,0,61,0,1,12,0,13,12,28,34,0,74,20,0,20,94
04/05/2017,ATW,WI,AGL,CE,Federal Contract Tower,8,28,21,0,57,0,0,27,0,27,8,28,48,0,84,50,0,50,134
04/06/2017,ATW,WI,AGL,CE,Federal Contract Tower,14,20,14,0,48,0,0,12,0,12,14,20,26,0,60,0,0,0,60
04/07/2017,ATW,WI,AGL,CE,Federal Contract Tower,4,26,20,0,50,0,0,41,0,41,4,26,61,0,91,22,0,22,113
04/08/2017,ATW,WI,AGL,CE,Federal Contract Tower,10,11,3,0,24,0,0,30,0,30,10,11,33,0,54,4,0,4,58
04/09/2017,ATW,WI,AGL,CE,Federal Contract Tower,12,23,9,0,44,0,0,21,0,21,12,23,30,0,65,14,0,14,79
04/10/2017,ATW,WI,AGL,CE,Federal Contract Tower,8,25,15,0,48,0,0,0,0,0,8,25,15,0,48,0,0,0,48
04/11/2017,ATW,WI,AGL,CE,Federal Contract Tower,10,24,23,0,57,0,10,0,0,10,10,34,23,0,67,24,0,24,91
04/12/2017,ATW,WI,AGL,CE,Federal Contract Tower,14,23,10,0,47,0,0,44,0,44,14,23,54,0,91,88,0,88,179
04/13/2017,ATW,WI,AGL,CE,Federal Contract Tower,15,31,25,0,71,0,0,13,0,13,15,31,38,0,84,38,0,38,122
04/14/2017,ATW,WI,AGL,CE,Federal Contract Tower,8,24,15,0,47,0,0,12,0,12,8,24,27,0,59,2,0,2,61
04/15/2017,ATW,WI,AGL,CE,Federal Contract Tower,11,8,3,0,22,0,0,6,0,6,11,8,9,0,28,0,0,0,28
04/16/2017,ATW,WI,AGL,CE,Federal Contract Tower,12,14,3,0,29,0,0,5,0,5,12,14,8,0,34,0,0,0,34
04/17/2017,ATW,WI,AGL,CE,Federal Contract Tower,6,25,9,0,40,0,0,14,0,14,6,25,23,0,54,22,0,22,76
04/18/2017,ATW,WI,AGL,CE,Federal Contract Tower,9,30,20,0,59,0,0,3,0,3,9,30,23,0,62,20,0,20,82
04/19/2017,ATW,WI,AGL,CE,Federal Contract Tower,12,25,6,0,43,0,0,14,0,14,12,25,20,0,57,28,0,28,85
04/20/2017,ATW,WI,AGL,CE,Federal Contract Tower,16,23,22,0,61,0,0,0,0,0,16,23,22,0,61,0,0,0,61
04/21/2017,ATW,WI,AGL,CE,Federal Contract Tower,8,22,12,0,42,0,0,30,0,30,8,22,42,0,72,28,0,28,100
04/22/2017,ATW,WI,AGL,CE,Federal Contract Tower,12,8,7,0,27,0,0,52,0,52,12,8,59,0,79,10,0,10,89
04/23/2017,ATW,WI,AGL,CE,Federal Contract Tower,14,22,9,0,45,0,2,32,0,34,14,24,41,0,79,40,0,40,119
04/24/2017,ATW,WI,AGL,CE,Federal Contract Tower,7,25,13,0,45,0,0,29,0,29,7,25,42,0,74,32,0,32,106
04/25/2017,ATW,WI,AGL,CE,Federal Contract Tower,10,27,20,0,57,0,0,11,0,11,10,27,31,0,68,4,0,4,72
04/26/2017,ATW,WI,AGL,CE,Federal Contract Tower,14,26,21,0,61,0,0,7,0,7,14,26,28,0,68,12,0,12,80
04/27/2017,ATW,WI,AGL,CE,Federal Contract Tower,13,24,14,0,51,0,0,1,0,1,13,24,15,0,52,0,0,0,52
04/28/2017,ATW,WI,AGL,CE,Federal Contract Tower,8,27,37,0,72,0,1,20,0,21,8,28,57,0,93,10,0,10,103
04/29/2017,ATW,WI,AGL,CE,Federal Contract Tower,11,9,11,0,31,0,1,26,0,27,11,10,37,0,58,14,0,14,72
04/30/2017,ATW,WI,AGL,CE,Federal Contract Tower,11,22,7,0,40,0,0,0,0,0,11,22,7,0,40,0,0,0,40
05/01/2017,ATW,WI,AGL,CE,Federal Contract Tower,10,28,17,0,55,0,0,0,0,0,10,28,17,0,55,0,0,0,55
05/02/2017,ATW,WI,AGL,CE,Federal Contract Tower,11,27,25,0,63,0,0,12,0,12,11,27,37,0,75,10,0,10,85
05/03/2017,ATW,WI,AGL,CE,Federal Contract Tower,16,19,25,0,60,0,1,34,0,35,16,20,59,0,95,24,0,24,119
05/04/2017,ATW,WI,AGL,CE,Federal Contract Tower,16,29,24,0,69,0,2,41,0,43,16,31,65,0,112,24,0,24,136
05/05/2017,ATW,WI,AGL,CE,Federal Contract Tower,11,26,18,0,55,0,0,25,0,25,11,26,43,0,80,32,0,32,112
05/06/2017,ATW,WI,AGL,CE,Federal Contract Tower,12,9,10,0,31,0,3,15,0,18,12,12,25,0,49,16,0,16,65
05/07/2017,ATW,WI,AGL,CE,Federal Contract Tower,11,18,4,0,33,0,1,47,0,48,11,19,51,0,81,40,0,40,121
05/08/2017,ATW,WI,AGL,CE,Federal Contract Tower,8,28,20,0,56,0,1,41,0,42,8,29,61,0,98,30,0,30,128
05/09/2017,ATW,WI,AGL,CE,Federal Contract Tower,14,24,35,0,73,0,2,27,0,29,14,26,62,0,102,10,0,10,112
05/10/2017,ATW,WI,AGL,CE,Federal Contract Tower,16,24,21,0,61,0,0,17,0,17,16,24,38,0,78,16,0,16,94
05/11/2017,ATW,WI,AGL,CE,Federal Contract Tower,15,20,21,0,56,0,1,23,0,24,15,21,44,0,80,4,0,4,84
05/12/2017,ATW,WI,AGL,CE,Federal Contract Tower,13,23,14,0,50,0,0,46,0,46,13,23,60,0,96,6,0,6,102
05/13/2017,ATW,WI,AGL,CE,Federal Contract Tower,12,11,8,0,31,0,0,24,0,24,12,11,32,0,55,6,0,6,61
05/14/2017,ATW,WI,AGL,CE,Federal Contract Tower,10,11,11,0,32,0,0,41,0,41,10,11,52,0,73,0,0,0,73
05/15/2017,ATW,WI,AGL,CE,Federal Contract Tower,12,20,17,0,49,0,0,23,0,23,12,20,40,0,72,26,0,26,98
05/16/2017,ATW,WI,AGL,CE,Federal Contract Tower,12,21,17,0,50,0,0,7,0,7,12,21,24,0,57,2,0,2,59
05/17/2017,ATW,WI,AGL,CE,Federal Contract Tower,15,26,17,0,58,0,0,10,0,10,15,26,27,0,68,12,0,12,80
05/18/2017,ATW,WI,AGL,CE,Federal Contract Tower,16,23,18,0,57,0,0,2,0,2,16,23,20,0,59,0,0,0,59
05/19/2017,ATW,WI,AGL,CE,Federal Contract Tower,8,24,21,0,53,0,2,10,1,13,8,26,31,1,66,4,0,4,70
05/20/2017,ATW,WI,AGL,CE,Federal Contract Tower,12,13,0,0,25,0,0,6,0,6,12,13,6,0,31,6,0,6,37
05/21/2017,ATW,WI,AGL,CE,Federal Contract Tower,11,20,12,0,43,0,0,1,0,1,11,20,13,0,44,0,0,0,44
05/22/2017,ATW,WI,AGL,CE,Federal Contract Tower,9,29,16,0,54,0,0,12,0,12,9,29,28,0,66,20,0,20,86
05/23/2017,ATW,WI,AGL,CE,Federal Contract Tower,12,21,28,0,61,0,0,2,0,2,12,21,30,0,63,0,0,0,63
05/24/2017,ATW,WI,AGL,CE,Federal Contract Tower,16,24,40,0,80,0,0,0,0,0,16,24,40,0,80,0,0,0,80
05/25/2017,ATW,WI,AGL,CE,Federal Contract Tower,17,23,24,0,64,0,1,36,0,37,17,24,60,0,101,44,0,44,145
05/26/2017,ATW,WI,AGL,CE,Federal Contract Tower,10,20,20,0,50,0,0,36,0,36,10,20,56,0,86,34,0,34,120
05/27/2017,ATW,WI,AGL,CE,Federal Contract Tower,12,8,7,0,27,0,0,29,0,29,12,8,36,0,56,48,0,48,104
05/28/2017,ATW,WI,AGL,CE,Federal Contract Tower,10,10,1,0,21,0,0,13,0,13,10,10,14,0,34,30,0,30,64
05/29/2017,ATW,WI,AGL,CE,Federal Contract Tower,7,10,4,0,21,0,0,5,0,5,7,10,9,0,26,0,0,0,26
05/30/2017,ATW,WI,AGL,CE,Federal Contract Tower,8,26,23,0,57,0,2,14,0,16,8,28,37,0,73,14,0,14,87
05/31/2017,ATW,WI,AGL,CE,Federal Contract Tower,16,23,19,0,58,0,0,6,0,6,16,23,25,0,64,2,0,2,66
06/01/2017,ATW,WI,AGL,CE,Federal Contract Tower,14,26,32,0,72,0,0,56,0,56,14,26,88,0,128,28,0,28,156
06/02/2017,ATW,WI,AGL,CE,Federal Contract Tower,10,26,13,0,49,0,0,55,0,55,10,26,68,0,104,44,0,44,148
06/03/2017,ATW,WI,AGL,CE,Federal Contract Tower,12,11,9,0,32,0,0,7,0,7,12,11,16,0,39,10,0,10,49
06/04/2017,ATW,WI,AGL,CE,Federal Contract Tower,12,12,12,0,36,0,0,33,0,33,12,12,45,0,69,6,0,6,75
06/05/2017,ATW,WI,AGL,CE,Federal Contract Tower,9,24,13,0,46,0,6,2,0,8,9,30,15,0,54,0,0,0,54
06/06/2017,ATW,WI,AGL,CE,Federal Contract Tower,11,29,21,0,61,0,0,35,0,35,11,29,56,0,96,14,0,14,110
06/07/2017,ATW,WI,AGL,CE,Federal Contract Tower,17,29,26,0,72,0,0,31,0,31,17,29,57,0,103,12,0,12,115
06/08/2017,ATW,WI,AGL,CE,Federal Contract Tower,14,25,18,0,57,0,0,22,0,22,14,25,40,0,79,24,0,24,103
06/09/2017,ATW,WI,AGL,CE,Federal Contract Tower,9,19,25,2,55,0,0,40,0,40,9,19,65,2,95,30,0,30,125
06/10/2017,ATW,WI,AGL,CE,Federal Contract Tower,13,16,6,1,36,0,0,18,0,18,13,16,24,1,54,14,0,14,68
06/11/2017,ATW,WI,AGL,CE,Federal Contract Tower,10,22,9,0,41,0,0,6,0,6,10,22,15,0,47,10,0,10,57
06/12/2017,ATW,WI,AGL,CE,Federal Contract Tower,12,17,16,0,45,0,2,12,0,14,12,19,28,0,59,24,0,24,83
06/13/2017,ATW,WI,AGL,CE,Federal Contract Tower,12,19,28,0,59,0,0,3,0,3,12,19,31,0,62,0,0,0,62
06/14/2017,ATW,WI,AGL,CE,Federal Contract Tower,16,18,15,0,49,0,2,14,0,16,16,20,29,0,65,110,0,110,175
06/15/2017,ATW,WI,AGL,CE,Federal Contract Tower,14,22,14,0,50,0,3,36,0,39,14,25,50,0,89,90,0,90,179
06/17/2017,ATW,WI,AGL,CE,Federal Contract Tower,9,11,12,0,32,0,0,26,0,26,9,11,38,0,58,20,0,20,78
06/18/2017,ATW,WI,AGL,CE,Federal Contract Tower,10,22,17,0,49,0,0,4,0,4,10,22,21,0,53,0,0,0,53
06/19/2017,ATW,WI,AGL,CE,Federal Contract Tower,6,29,8,0,43,0,0,13,0,13,6,29,21,0,56,6,0,6,62
06/20/2017,ATW,WI,AGL,CE,Federal Contract Tower,9,24,23,0,56,0,0,11,0,11,9,24,34,0,67,12,0,12,79
06/21/2017,ATW,WI,AGL,CE,Federal Contract Tower,15,25,20,0,60,0,7,42,0,49,15,32,62,0,109,24,0,24,133
06/22/2017,ATW,WI,AGL,CE,Federal Contract Tower,15,21,21,0,57,0,0,18,0,18,15,21,39,0,75,32,0,32,107
06/23/2017,ATW,WI,AGL,CE,Federal Contract Tower,10,23,23,0,56,0,0,37,0,37,10,23,60,0,93,32,0,32,125
06/24/2017,ATW,WI,AGL,CE,Federal Contract Tower,11,14,18,0,43,0,0,17,0,17,11,14,35,0,60,26,0,26,86
06/25/2017,ATW,WI,AGL,CE,Federal Contract Tower,9,21,14,0,44,0,0,12,0,12,9,21,26,0,56,20,0,20,76
06/26/2017,ATW,WI,AGL,CE,Federal Contract Tower,7,23,17,0,47,0,0,8,0,8,7,23,25,0,55,14,0,14,69
06/27/2017,ATW,WI,AGL,CE,Federal Contract Tower,14,24,24,0,62,0,3,74,0,77,14,27,98,0,139,42,0,42,181
06/28/2017,ATW,WI,AGL,CE,Federal Contract Tower,17,19,24,0,60,0,0,4,0,4,17,19,28,0,64,0,0,0,64
06/29/2017,ATW,WI,AGL,CE,Federal Contract Tower,15,26,29,1,71,0,0,13,0,13,15,26,42,1,84,18,0,18,102
06/30/2017,ATW,WI,AGL,CE,Federal Contract Tower,10,19,20,0,49,0,0,12,0,12,10,19,32,0,61,8,0,8,69
07/01/2017,ATW,WI,AGL,CE,Federal Contract Tower,9,16,9,0,34,0,0,19,0,19,9,16,28,0,53,12,0,12,65
07/02/2017,ATW,WI,AGL,CE,Federal Contract Tower,11,12,4,0,27,0,0,13,0,13,11,12,17,0,40,16,0,16,56
07/03/2017,ATW,WI,AGL,CE,Federal Contract Tower,9,12,9,0,30,0,0,38,0,38,9,12,47,0,68,18,0,18,86
07/04/2017,ATW,WI,AGL,CE,Federal Contract Tower,10,9,13,0,32,0,0,24,0,24,10,9,37,0,56,8,0,8,64
07/05/2017,ATW,WI,AGL,CE,Federal Contract Tower,18,22,16,0,56,0,1,9,0,10,18,23,25,0,66,8,0,8,74
07/06/2017,ATW,WI,AGL,CE,Federal Contract Tower,16,21,6,0,43,0,2,15,0,17,16,23,21,0,60,14,0,14,74
07/07/2017,ATW,WI,AGL,CE,Federal Contract Tower,11,19,19,0,49,0,0,16,0,16,11,19,35,0,65,30,0,30,95
07/08/2017,ATW,WI,AGL,CE,Federal Contract Tower,8,17,10,0,35,0,0,18,0,18,8,17,28,0,53,4,0,4,57
07/09/2017,ATW,WI,AGL,CE,Federal Contract Tower,14,17,6,0,37,0,0,23,0,23,14,17,29,0,60,16,0,16,76
07/10/2017,ATW,WI,AGL,CE,Federal Contract Tower,10,24,16,0,50,0,0,14,0,14,10,24,30,0,64,0,0,0,64
07/11/2017,ATW,WI,AGL,CE,Federal Contract Tower,12,29,22,0,63,0,2,29,0,31,12,31,51,0,94,20,0,20,114
07/12/2017,ATW,WI,AGL,CE,Federal Contract Tower,19,15,23,0,57,0,0,7,0,7,19,15,30,0,64,20,0,20,84
07/13/2017,ATW,WI,AGL,CE,Federal Contract Tower,16,27,20,0,63,0,0,11,0,11,16,27,31,0,74,0,0,0,74
07/14/2017,ATW,WI,AGL,CE,Federal Contract Tower,10,21,21,0,52,0,0,21,0,21,10,21,42,0,73,8,0,8,81
07/15/2017,ATW,WI,AGL,CE,Federal Contract Tower,9,15,7,0,31,0,2,36,0,38,9,17,43,0,69,14,0,14,83
07/16/2017,ATW,WI,AGL,CE,Federal Contract Tower,13,23,16,0,52,0,0,28,0,28,13,23,44,0,80,16,0,16,96
07/17/2017,ATW,WI,AGL,CE,Federal Contract Tower,7,26,14,0,47,0,0,35,0,35,7,26,49,0,82,12,0,12,94
07/18/2017,ATW,WI,AGL,CE,Federal Contract Tower,11,22,17,0,50,0,0,14,0,14,11,22,31,0,64,6,0,6,70
07/19/2017,ATW,WI,AGL,CE,Federal Contract Tower,18,20,25,0,63,0,0,27,0,27,18,20,52,0,90,38,0,38,128
07/20/2017,ATW,WI,AGL,CE,Federal Contract Tower,20,19,19,1,59,0,0,32,0,32,20,19,51,1,91,28,0,28,119
07/21/2017,ATW,WI,AGL,CE,Federal Contract Tower,13,28,36,0,77,0,0,35,0,35,13,28,71,0,112,18,0,18,130
07/22/2017,ATW,WI,AGL,CE,Federal Contract Tower,9,20,31,0,60,0,0,47,0,47,9,20,78,0,107,12,0,12,119
07/23/2017,ATW,WI,AGL,CE,Federal Contract Tower,12,16,82,0,110,0,0,116,0,116,12,16,198,0,226,2,0,2,228
07/24/2017,ATW,WI,AGL,CE,Federal Contract Tower,9,35,72,0,116,0,0,118,0,118,9,35,190,0,234,8,0,8,242
07/25/2017,ATW,WI,AGL,CE,Federal Contract Tower,14,34,124,0,172,0,0,244,0,244,14,34,368,0,416,18,0,18,434
07/26/2017,ATW,WI,AGL,CE,Federal Contract Tower,19,36,112,0,167,0,0,164,0,164,19,36,276,0,331,0,0,0,331
07/27/2017,ATW,WI,AGL,CE,Federal Contract Tower,18,46,116,0,180,0,0,287,0,287,18,46,403,0,467,12,0,12,479
07/28/2017,ATW,WI,AGL,CE,Federal Contract Tower,9,49,108,3,169,0,0,200,0,200,9,49,308,3,369,18,2,20,389
07/29/2017,ATW,WI,AGL,CE,Federal Contract Tower,9,33,77,1,120,0,0,144,0,144,9,33,221,1,264,2,0,2,266
07/30/2017,ATW,WI,AGL,CE,Federal Contract Tower,14,32,70,0,116,0,0,139,1,140,14,32,209,1,256,12,2,14,270
07/31/2017,ATW,WI,AGL,CE,Federal Contract Tower,9,22,36,0,67,0,0,54,0,54,9,22,90,0,121,38,0,38,159
08/01/2017,ATW,WI,AGL,CE,Federal Contract Tower,16,24,30,0,70,0,0,33,0,33,16,24,63,0,103,16,0,16,119
08/02/2017,ATW,WI,AGL,CE,Federal Contract Tower,20,22,21,0,63,0,0,7,0,7,20,22,28,0,70,8,0,8,78
08/03/2017,ATW,WI,AGL,CE,Federal Contract Tower,16,21,17,0,54,0,0,0,0,0,16,21,17,0,54,0,0,0,54
08/04/2017,ATW,WI,AGL,CE,Federal Contract Tower,10,27,17,0,54,0,3,0,0,3,10,30,17,0,57,0,0,0,57
08/05/2017,ATW,WI,AGL,CE,Federal Contract Tower,7,15,3,0,25,0,0,35,0,35,7,15,38,0,60,10,0,10,70
08/06/2017,ATW,WI,AGL,CE,Federal Contract Tower,15,18,12,0,45,0,0,12,0,12,15,18,24,0,57,10,0,10,67
08/07/2017,ATW,WI,AGL,CE,Federal Contract Tower,11,24,15,0,50,0,0,41,0,41,11,24,56,0,91,40,6,46,137
08/08/2017,ATW,WI,AGL,CE,Federal Contract Tower,15,27,23,0,65,0,0,47,0,47,15,27,70,0,112,20,0,20,132
08/09/2017,ATW,WI,AGL,CE,Federal Contract Tower,18,17,16,0,51,0,0,24,0,24,18,17,40,0,75,48,0,48,123
08/10/2017,ATW,WI,AGL,CE,Federal Contract Tower,14,23,16,1,54,0,0,5,0,5,14,23,21,1,59,16,0,16,75
08/11/2017,ATW,WI,AGL,CE,Federal Contract Tower,8,26,23,0,57,0,0,2,0,2,8,26,25,0,59,12,0,12,71
08/12/2017,ATW,WI,AGL,CE,Federal Contract Tower,13,12,6,0,31,0,0,47,0,47,13,12,53,0,78,10,0,10,88
08/13/2017,ATW,WI,AGL,CE,Federal Contract Tower,11,23,14,0,48,0,0,49,0,49,11,23,63,0,97,28,0,28,125
08/14/2017,ATW,WI,AGL,CE,Federal Contract Tower,9,27,27,0,63,0,0,14,0,14,9,27,41,0,77,0,0,0,77
08/15/2017,ATW,WI,AGL,CE,Federal Contract Tower,19,22,35,0,76,0,0,14,0,14,19,22,49,0,90,0,0,0,90
08/16/2017,ATW,WI,AGL,CE,Federal Contract Tower,18,31,19,0,68,0,0,24,0,24,18,31,43,0,92,24,0,24,116
08/17/2017,ATW,WI,AGL,CE,Federal Contract Tower,18,24,20,0,62,0,0,2,0,2,18,24,22,0,64,2,0,2,66
08/18/2017,ATW,WI,AGL,CE,Federal Contract Tower,16,26,18,0,60,0,0,18,0,18,16,26,36,0,78,14,0,14,92
08/19/2017,ATW,WI,AGL,CE,Federal Contract Tower,6,20,18,0,44,0,1,39,0,40,6,21,57,0,84,16,0,16,100
08/20/2017,ATW,WI,AGL,CE,Federal Contract Tower,16,20,19,0,55,0,0,23,0,23,16,20,42,0,78,48,0,48,126
08/21/2017,ATW,WI,AGL,CE,Federal Contract Tower,14,19,20,0,53,0,0,18,0,18,14,19,38,0,71,6,0,6,77
08/22/2017,ATW,WI,AGL,CE,Federal Contract Tower,14,26,27,0,67,0,1,15,0,16,14,27,42,0,83,8,0,8,91
08/23/2017,ATW,WI,AGL,CE,Federal Contract Tower,20,25,30,0,75,0,0,29,0,29,20,25,59,0,104,26,0,26,130
08/24/2017,ATW,WI,AGL,CE,Federal Contract Tower,20,21,28,0,69,0,0,25,0,25,20,21,53,0,94,6,0,6,100
08/25/2017,ATW,WI,AGL,CE,Federal Contract Tower,13,22,17,0,52,0,0,30,0,30,13,22,47,0,82,10,0,10,92
08/26/2017,ATW,WI,AGL,CE,Federal Contract Tower,8,14,7,0,29,0,0,15,0,15,8,14,22,0,44,22,0,22,66
08/27/2017,ATW,WI,AGL,CE,Federal Contract Tower,15,17,13,0,45,0,0,2,0,2,15,17,15,0,47,10,0,10,57
08/28/2017,ATW,WI,AGL,CE,Federal Contract Tower,17,17,17,0,51,0,0,7,0,7,17,17,24,0,58,12,0,12,70
08/29/2017,ATW,WI,AGL,CE,Federal Contract Tower,20,18,30,8,76,0,0,22,3,25,20,18,52,11,101,14,10,24,125
08/30/2017,ATW,WI,AGL,CE,Federal Contract Tower,18,21,19,1,59,0,0,15,0,15,18,21,34,1,74,46,0,46,120
08/31/2017,ATW,WI,AGL,CE,Federal Contract Tower,22,26,30,0,78,0,0,23,0,23,22,26,53,0,101,22,0,22,123
09/01/2017,ATW,WI,AGL,CE,Federal Contract Tower,17,18,18,0,53,0,0,32,0,32,17,18,50,0,85,46,0,46,131
09/02/2017,ATW,WI,AGL,CE,Federal Contract Tower,11,10,4,0,25,0,0,16,0,16,11,10,20,0,41,0,0,0,41
09/03/2017,ATW,WI,AGL,CE,Federal Contract Tower,12,13,4,0,29,0,0,29,0,29,12,13,33,0,58,16,0,16,74
09/04/2017,ATW,WI,AGL,CE,Federal Contract Tower,10,19,7,0,36,0,0,16,0,16,10,19,23,0,52,16,0,16,68
09/05/2017,ATW,WI,AGL,CE,Federal Contract Tower,13,16,28,0,57,0,0,13,0,13,13,16,41,0,70,0,0,0,70
09/06/2017,ATW,WI,AGL,CE,Federal Contract Tower,15,22,23,0,60,0,0,20,0,20,15,22,43,0,80,40,0,40,120
09/07/2017,ATW,WI,AGL,CE,Federal Contract Tower,15,19,23,0,57,0,0,5,0,5,15,19,28,0,62,0,0,0,62
09/08/2017,ATW,WI,AGL,CE,Federal Contract Tower,9,22,27,0,58,0,0,38,0,38,9,22,65,0,96,38,0,38,134
09/09/2017,ATW,WI,AGL,CE,Federal Contract Tower,7,13,15,0,35,0,0,53,0,53,7,13,68,0,88,16,0,16,104
09/10/2017,ATW,WI,AGL,CE,Federal Contract Tower,12,22,20,0,54,0,0,19,0,19,12,22,39,0,73,16,0,16,89
09/11/2017,ATW,WI,AGL,CE,Federal Contract Tower,9,32,19,0,60,0,0,35,0,35,9,32,54,0,95,38,0,38,133
09/12/2017,ATW,WI,AGL,CE,Federal Contract Tower,16,32,31,0,79,0,0,31,0,31,16,32,62,0,110,98,0,98,208
09/13/2017,ATW,WI,AGL,CE,Federal Contract Tower,17,20,27,0,64,0,0,23,0,23,17,20,50,0,87,12,0,12,99
09/14/2017,ATW,WI,AGL,CE,Federal Contract Tower,20,32,20,0,72,0,0,25,0,25,20,32,45,0,97,32,0,32,129
09/15/2017,ATW,WI,AGL,CE,Federal Contract Tower,12,27,19,0,58,0,0,32,0,32,12,27,51,0,90,84,0,84,174
09/16/2017,ATW,WI,AGL,CE,Federal Contract Tower,11,14,12,0,37,0,0,50,0,50,11,14,62,0,87,42,0,42,129
09/17/2017,ATW,WI,AGL,CE,Federal Contract Tower,11,26,6,0,43,0,0,22,0,22,11,26,28,0,65,20,0,20,85
09/18/2017,ATW,WI,AGL,CE,Federal Contract Tower,11,28,27,0,66,0,0,31,0,31,11,28,58,0,97,28,0,28,125
09/19/2017,ATW,WI,AGL,CE,Federal Contract Tower,12,28,26,1,67,0,0,29,0,29,12,28,55,1,96,38,0,38,134
09/20/2017,ATW,WI,AGL,CE,Federal Contract Tower,19,19,25,0,63,0,0,15,0,15,19,19,40,0,78,14,0,14,92
09/21/2017,ATW,WI,AGL,CE,Federal Contract Tower,20,22,27,0,69,0,0,7,0,7,20,22,34,0,76,0,0,0,76
09/22/2017,ATW,WI,AGL,CE,Federal Contract Tower,14,22,17,0,53,0,0,38,0,38,14,22,55,0,91,86,0,86,177
09/23/2017,ATW,WI,AGL,CE,Federal Contract Tower,8,16,7,0,31,0,0,45,0,45,8,16,52,0,76,62,0,62,138
09/24/2017,ATW,WI,AGL,CE,Federal Contract Tower,14,25,12,0,51,0,0,37,0,37,14,25,49,0,88,48,0,48,136
09/25/2017,ATW,WI,AGL,CE,Federal Contract Tower,12,24,17,0,53,0,1,35,0,36,12,25,52,0,89,108,0,108,197
09/26/2017,ATW,WI,AGL,CE,Federal Contract Tower,15,26,13,0,54,0,2,5,0,7,15,28,18,0,61,28,0,28,89
09/27/2017,ATW,WI,AGL,CE,Federal Contract Tower,18,34,28,2,82,0,0,31,0,31,18,34,59,2,113,54,0,54,167
09/28/2017,ATW,WI,AGL,CE,Federal Contract Tower,20,20,24,0,64,0,0,46,0,46,20,20,70,0,110,88,0,88,198
09/29/2017,ATW,WI,AGL,CE,Federal Contract Tower,14,22,29,0,65,0,0,32,0,32,14,22,61,0,97,98,0,98,195
09/30/2017,ATW,WI,AGL,CE,Federal Contract Tower,8,14,15,0,37,0,0,30,0,30,8,14,45,0,67,42,0,42,109
10/01/2017,ATW,WI,AGL,CE,Federal Contract Tower,13,24,10,0,47,0,0,43,0,43,13,24,53,0,90,50,0,50,140
10/02/2017,ATW,WI,AGL,CE,Federal Contract Tower,9,31,9,0,49,0,0,14,0,14,9,31,23,0,63,8,0,8,71
10/03/2017,ATW,WI,AGL,CE,Federal Contract Tower,12,21,17,2,52,0,0,8,0,8,12,21,25,2,60,8,0,8,68
10/04/2017,ATW,WI,AGL,CE,Federal Contract Tower,12,31,19,0,62,0,0,28,0,28,12,31,47,0,90,54,0,54,144
10/05/2017,ATW,WI,AGL,CE,Federal Contract Tower,14,28,20,1,63,0,0,17,0,17,14,28,37,1,80,14,0,14,94
10/06/2017,ATW,WI,AGL,CE,Federal Contract Tower,13,27,12,1,53,0,0,12,0,12,13,27,24,1,65,28,0,28,93
10/07/2017,ATW,WI,AGL,CE,Federal Contract Tower,9,10,0,0,19,0,0,0,0,0,9,10,0,0,19,0,0,0,19
10/08/2017,ATW,WI,AGL,CE,Federal Contract Tower,8,29,10,0,47,0,0,34,0,34,8,29,44,0,81,26,0,26,107
10/09/2017,ATW,WI,AGL,CE,Federal Contract Tower,12,25,8,0,45,0,0,13,0,13,12,25,21,0,58,44,0,44,102
10/10/2017,ATW,WI,AGL,CE,Federal Contract Tower,12,28,12,0,52,0,0,13,0,13,12,28,25,0,65,10,0,10,75
10/11/2017,ATW,WI,AGL,CE,Federal Contract Tower,12,30,33,0,75,0,0,10,0,10,12,30,43,0,85,26,0,26,111
10/12/2017,ATW,WI,AGL,CE,Federal Contract Tower,14,27,27,0,68,0,0,0,0,0,14,27,27,0,68,0,0,0,68
10/13/2017,ATW,WI,AGL,CE,Federal Contract Tower,11,27,19,0,57,0,0,6,0,6,11,27,25,0,63,4,0,4,67
10/14/2017,ATW,WI,AGL,CE,Federal Contract Tower,9,8,7,0,24,0,0,9,0,9,9,8,16,0,33,8,0,8,41
10/15/2017,ATW,WI,AGL,CE,Federal Contract Tower,8,28,11,0,47,0,0,3,0,3,8,28,14,0,50,0,0,0,50
10/16/2017,ATW,WI,AGL,CE,Federal Contract Tower,9,29,20,0,58,0,0,29,0,29,9,29,49,0,87,24,0,24,111
10/17/2017,ATW,WI,AGL,CE,Federal Contract Tower,11,25,15,0,51,0,1,36,0,37,11,26,51,0,88,40,0,40,128
10/18/2017,ATW,WI,AGL,CE,Federal Contract Tower,17,25,33,0,75,0,0,29,0,29,17,25,62,0,104,12,0,12,116
10/19/2017,ATW,WI,AGL,CE,Federal Contract Tower,14,28,25,0,67,0,0,44,0,44,14,28,69,0,111,48,0,48,159
10/20/2017,ATW,WI,AGL,CE,Federal Contract Tower,12,23,19,0,54,0,0,42,0,42,12,23,61,0,96,34,0,34,130
10/21/2017,ATW,WI,AGL,CE,Federal Contract Tower,11,11,7,0,29,0,0,14,0,14,11,11,21,0,43,0,0,0,43
10/22/2017,ATW,WI,AGL,CE,Federal Contract Tower,9,29,4,0,42,0,0,1,0,1,9,29,5,0,43,0,0,0,43
10/23/2017,ATW,WI,AGL,CE,Federal Contract Tower,15,28,20,0,63,0,0,11,0,11,15,28,31,0,74,32,0,32,106
10/24/2017,ATW,WI,AGL,CE,Federal Contract Tower,9,25,21,0,55,0,0,1,0,1,9,25,22,0,56,0,0,0,56
10/25/2017,ATW,WI,AGL,CE,Federal Contract Tower,9,27,18,0,54,0,0,27,0,27,9,27,45,0,81,28,0,28,109
10/26/2017,ATW,WI,AGL,CE,Federal Contract Tower,11,28,24,0,63,0,0,13,0,13,11,28,37,0,76,0,0,0,76
10/27/2017,ATW,WI,AGL,CE,Federal Contract Tower,13,23,15,0,51,0,0,0,0,0,13,23,15,0,51,2,0,2,53
10/28/2017,ATW,WI,AGL,CE,Federal Contract Tower,10,13,3,0,26,0,0,3,0,3,10,13,6,0,29,12,0,12,41
10/29/2017,ATW,WI,AGL,CE,Federal Contract Tower,9,24,14,0,47,0,0,38,0,38,9,24,52,0,85,20,0,20,105
10/30/2017,ATW,WI,AGL,CE,Federal Contract Tower,10,21,8,0,39,0,0,2,0,2,10,21,10,0,41,12,0,12,53
10/31/2017,ATW,WI,AGL,CE,Federal Contract Tower,12,20,13,0,45,0,0,20,0,20,12,20,33,0,65,28,0,28,93
11/01/2017,ATW,WI,AGL,CE,Federal Contract Tower,11,22,16,3,52,0,0,15,0,15,11,22,31,3,67,28,0,28,95
11/02/2017,ATW,WI,AGL,CE,Federal Contract Tower,15,30,13,0,58,0,0,0,0,0,15,30,13,0,58,0,0,0,58
11/03/2017,ATW,WI,AGL,CE,Federal Contract Tower,13,30,19,0,62,0,0,18,0,18,13,30,37,0,80,32,0,32,112
11/04/2017,ATW,WI,AGL,CE,Federal Contract Tower,12,10,1,0,23,0,0,0,0,0,12,10,1,0,23,0,0,0,23
11/05/2017,ATW,WI,AGL,CE,Federal Contract Tower,11,25,8,0,44,0,0,4,0,4,11,25,12,0,48,10,0,10,58
11/06/2017,ATW,WI,AGL,CE,Federal Contract Tower,9,24,19,2,54,0,0,18,0,18,9,24,37,2,72,30,0,30,102
11/07/2017,ATW,WI,AGL,CE,Federal Contract Tower,10,29,30,0,69,0,0,32,0,32,10,29,62,0,101,32,0,32,133
11/08/2017,ATW,WI,AGL,CE,Federal Contract Tower,11,34,19,0,64,0,0,13,0,13,11,34,32,0,77,14,0,14,91
11/09/2017,ATW,WI,AGL,CE,Federal Contract Tower,13,30,14,0,57,0,0,2,0,2,13,30,16,0,59,0,0,0,59
11/10/2017,ATW,WI,AGL,CE,Federal Contract Tower,11,24,11,0,46,0,0,36,0,36,11,24,47,0,82,40,0,40,122
11/11/2017,ATW,WI,AGL,CE,Federal Contract Tower,9,12,11,0,32,0,0,1,0,1,9,12,12,0,33,0,0,0,33
11/12/2017,ATW,WI,AGL,CE,Federal Contract Tower,9,28,2,0,39,0,0,27,0,27,9,28,29,0,66,22,0,22,88
11/13/2017,ATW,WI,AGL,CE,Federal Contract Tower,11,29,17,0,57,0,0,14,0,14,11,29,31,0,71,0,0,0,71
11/14/2017,ATW,WI,AGL,CE,Federal Contract Tower,12,27,21,0,60,0,0,2,0,2,12,27,23,0,62,0,0,0,62
11/15/2017,ATW,WI,AGL,CE,Federal Contract Tower,17,23,17,0,57,0,0,0,0,0,17,23,17,0,57,0,0,0,57
11/16/2017,ATW,WI,AGL,CE,Federal Contract Tower,16,24,16,1,57,0,2,17,0,19,16,26,33,1,76,36,0,36,112
11/17/2017,ATW,WI,AGL,CE,Federal Contract Tower,10,27,8,0,45,0,0,0,0,0,10,27,8,0,45,0,0,0,45
11/18/2017,ATW,WI,AGL,CE,Federal Contract Tower,14,15,5,0,34,0,0,0,0,0,14,15,5,0,34,0,0,0,34
11/19/2017,ATW,WI,AGL,CE,Federal Contract Tower,10,20,3,0,33,0,0,13,0,13,10,20,16,0,46,4,0,4,50
11/20/2017,ATW,WI,AGL,CE,Federal Contract Tower,9,23,12,0,44,0,0,17,0,17,9,23,29,0,61,12,0,12,73
11/21/2017,ATW,WI,AGL,CE,Federal Contract Tower,18,25,6,0,49,0,0,1,0,1,18,25,7,0,50,0,0,0,50
11/22/2017,ATW,WI,AGL,CE,Federal Contract Tower,10,27,14,0,51,0,0,22,0,22,10,27,36,0,73,12,0,12,85
11/23/2017,ATW,WI,AGL,CE,Federal Contract Tower,5,9,2,0,16,0,0,8,0,8,5,9,10,0,24,8,0,8,32
11/24/2017,ATW,WI,AGL,CE,Federal Contract Tower,6,16,5,0,27,0,0,14,0,14,6,16,19,0,41,32,0,32,73
11/25/2017,ATW,WI,AGL,CE,Federal Contract Tower,14,19,7,0,40,0,0,14,0,14,14,19,21,0,54,4,0,4,58
11/26/2017,ATW,WI,AGL,CE,Federal Contract Tower,7,26,11,0,44,0,0,28,0,28,7,26,39,0,72,24,0,24,96
11/27/2017,ATW,WI,AGL,CE,Federal Contract Tower,12,22,14,0,48,0,0,7,0,7,12,22,21,0,55,8,0,8,63
11/28/2017,ATW,WI,AGL,CE,Federal Contract Tower,11,27,21,0,59,0,0,32,0,32,11,27,53,0,91,40,0,40,131
11/29/2017,ATW,WI,AGL,CE,Federal Contract Tower,16,32,17,0,65,0,1,23,0,24,16,33,40,0,89,0,0,0,89
11/30/2017,ATW,WI,AGL,CE,Federal Contract Tower,13,28,19,0,60,0,0,16,0,16,13,28,35,0,76,2,0,2,78
12/01/2017,ATW,WI,AGL,CE,Federal Contract Tower,10,31,16,0,57,0,0,17,0,17,10,31,33,0,74,6,0,6,80
12/02/2017,ATW,WI,AGL,CE,Federal Contract Tower,15,17,8,0,40,0,0,44,0,44,15,17,52,0,84,32,0,32,116
12/03/2017,ATW,WI,AGL,CE,Federal Contract Tower,10,27,8,0,45,0,0,19,0,19,10,27,27,0,64,40,0,40,104
12/04/2017,ATW,WI,AGL,CE,Federal Contract Tower,9,21,13,0,43,0,0,0,0,0,9,21,13,0,43,0,0,0,43
12/05/2017,ATW,WI,AGL,CE,Federal Contract Tower,14,24,16,1,55,0,0,2,0,2,14,24,18,1,57,0,0,0,57
12/06/2017,ATW,WI,AGL,CE,Federal Contract Tower,13,28,29,0,70,0,0,3,0,3,13,28,32,0,73,0,0,0,73
12/07/2017,ATW,WI,AGL,CE,Federal Contract Tower,13,30,12,0,55,0,0,18,0,18,13,30,30,0,73,4,0,4,77
12/08/2017,ATW,WI,AGL,CE,Federal Contract Tower,9,27,14,3,53,0,0,6,0,6,9,27,20,3,59,0,10,10,69
12/09/2017,ATW,WI,AGL,CE,Federal Contract Tower,13,11,9,0,33,0,0,7,0,7,13,11,16,0,40,6,0,6,46
12/10/2017,ATW,WI,AGL,CE,Federal Contract Tower,9,27,11,0,47,0,0,15,0,15,9,27,26,0,62,20,0,20,82
12/11/2017,ATW,WI,AGL,CE,Federal Contract Tower,8,39,13,0,60,0,0,2,0,2,8,39,15,0,62,0,0,0,62
12/12/2017,ATW,WI,AGL,CE,Federal Contract Tower,11,33,20,0,64,0,0,19,0,19,11,33,39,0,83,54,0,54,137
12/13/2017,ATW,WI,AGL,CE,Federal Contract Tower,12,33,27,0,72,0,0,0,0,0,12,33,27,0,72,0,0,0,72
12/14/2017,ATW,WI,AGL,CE,Federal Contract Tower,11,30,35,0,76,0,0,11,0,11,11,30,46,0,87,14,0,14,101
12/15/2017,ATW,WI,AGL,CE,Federal Contract Tower,10,25,13,0,48,0,0,6,0,6,10,25,19,0,54,20,0,20,74
12/16/2017,ATW,WI,AGL,CE,Federal Contract Tower,13,10,3,0,26,0,0,3,0,3,13,10,6,0,29,4,0,4,33
12/17/2017,ATW,WI,AGL,CE,Federal Contract Tower,6,23,8,0,37,0,0,0,0,0,6,23,8,0,37,0,0,0,37
12/18/2017,ATW,WI,AGL,CE,Federal Contract Tower,10,28,17,0,55,0,0,1,0,1,10,28,18,0,56,0,0,0,56
12/19/2017,ATW,WI,AGL,CE,Federal Contract Tower,12,30,28,0,70,0,0,29,0,29,12,30,57,0,99,4,0,4,103
12/20/2017,ATW,WI,AGL,CE,Federal Contract Tower,12,31,18,0,61,0,0,22,0,22,12,31,40,0,83,18,0,18,101
12/21/2017,ATW,WI,AGL,CE,Federal Contract Tower,12,28,16,0,56,0,0,5,0,5,12,28,21,0,61,0,0,0,61
12/22/2017,ATW,WI,AGL,CE,Federal Contract Tower,9,25,8,0,42,0,0,1,0,1,9,25,9,0,43,0,0,0,43
12/23/2017,ATW,WI,AGL,CE,Federal Contract Tower,13,23,10,0,46,0,0,11,0,11,13,23,21,0,57,20,0,20,77
12/24/2017,ATW,WI,AGL,CE,Federal Contract Tower,8,17,5,0,30,0,0,2,0,2,8,17,7,0,32,0,0,0,32
12/25/2017,ATW,WI,AGL,CE,Federal Contract Tower,3,16,0,0,19,0,0,0,0,0,3,16,0,0,19,0,0,0,19
12/26/2017,ATW,WI,AGL,CE,Federal Contract Tower,9,27,10,0,46,0,0,6,0,6,9,27,16,0,52,0,0,0,52
12/27/2017,ATW,WI,AGL,CE,Federal Contract Tower,16,23,11,2,52,0,0,5,0,5,16,23,16,2,57,4,0,4,61
12/28/2017,ATW,WI,AGL,CE,Federal Contract Tower,14,23,5,0,42,0,0,2,0,2,14,23,7,0,44,0,0,0,44
12/29/2017,ATW,WI,AGL,CE,Federal Contract Tower,7,17,4,0,28,0,0,5,0,5,7,17,9,0,33,0,0,0,33
12/30/2017,ATW,WI,AGL,CE,Federal Contract Tower,13,19,2,0,34,0,0,7,0,7,13,19,9,0,41,4,0,4,45
12/31/2017,ATW,WI,AGL,CE,Federal Contract Tower,4,17,3,0,24,0,0,5,0,5,4,17,8,0,29,4,0,4,33
01/01/2018,ATW,WI,AGL,CE,Federal Contract Tower,5,23,2,0,30,0,0,2,0,2,5,23,4,0,32,0,0,0,32
01/02/2018,ATW,WI,AGL,CE,Federal Contract Tower,8,25,4,0,37,0,0,0,0,0,8,25,4,0,37,0,0,0,37
01/03/2018,ATW,WI,AGL,CE,Federal Contract Tower,15,29,11,1,56,0,0,7,0,7,15,29,18,1,63,18,0,18,81
01/04/2018,ATW,WI,AGL,CE,Federal Contract Tower,15,28,3,0,46,0,0,8,0,8,15,28,11,0,54,4,0,4,58
01/05/2018,ATW,WI,AGL,CE,Federal Contract Tower,10,27,8,0,45,0,0,18,0,18,10,27,26,0,63,2,0,2,65
01/06/2018,ATW,WI,AGL,CE,Federal Contract Tower,9,20,0,0,29,0,0,14,0,14,9,20,14,0,43,8,0,8,51
01/07/2018,ATW,WI,AGL,CE,Federal Contract Tower,12,15,6,0,33,0,0,5,0,5,12,15,11,0,38,14,0,14,52
01/08/2018,ATW,WI,AGL,CE,Federal Contract Tower,7,24,14,0,45,0,0,15,0,15,7,24,29,0,60,12,0,12,72
01/09/2018,ATW,WI,AGL,CE,Federal Contract Tower,11,30,19,0,60,0,0,25,0,25,11,30,44,0,85,26,0,26,111
01/10/2018,ATW,WI,AGL,CE,Federal Contract Tower,17,22,17,0,56,0,0,0,0,0,17,22,17,0,56,0,0,0,56
01/11/2018,ATW,WI,AGL,CE,Federal Contract Tower,18,31,9,0,58,0,0,0,0,0,18,31,9,0,58,0,0,0,58
01/12/2018,ATW,WI,AGL,CE,Federal Contract Tower,7,30,20,0,57,0,0,4,0,4,7,30,24,0,61,16,0,16,77
01/13/2018,ATW,WI,AGL,CE,Federal Contract Tower,8,11,10,0,29,0,0,20,0,20,8,11,30,0,49,10,0,10,59
01/14/2018,ATW,WI,AGL,CE,Federal Contract Tower,8,19,6,0,33,0,0,5,0,5,8,19,11,0,38,4,0,4,42
01/15/2018,ATW,WI,AGL,CE,Federal Contract Tower,8,30,11,0,49,0,0,0,0,0,8,30,11,0,49,0,0,0,49
01/16/2018,ATW,WI,AGL,CE,Federal Contract Tower,9,34,14,0,57,0,0,8,0,8,9,34,22,0,65,20,0,20,85
01/17/2018,ATW,WI,AGL,CE,Federal Contract Tower,15,32,6,0,53,0,0,9,0,9,15,32,15,0,62,10,0,10,72
01/18/2018,ATW,WI,AGL,CE,Federal Contract Tower,16,28,16,0,60,0,0,16,0,16,16,28,32,0,76,8,0,8,84
01/19/2018,ATW,WI,AGL,CE,Federal Contract Tower,8,27,11,0,46,0,0,27,0,27,8,27,38,0,73,32,0,32,105
01/20/2018,ATW,WI,AGL,CE,Federal Contract Tower,9,11,2,0,22,0,0,33,0,33,9,11,35,0,55,18,0,18,73
01/21/2018,ATW,WI,AGL,CE,Federal Contract Tower,10,28,10,0,48,0,0,5,0,5,10,28,15,0,53,8,0,8,61
01/22/2018,ATW,WI,AGL,CE,Federal Contract Tower,8,18,6,0,32,0,0,0,0,0,8,18,6,0,32,0,0,0,32
01/23/2018,ATW,WI,AGL,CE,Federal Contract Tower,13,26,19,0,58,0,0,2,0,2,13,26,21,0,60,0,0,0,60
01/24/2018,ATW,WI,AGL,CE,Federal Contract Tower,15,23,18,0,56,0,0,13,0,13,15,23,31,0,69,26,0,26,95
01/25/2018,ATW,WI,AGL,CE,Federal Contract Tower,15,24,20,0,59,0,0,1,0,1,15,24,21,0,60,4,0,4,64
01/26/2018,ATW,WI,AGL,CE,Federal Contract Tower,12,27,23,0,62,0,0,8,0,8,12,27,31,0,70,4,0,4,74
01/27/2018,ATW,WI,AGL,CE,Federal Contract Tower,9,11,7,0,27,0,0,21,0,21,9,11,28,0,48,14,0,14,62
01/28/2018,ATW,WI,AGL,CE,Federal Contract Tower,11,25,6,0,42,0,0,2,0,2,11,25,8,0,44,14,0,14,58
01/29/2018,ATW,WI,AGL,CE,Federal Contract Tower,8,23,22,1,54,0,0,16,0,16,8,23,38,1,70,28,2,30,100
01/30/2018,ATW,WI,AGL,CE,Federal Contract Tower,11,30,11,0,52,0,0,14,0,14,11,30,25,0,66,10,0,10,76
01/31/2018,ATW,WI,AGL,CE,Federal Contract Tower,13,33,21,1,68,0,0,0,0,0,13,33,21,1,68,0,0,0,68
02/01/2018,ATW,WI,AGL,CE,Federal Contract Tower,15,32,6,0,53,1,0,1,0,2,16,32,7,0,55,0,0,0,55
02/02/2018,ATW,WI,AGL,CE,Federal Contract Tower,10,29,5,1,45,0,0,11,0,11,10,29,16,1,56,10,0,10,66
02/03/2018,ATW,WI,AGL,CE,Federal Contract Tower,9,14,1,0,24,0,0,0,0,0,9,14,1,0,24,0,0,0,24
02/04/2018,ATW,WI,AGL,CE,Federal Contract Tower,9,15,8,0,32,0,0,2,0,2,9,15,10,0,34,0,0,0,34
02/05/2018,ATW,WI,AGL,CE,Federal Contract Tower,8,27,14,1,50,0,0,7,0,7,8,27,21,1,57,0,0,0,57
02/06/2018,ATW,WI,AGL,CE,Federal Contract Tower,10,34,22,0,66,0,0,14,0,14,10,34,36,0,80,12,0,12,92
02/07/2018,ATW,WI,AGL,CE,Federal Contract Tower,15,29,11,0,55,0,0,6,0,6,15,29,17,0,61,8,0,8,69
02/08/2018,ATW,WI,AGL,CE,Federal Contract Tower,15,26,34,0,75,0,0,19,0,19,15,26,53,0,94,24,0,24,118
02/09/2018,ATW,WI,AGL,CE,Federal Contract Tower,7,16,10,0,33,0,0,7,0,7,7,16,17,0,40,14,0,14,54
02/10/2018,ATW,WI,AGL,CE,Federal Contract Tower,5,11,4,0,20,0,0,17,0,17,5,11,21,0,37,26,0,26,63
02/11/2018,ATW,WI,AGL,CE,Federal Contract Tower,10,17,2,0,29,0,0,22,0,22,10,17,24,0,51,0,0,0,51
02/12/2018,ATW,WI,AGL,CE,Federal Contract Tower,8,26,14,0,48,0,0,15,0,15,8,26,29,0,63,4,0,4,67
02/13/2018,ATW,WI,AGL,CE,Federal Contract Tower,12,27,14,2,55,0,0,12,0,12,12,27,26,2,67,0,0,0,67
02/14/2018,ATW,WI,AGL,CE,Federal Contract Tower,17,36,8,0,61,0,0,19,0,19,17,36,27,0,80,4,0,4,84
02/15/2018,ATW,WI,AGL,CE,Federal Contract Tower,13,24,23,0,60,0,0,4,0,4,13,24,27,0,64,6,0,6,70
02/16/2018,ATW,WI,AGL,CE,Federal Contract Tower,8,28,19,0,55,0,0,25,0,25,8,28,44,0,80,36,0,36,116
02/17/2018,ATW,WI,AGL,CE,Federal Contract Tower,11,11,5,0,27,0,0,4,0,4,11,11,9,0,31,2,0,2,33
02/18/2018,ATW,WI,AGL,CE,Federal Contract Tower,9,22,7,0,38,0,0,4,0,4,9,22,11,0,42,46,0,46,88
02/19/2018,ATW,WI,AGL,CE,Federal Contract Tower,12,25,8,0,45,0,0,2,0,2,12,25,10,0,47,0,0,0,47
02/20/2018,ATW,WI,AGL,CE,Federal Contract Tower,15,18,12,0,45,0,0,0,0,0,15,18,12,0,45,0,0,0,45
02/21/2018,ATW,WI,AGL,CE,Federal Contract Tower,17,28,14,0,59,0,0,42,0,42,17,28,56,0,101,22,0,22,123
02/22/2018,ATW,WI,AGL,CE,Federal Contract Tower,17,23,13,0,53,0,0,15,0,15,17,23,28,0,68,52,0,52,120
02/23/2018,ATW,WI,AGL,CE,Federal Contract Tower,12,23,13,0,48,0,0,0,0,0,12,23,13,0,48,0,0,0,48
02/24/2018,ATW,WI,AGL,CE,Federal Contract Tower,12,13,3,0,28,0,0,12,0,12,12,13,15,0,40,22,0,22,62
02/25/2018,ATW,WI,AGL,CE,Federal Contract Tower,14,20,6,0,40,0,0,1,0,1,14,20,7,0,41,0,0,0,41
02/26/2018,ATW,WI,AGL,CE,Federal Contract Tower,14,25,10,0,49,0,2,30,0,32,14,27,40,0,81,60,0,60,141
02/27/2018,ATW,WI,AGL,CE,Federal Contract Tower,18,24,15,2,59,0,0,28,0,28,18,24,43,2,87,34,0,34,121
02/28/2018,ATW,WI,AGL,CE,Federal Contract Tower,21,29,25,0,75,0,0,4,0,4,21,29,29,0,79,0,0,0,79
03/01/2018,ATW,WI,AGL,CE,Federal Contract Tower,16,22,14,1,53,0,0,0,0,0,16,22,14,1,53,0,0,0,53
03/02/2018,ATW,WI,AGL,CE,Federal Contract Tower,9,27,14,0,50,0,0,44,0,44,9,27,58,0,94,30,0,30,124
03/03/2018,ATW,WI,AGL,CE,Federal Contract Tower,11,14,7,0,32,0,0,33,0,33,11,14,40,0,65,12,0,12,77
03/04/2018,ATW,WI,AGL,CE,Federal Contract Tower,10,25,6,0,41,0,0,32,0,32,10,25,38,0,73,12,0,12,85
03/05/2018,ATW,WI,AGL,CE,Federal Contract Tower,12,24,11,0,47,0,0,2,0,2,12,24,13,0,49,0,0,0,49
03/06/2018,ATW,WI,AGL,CE,Federal Contract Tower,15,24,13,0,52,0,0,0,0,0,15,24,13,0,52,0,0,0,52
03/07/2018,ATW,WI,AGL,CE,Federal Contract Tower,19,25,16,0,60,0,1,3,0,4,19,26,19,0,64,4,0,4,68
03/08/2018,ATW,WI,AGL,CE,Federal Contract Tower,17,22,20,0,59,0,0,22,0,22,17,22,42,0,81,18,0,18,99
03/09/2018,ATW,WI,AGL,CE,Federal Contract Tower,11,23,22,1,57,0,0,38,0,38,11,23,60,1,95,50,0,50,145
03/10/2018,ATW,WI,AGL,CE,Federal Contract Tower,21,9,14,0,44,0,0,45,0,45,21,9,59,0,89,26,0,26,115
03/11/2018,ATW,WI,AGL,CE,Federal Contract Tower,12,29,15,0,56,0,0,35,0,35,12,29,50,0,91,2,0,2,93
03/12/2018,ATW,WI,AGL,CE,Federal Contract Tower,10,22,19,0,51,0,0,11,0,11,10,22,30,0,62,0,0,0,62
03/13/2018,ATW,WI,AGL,CE,Federal Contract Tower,16,23,22,4,65,0,0,14,0,14,16,23,36,4,79,4,0,4,83
03/14/2018,ATW,WI,AGL,CE,Federal Contract Tower,17,24,8,0,49,0,0,24,0,24,17,24,32,0,73,24,0,24,97
03/15/2018,ATW,WI,AGL,CE,Federal Contract Tower,19,21,24,3,67,0,0,26,0,26,19,21,50,3,93,16,0,16,109
03/16/2018,ATW,WI,AGL,CE,Federal Contract Tower,11,29,18,0,58,0,0,40,0,40,11,29,58,0,98,18,0,18,116
03/17/2018,ATW,WI,AGL,CE,Federal Contract Tower,16,16,6,0,38,0,0,26,0,26,16,16,32,0,64,12,0,12,76
03/18/2018,ATW,WI,AGL,CE,Federal Contract Tower,11,25,9,0,45,0,0,40,0,40,11,25,49,0,85,22,0,22,107
03/19/2018,ATW,WI,AGL,CE,Federal Contract Tower,13,23,19,0,55,0,0,15,0,15,13,23,34,0,70,18,0,18,88
03/20/2018,ATW,WI,AGL,CE,Federal Contract Tower,15,24,17,0,56,0,0,18,0,18,15,24,35,0,74,30,0,30,104
03/21/2018,ATW,WI,AGL,CE,Federal Contract Tower,19,26,20,0,65,0,0,19,0,19,19,26,39,0,84,42,0,42,126
03/22/2018,ATW,WI,AGL,CE,Federal Contract Tower,17,32,15,2,66,0,0,22,0,22,17,32,37,2,88,14,0,14,102
03/23/2018,ATW,WI,AGL,CE,Federal Contract Tower,11,25,17,0,53,0,0,12,0,12,11,25,29,0,65,8,0,8,73
03/24/2018,ATW,WI,AGL,CE,Federal Contract Tower,16,13,4,0,33,0,0,11,0,11,16,13,15,0,44,12,0,12,56
03/25/2018,ATW,WI,AGL,CE,Federal Contract Tower,13,23,6,0,42,0,0,29,0,29,13,23,35,0,71,4,0,4,75
03/26/2018,ATW,WI,AGL,CE,Federal Contract Tower,10,27,18,0,55,0,2,19,0,21,10,29,37,0,76,8,0,8,84
03/27/2018,ATW,WI,AGL,CE,Federal Contract Tower,15,27,13,0,55,0,0,12,0,12,15,27,25,0,67,24,0,24,91
03/28/2018,ATW,WI,AGL,CE,Federal Contract Tower,17,28,9,0,54,0,0,44,0,44,17,28,53,0,98,36,0,36,134
03/29/2018,ATW,WI,AGL,CE,Federal Contract Tower,17,28,11,0,56,0,0,15,0,15,17,28,26,0,71,4,0,4,75
03/30/2018,ATW,WI,AGL,CE,Federal Contract Tower,11,21,13,0,45,0,1,20,0,21,11,22,33,0,66,6,0,6,72
03/31/2018,ATW,WI,AGL,CE,Federal Contract Tower,15,10,1,0,26,0,0,0,0,0,15,10,1,0,26,0,0,0,26
04/01/2018,ATW,WI,AGL,CE,Federal Contract Tower,12,22,6,0,40,0,10,0,0,10,12,32,6,0,50,22,0,22,72
04/02/2018,ATW,WI,AGL,CE,Federal Contract Tower,8,28,12,4,52,0,2,17,0,19,8,30,29,4,71,26,4,30,101
04/03/2018,ATW,WI,AGL,CE,Federal Contract Tower,25,16,5,0,46,0,0,0,0,0,25,16,5,0,46,0,0,0,46
04/04/2018,ATW,WI,AGL,CE,Federal Contract Tower,23,21,14,4,62,0,0,9,0,9,23,21,23,4,71,0,0,0,71
04/05/2018,ATW,WI,AGL,CE,Federal Contract Tower,24,24,15,0,63,0,0,13,0,13,24,24,28,0,76,20,0,20,96
04/06/2018,ATW,WI,AGL,CE,Federal Contract Tower,16,19,15,1,51,0,0,4,0,4,16,19,19,1,55,8,0,8,63
04/07/2018,ATW,WI,AGL,CE,Federal Contract Tower,17,15,5,0,37,0,0,18,0,18,17,15,23,0,55,2,0,2,57
04/08/2018,ATW,WI,AGL,CE,Federal Contract Tower,18,22,3,0,43,0,0,17,0,17,18,22,20,0,60,18,0,18,78
04/09/2018,ATW,WI,AGL,CE,Federal Contract Tower,16,27,24,1,68,0,0,16,0,16,16,27,40,1,84,16,2,18,102
04/10/2018,ATW,WI,AGL,CE,Federal Contract Tower,19,26,4,0,49,0,2,18,0,20,19,28,22,0,69,22,0,22,91
04/11/2018,ATW,WI,AGL,CE,Federal Contract Tower,28,21,20,0,69,0,0,32,0,32,28,21,52,0,101,52,0,52,153
04/12/2018,ATW,WI,AGL,CE,Federal Contract Tower,25,22,18,0,65,0,0,0,0,0,25,22,18,0,65,0,0,0,65
04/13/2018,ATW,WI,AGL,CE,Federal Contract Tower,13,22,15,0,50,0,0,0,0,0,13,22,15,0,50,0,0,0,50
04/14/2018,ATW,WI,AGL,CE,Federal Contract Tower,16,5,0,0,21,0,0,0,0,0,16,5,0,0,21,0,0,0,21
04/15/2018,ATW,WI,AGL,CE,Federal Contract Tower,18,11,3,0,32,0,0,0,0,0,18,11,3,0,32,0,0,0,32
04/16/2018,ATW,WI,AGL,CE,Federal Contract Tower,22,17,17,0,56,0,0,1,0,1,22,17,18,0,57,0,0,0,57
04/17/2018,ATW,WI,AGL,CE,Federal Contract Tower,22,22,15,0,59,0,0,2,0,2,22,22,17,0,61,0,0,0,61
04/18/2018,ATW,WI,AGL,CE,Federal Contract Tower,26,15,8,0,49,0,0,0,0,0,26,15,8,0,49,0,0,0,49
04/19/2018,ATW,WI,AGL,CE,Federal Contract Tower,28,17,24,0,69,0,0,22,0,22,28,17,46,0,91,56,0,56,147
04/20/2018,ATW,WI,AGL,CE,Federal Contract Tower,20,25,15,0,60,0,0,21,0,21,20,25,36,0,81,22,10,32,113
04/21/2018,ATW,WI,AGL,CE,Federal Contract Tower,18,11,12,0,41,0,0,33,0,33,18,11,45,0,74,12,0,12,86
04/22/2018,ATW,WI,AGL,CE,Federal Contract Tower,22,21,11,0,54,0,0,47,0,47,22,21,58,0,101,42,0,42,143
04/23/2018,ATW,WI,AGL,CE,Federal Contract Tower,19,17,26,0,62,0,4,42,0,46,19,21,68,0,108,40,0,40,148
04/24/2018,ATW,WI,AGL,CE,Federal Contract Tower,21,19,19,0,59,0,0,22,0,22,21,19,41,0,81,14,0,14,95
04/25/2018,ATW,WI,AGL,CE,Federal Contract Tower,26,19,19,0,64,0,0,15,0,15,26,19,34,0,79,24,0,24,103
04/26/2018,ATW,WI,AGL,CE,Federal Contract Tower,25,21,36,0,82,0,0,26,0,26,25,21,62,0,108,18,0,18,126
04/27/2018,ATW,WI,AGL,CE,Federal Contract Tower,18,25,10,0,53,0,0,6,1,7,18,25,16,1,60,8,6,14,74
04/28/2018,ATW,WI,AGL,CE,Federal Contract Tower,18,12,8,0,38,0,0,27,0,27,18,12,35,0,65,42,0,42,107
04/29/2018,ATW,WI,AGL,CE,Federal Contract Tower,22,19,11,0,52,0,0,36,0,36,22,19,47,0,88,8,0,8,96
04/30/2018,ATW,WI,AGL,CE,Federal Contract Tower,19,21,21,0,61,0,0,11,0,11,19,21,32,0,72,12,0,12,84
05/01/2018,ATW,WI,AGL,CE,Federal Contract Tower,18,21,15,0,54,0,0,9,0,9,18,21,24,0,63,10,0,10,73
05/02/2018,ATW,WI,AGL,CE,Federal Contract Tower,23,18,14,0,55,0,0,11,0,11,23,18,25,0,66,12,0,12,78
05/03/2018,ATW,WI,AGL,CE,Federal Contract Tower,21,23,27,0,71,0,0,4,0,4,21,23,31,0,75,6,0,6,81
05/04/2018,ATW,WI,AGL,CE,Federal Contract Tower,18,24,16,0,58,0,0,4,0,4,18,24,20,0,62,6,0,6,68
05/05/2018,ATW,WI,AGL,CE,Federal Contract Tower,17,18,4,0,39,0,0,32,0,32,17,18,36,0,71,22,0,22,93
05/06/2018,ATW,WI,AGL,CE,Federal Contract Tower,23,16,14,0,53,0,2,26,0,28,23,18,40,0,81,16,0,16,97
05/07/2018,ATW,WI,AGL,CE,Federal Contract Tower,17,27,21,0,65,0,0,25,0,25,17,27,46,0,90,12,0,12,102
05/08/2018,ATW,WI,AGL,CE,Federal Contract Tower,19,28,16,4,67,0,0,19,0,19,19,28,35,4,86,10,8,18,104
05/09/2018,ATW,WI,AGL,CE,Federal Contract Tower,23,30,12,1,66,0,0,0,0,0,23,30,12,1,66,0,0,0,66
05/10/2018,ATW,WI,AGL,CE,Federal Contract Tower,22,28,24,0,74,0,0,24,0,24,22,28,48,0,98,20,0,20,118
05/11/2018,ATW,WI,AGL,CE,Federal Contract Tower,19,36,23,0,78,0,1,5,0,6,19,37,28,0,84,8,0,8,92
05/12/2018,ATW,WI,AGL,CE,Federal Contract Tower,17,13,9,0,39,0,0,23,0,23,17,13,32,0,62,12,0,12,74
05/13/2018,ATW,WI,AGL,CE,Federal Contract Tower,17,16,4,0,37,0,0,25,0,25,17,16,29,0,62,34,0,34,96
05/14/2018,ATW,WI,AGL,CE,Federal Contract Tower,14,27,17,0,58,0,0,32,0,32,14,27,49,0,90,34,0,34,124
05/15/2018,ATW,WI,AGL,CE,Federal Contract Tower,19,23,28,2,72,0,0,24,0,24,19,23,52,2,96,16,0,16,112
05/16/2018,ATW,WI,AGL,CE,Federal Contract Tower,23,28,18,0,69,0,0,18,2,20,23,28,36,2,89,10,0,10,99
05/17/2018,ATW,WI,AGL,CE,Federal Contract Tower,24,25,33,0,82,0,0,16,0,16,24,25,49,0,98,6,0,6,104
05/18/2018,ATW,WI,AGL,CE,Federal Contract Tower,18,26,21,1,66,0,0,52,0,52,18,26,73,1,118,4,0,4,122
05/19/2018,ATW,WI,AGL,CE,Federal Contract Tower,18,12,9,0,39,0,0,7,0,7,18,12,16,0,46,2,0,2,48
05/20/2018,ATW,WI,AGL,CE,Federal Contract Tower,19,19,12,0,50,0,0,8,0,8,19,19,20,0,58,6,0,6,64
05/21/2018,ATW,WI,AGL,CE,Federal Contract Tower,17,32,18,1,68,0,0,2,0,2,17,32,20,1,70,24,0,24,94
05/22/2018,ATW,WI,AGL,CE,Federal Contract Tower,21,23,15,0,59,0,0,17,0,17,21,23,32,0,76,28,0,28,104
05/23/2018,ATW,WI,AGL,CE,Federal Contract Tower,26,27,17,0,70,0,0,39,0,39,26,27,56,0,109,32,0,32,141
05/24/2018,ATW,WI,AGL,CE,Federal Contract Tower,23,25,33,2,83,0,0,25,0,25,23,25,58,2,108,38,0,38,146
05/25/2018,ATW,WI,AGL,CE,Federal Contract Tower,18,26,16,1,61,0,0,27,0,27,18,26,43,1,88,8,0,8,96
05/26/2018,ATW,WI,AGL,CE,Federal Contract Tower,17,14,1,0,32,0,0,17,0,17,17,14,18,0,49,22,0,22,71
05/27/2018,ATW,WI,AGL,CE,Federal Contract Tower,17,12,10,0,39,0,0,13,0,13,17,12,23,0,52,0,0,0,52
05/28/2018,ATW,WI,AGL,CE,Federal Contract Tower,14,20,5,0,39,0,9,0,0,9,14,29,5,0,48,4,0,4,52
05/29/2018,ATW,WI,AGL,CE,Federal Contract Tower,14,31,27,0,72,0,3,26,0,29,14,34,53,0,101,20,0,20,121
05/30/2018,ATW,WI,AGL,CE,Federal Contract Tower,23,30,20,0,73,0,2,7,0,9,23,32,27,0,82,0,0,0,82
05/31/2018,ATW,WI,AGL,CE,Federal Contract Tower,34,28,26,0,88,0,0,10,0,10,34,28,36,0,98,42,0,42,140
06/01/2018,ATW,WI,AGL,CE,Federal Contract Tower,14,28,29,0,71,0,0,17,0,17,14,28,46,0,88,22,0,22,110
06/02/2018,ATW,WI,AGL,CE,Federal Contract Tower,19,10,13,0,42,0,0,4,0,4,19,10,17,0,46,12,0,12,58
06/03/2018,ATW,WI,AGL,CE,Federal Contract Tower,22,19,5,0,46,0,0,2,0,2,22,19,7,0,48,0,0,0,48
06/04/2018,ATW,WI,AGL,CE,Federal Contract Tower,16,27,23,0,66,0,0,28,0,28,16,27,51,0,94,34,0,34,128
06/05/2018,ATW,WI,AGL,CE,Federal Contract Tower,20,26,21,0,67,0,2,30,0,32,20,28,51,0,99,86,0,86,185
06/06/2018,ATW,WI,AGL,CE,Federal Contract Tower,24,28,22,0,74,0,1,19,0,20,24,29,41,0,94,36,0,36,130
06/07/2018,ATW,WI,AGL,CE,Federal Contract Tower,24,25,31,0,80,0,0,25,0,25,24,25,56,0,105,18,0,18,123
06/08/2018,ATW,WI,AGL,CE,Federal Contract Tower,22,29,25,0,76,0,0,21,0,21,22,29,46,0,97,36,0,36,133
06/09/2018,ATW,WI,AGL,CE,Federal Contract Tower,17,18,10,0,45,0,0,10,0,10,17,18,20,0,55,0,0,0,55
06/10/2018,ATW,WI,AGL,CE,Federal Contract Tower,24,20,7,0,51,0,0,7,0,7,24,20,14,0,58,4,0,4,62
06/11/2018,ATW,WI,AGL,CE,Federal Contract Tower,17,27,14,0,58,0,0,16,0,16,17,27,30,0,74,46,0,46,120
06/12/2018,ATW,WI,AGL,CE,Federal Contract Tower,21,25,20,5,71,0,0,14,0,14,21,25,34,5,85,28,4,32,117
06/13/2018,ATW,WI,AGL,CE,Federal Contract Tower,28,31,21,0,80,0,1,17,0,18,28,32,38,0,98,22,0,22,120
06/14/2018,ATW,WI,AGL,CE,Federal Contract Tower,24,30,23,1,78,0,0,24,0,24,24,30,47,1,102,12,0,12,114
06/15/2018,ATW,WI,AGL,CE,Federal Contract Tower,21,22,17,0,60,0,0,9,0,9,21,22,26,0,69,12,0,12,81
06/16/2018,ATW,WI,AGL,CE,Federal Contract Tower,16,18,8,0,42,0,0,19,0,19,16,18,27,0,61,22,0,22,83
06/17/2018,ATW,WI,AGL,CE,Federal Contract Tower,23,15,7,0,45,0,0,0,0,0,23,15,7,0,45,0,0,0,45
06/18/2018,ATW,WI,AGL,CE,Federal Contract Tower,17,22,15,0,54,0,1,0,0,1,17,23,15,0,55,0,0,0,55
06/19/2018,ATW,WI,AGL,CE,Federal Contract Tower,19,26,9,0,54,0,0,3,0,3,19,26,12,0,57,0,0,0,57
06/20/2018,ATW,WI,AGL,CE,Federal Contract Tower,23,22,17,0,62,0,0,23,0,23,23,22,40,0,85,20,0,20,105
06/21/2018,ATW,WI,AGL,CE,Federal Contract Tower,26,20,18,0,64,0,0,16,0,16,26,20,34,0,80,6,0,6,86
06/22/2018,ATW,WI,AGL,CE,Federal Contract Tower,20,18,21,0,59,0,0,22,0,22,20,18,43,0,81,0,0,0,81
06/23/2018,ATW,WI,AGL,CE,Federal Contract Tower,15,12,9,0,36,0,0,38,0,38,15,12,47,0,74,26,0,26,100
06/24/2018,ATW,WI,AGL,CE,Federal Contract Tower,23,16,10,0,49,0,1,30,0,31,23,17,40,0,80,22,0,22,102
06/25/2018,ATW,WI,AGL,CE,Federal Contract Tower,18,25,19,0,62,0,0,17,0,17,18,25,36,0,79,4,0,4,83
06/26/2018,ATW,WI,AGL,CE,Federal Contract Tower,25,22,24,0,71,0,0,1,0,1,25,22,25,0,72,0,0,0,72
06/27/2018,ATW,WI,AGL,CE,Federal Contract Tower,26,25,23,0,74,0,0,17,0,17,26,25,40,0,91,0,0,0,91
06/28/2018,ATW,WI,AGL,CE,Federal Contract Tower,26,30,19,0,75,0,0,24,0,24,26,30,43,0,99,4,0,4,103
06/29/2018,ATW,WI,AGL,CE,Federal Contract Tower,21,26,22,0,69,0,0,19,0,19,21,26,41,0,88,48,0,48,136
06/30/2018,ATW,WI,AGL,CE,Federal Contract Tower,15,19,6,0,40,0,0,2,0,2,15,19,8,0,42,2,0,2,44
07/01/2018,ATW,WI,AGL,CE,Federal Contract Tower,16,17,9,0,42,0,0,2,0,2,16,17,11,0,44,4,0,4,48
07/02/2018,ATW,WI,AGL,CE,Federal Contract Tower,10,22,11,3,46,0,0,26,0,26,10,22,37,3,72,32,0,32,104
07/03/2018,ATW,WI,AGL,CE,Federal Contract Tower,12,25,15,0,52,0,0,29,0,29,12,25,44,0,81,40,0,40,121
07/04/2018,ATW,WI,AGL,CE,Federal Contract Tower,14,18,12,0,44,0,0,5,0,5,14,18,17,0,49,6,0,6,55
07/05/2018,ATW,WI,AGL,CE,Federal Contract Tower,19,20,14,0,53,0,0,12,0,12,19,20,26,0,65,46,0,46,111
07/06/2018,ATW,WI,AGL,CE,Federal Contract Tower,13,23,11,0,47,0,0,47,0,47,13,23,58,0,94,16,0,16,110
07/07/2018,ATW,WI,AGL,CE,Federal Contract Tower,13,20,9,0,42,0,0,0,0,0,13,20,9,0,42,0,0,0,42
07/08/2018,ATW,WI,AGL,CE,Federal Contract Tower,22,15,12,0,49,0,0,28,0,28,22,15,40,0,77,10,0,10,87
07/09/2018,ATW,WI,AGL,CE,Federal Contract Tower,19,28,20,0,67,0,0,34,0,34,19,28,54,0,101,32,0,32,133
07/10/2018,ATW,WI,AGL,CE,Federal Contract Tower,24,22,14,0,60,0,0,31,0,31,24,22,45,0,91,88,0,88,179
07/11/2018,ATW,WI,AGL,CE,Federal Contract Tower,26,24,20,0,70,0,2,29,0,31,26,26,49,0,101,20,0,20,121
07/12/2018,ATW,WI,AGL,CE,Federal Contract Tower,30,22,22,0,74,0,0,9,0,9,30,22,31,0,83,0,0,0,83
07/13/2018,ATW,WI,AGL,CE,Federal Contract Tower,23,19,22,0,64,0,0,10,0,10,23,19,32,0,74,8,0,8,82
07/14/2018,ATW,WI,AGL,CE,Federal Contract Tower,16,20,4,0,40,0,0,12,0,12,16,20,16,0,52,8,0,8,60
07/15/2018,ATW,WI,AGL,CE,Federal Contract Tower,24,16,9,0,49,0,0,18,0,18,24,16,27,0,67,0,0,0,67
07/16/2018,ATW,WI,AGL,CE,Federal Contract Tower,18,25,13,0,56,0,0,34,2,36,18,25,47,2,92,50,0,50,142
07/17/2018,ATW,WI,AGL,CE,Federal Contract Tower,21,18,24,2,65,0,0,59,0,59,21,18,83,2,124,46,0,46,170
07/18/2018,ATW,WI,AGL,CE,Federal Contract Tower,30,25,26,0,81,0,0,40,0,40,30,25,66,0,121,102,0,102,223
07/19/2018,ATW,WI,AGL,CE,Federal Contract Tower,27,23,33,0,83,0,0,39,0,39,27,23,72,0,122,52,0,52,174
07/20/2018,ATW,WI,AGL,CE,Federal Contract Tower,21,25,32,0,78,0,0,3,0,3,21,25,35,0,81,0,0,0,81
07/21/2018,ATW,WI,AGL,CE,Federal Contract Tower,16,19,40,0,75,0,0,56,0,56,16,19,96,0,131,0,0,0,131
07/22/2018,ATW,WI,AGL,CE,Federal Contract Tower,23,20,104,0,147,0,0,251,0,251,23,20,355,0,398,0,0,0,398
07/23/2018,ATW,WI,AGL,CE,Federal Contract Tower,18,25,72,0,115,0,0,135,0,135,18,25,207,0,250,0,0,0,250
07/24/2018,ATW,WI,AGL,CE,Federal Contract Tower,26,36,98,0,160,0,2,341,0,343,26,38,439,0,503,0,0,0,503
07/25/2018,ATW,WI,AGL,CE,Federal Contract Tower,29,32,121,0,182,0,0,233,0,233,29,32,354,0,415,0,0,0,415
07/26/2018,ATW,WI,AGL,CE,Federal Contract Tower,24,35,167,0,226,0,0,224,0,224,24,35,391,0,450,0,0,0,450
07/27/2018,ATW,WI,AGL,CE,Federal Contract Tower,21,27,98,0,146,0,0,230,0,230,21,27,328,0,376,22,0,22,398
07/28/2018,ATW,WI,AGL,CE,Federal Contract Tower,17,16,70,0,103,0,0,156,0,156,17,16,226,0,259,0,0,0,259
07/29/2018,ATW,WI,AGL,CE,Federal Contract Tower,23,15,71,0,109,0,0,142,0,142,23,15,213,0,251,24,0,24,275
07/30/2018,ATW,WI,AGL,CE,Federal Contract Tower,19,23,22,0,64,0,2,82,0,84,19,25,104,0,148,14,0,14,162
07/31/2018,ATW,WI,AGL,CE,Federal Contract Tower,23,25,19,0,67,0,0,33,0,33,23,25,52,0,100,52,0,52,152
08/01/2018,ATW,WI,AGL,CE,Federal Contract Tower,29,20,21,0,70,0,2,21,0,23,29,22,42,0,93,10,0,10,103
08/02/2018,ATW,WI,AGL,CE,Federal Contract Tower,29,19,27,0,75,0,0,0,0,0,29,19,27,0,75,0,0,0,75
08/03/2018,ATW,WI,AGL,CE,Federal Contract Tower,20,28,18,0,66,0,1,19,0,20,20,29,37,0,86,10,0,10,96
08/04/2018,ATW,WI,AGL,CE,Federal Contract Tower,15,16,12,0,43,0,0,19,0,19,15,16,31,0,62,10,0,10,72
08/05/2018,ATW,WI,AGL,CE,Federal Contract Tower,25,15,16,0,56,0,0,11,0,11,25,15,27,0,67,4,0,4,71
08/06/2018,ATW,WI,AGL,CE,Federal Contract Tower,21,21,18,0,60,0,0,15,0,15,21,21,33,0,75,18,0,18,93
08/07/2018,ATW,WI,AGL,CE,Federal Contract Tower,22,27,28,0,77,0,0,12,0,12,22,27,40,0,89,42,0,42,131
08/08/2018,ATW,WI,AGL,CE,Federal Contract Tower,27,20,27,0,74,0,0,33,0,33,27,20,60,0,107,50,0,50,157
08/09/2018,ATW,WI,AGL,CE,Federal Contract Tower,29,18,26,0,73,0,0,21,0,21,29,18,47,0,94,36,0,36,130
08/10/2018,ATW,WI,AGL,CE,Federal Contract Tower,20,26,27,0,73,0,0,24,0,24,20,26,51,0,97,42,0,42,139
08/11/2018,ATW,WI,AGL,CE,Federal Contract Tower,15,17,6,0,38,0,0,20,0,20,15,17,26,0,58,0,0,0,58
08/12/2018,ATW,WI,AGL,CE,Federal Contract Tower,24,18,10,0,52,0,0,24,0,24,24,18,34,0,76,14,0,14,90
08/13/2018,ATW,WI,AGL,CE,Federal Contract Tower,17,30,23,0,70,0,0,29,0,29,17,30,52,0,99,2,0,2,101
08/14/2018,ATW,WI,AGL,CE,Federal Contract Tower,17,29,16,0,62,0,0,19,0,19,17,29,35,0,81,16,0,16,97
08/15/2018,ATW,WI,AGL,CE,Federal Contract Tower,24,27,24,2,77,0,0,30,0,30,24,27,54,2,107,14,0,14,121
08/16/2018,ATW,WI,AGL,CE,Federal Contract Tower,24,37,24,0,85,0,0,8,0,8,24,37,32,0,93,0,0,0,93
08/17/2018,ATW,WI,AGL,CE,Federal Contract Tower,17,27,34,0,78,0,0,26,0,26,17,27,60,0,104,0,0,0,104
08/18/2018,ATW,WI,AGL,CE,Federal Contract Tower,17,15,7,0,39,0,0,23,0,23,17,15,30,0,62,2,0,2,64
08/19/2018,ATW,WI,AGL,CE,Federal Contract Tower,17,22,14,0,53,0,0,19,0,19,17,22,33,0,72,0,0,0,72
08/20/2018,ATW,WI,AGL,CE,Federal Contract Tower,16,22,33,0,71,0,0,7,0,7,16,22,40,0,78,10,0,10,88
08/21/2018,ATW,WI,AGL,CE,Federal Contract Tower,19,25,12,0,56,0,0,8,0,8,19,25,20,0,64,6,0,6,70
08/22/2018,ATW,WI,AGL,CE,Federal Contract Tower,23,30,28,0,81,0,0,58,0,58,23,30,86,0,139,22,0,22,161
08/23/2018,ATW,WI,AGL,CE,Federal Contract Tower,22,24,29,0,75,0,0,41,0,41,22,24,70,0,116,18,0,18,134
08/24/2018,ATW,WI,AGL,CE,Federal Contract Tower,18,26,18,0,62,0,0,1,0,1,18,26,19,0,63,0,0,0,63
08/25/2018,ATW,WI,AGL,CE,Federal Contract Tower,15,13,13,0,41,0,0,9,0,9,15,13,22,0,50,0,0,0,50
08/26/2018,ATW,WI,AGL,CE,Federal Contract Tower,13,21,5,0,39,0,0,15,0,15,13,21,20,0,54,18,0,18,72
08/27/2018,ATW,WI,AGL,CE,Federal Contract Tower,16,23,22,0,61,0,0,2,0,2,16,23,24,0,63,0,0,0,63
08/28/2018,ATW,WI,AGL,CE,Federal Contract Tower,14,19,18,0,51,0,0,7,0,7,14,19,25,0,58,14,0,14,72
08/29/2018,ATW,WI,AGL,CE,Federal Contract Tower,17,26,28,0,71,0,0,11,0,11,17,26,39,0,82,64,0,64,146
08/30/2018,ATW,WI,AGL,CE,Federal Contract Tower,19,22,30,0,71,0,0,43,0,43,19,22,73,0,114,40,0,40,154
08/31/2018,ATW,WI,AGL,CE,Federal Contract Tower,16,20,16,0,52,0,0,23,0,23,16,20,39,0,75,10,0,10,85
09/01/2018,ATW,WI,AGL,CE,Federal Contract Tower,13,9,2,0,24,0,0,4,0,4,13,9,6,0,28,8,0,8,36
09/02/2018,ATW,WI,AGL,CE,Federal Contract Tower,14,13,6,0,33,0,0,7,0,7,14,13,13,0,40,0,0,0,40
09/03/2018,ATW,WI,AGL,CE,Federal Contract Tower,14,14,7,0,35,0,0,0,0,0,14,14,7,0,35,0,0,0,35
09/04/2018,ATW,WI,AGL,CE,Federal Contract Tower,14,25,9,0,48,0,0,12,0,12,14,25,21,0,60,2,0,2,62
09/05/2018,ATW,WI,AGL,CE,Federal Contract Tower,15,19,20,1,55,0,0,2,0,2,15,19,22,1,57,0,0,0,57
09/06/2018,ATW,WI,AGL,CE,Federal Contract Tower,20,21,21,0,62,0,0,27,0,27,20,21,48,0,89,38,0,38,127
09/07/2018,ATW,WI,AGL,CE,Federal Contract Tower,19,26,17,1,63,0,0,29,0,29,19,26,46,1,92,46,0,46,138
09/08/2018,ATW,WI,AGL,CE,Federal Contract Tower,17,18,12,1,48,0,0,34,0,34,17,18,46,1,82,18,0,18,100
09/09/2018,ATW,WI,AGL,CE,Federal Contract Tower,16,27,17,0,60,0,0,20,0,20,16,27,37,0,80,6,0,6,86
09/10/2018,ATW,WI,AGL,CE,Federal Contract Tower,22,30,24,0,76,0,0,29,0,29,22,30,53,0,105,36,0,36,141
09/11/2018,ATW,WI,AGL,CE,Federal Contract Tower,19,26,12,0,57,0,0,25,0,25,19,26,37,0,82,14,0,14,96
09/12/2018,ATW,WI,AGL,CE,Federal Contract Tower,19,36,22,0,77,0,0,40,0,40,19,36,62,0,117,8,0,8,125
09/13/2018,ATW,WI,AGL,CE,Federal Contract Tower,21,31,25,0,77,0,0,44,0,44,21,31,69,0,121,18,0,18,139
09/14/2018,ATW,WI,AGL,CE,Federal Contract Tower,18,27,19,0,64,0,0,26,0,26,18,27,45,0,90,16,0,16,106
09/15/2018,ATW,WI,AGL,CE,Federal Contract Tower,18,21,16,0,55,0,0,44,0,44,18,21,60,0,99,8,0,8,107
09/16/2018,ATW,WI,AGL,CE,Federal Contract Tower,15,24,12,0,51,0,0,16,0,16,15,24,28,0,67,0,0,0,67
09/17/2018,ATW,WI,AGL,CE,Federal Contract Tower,21,33,25,0,79,0,0,14,0,14,21,33,39,0,93,0,0,0,93
09/18/2018,ATW,WI,AGL,CE,Federal Contract Tower,18,25,20,0,63,0,0,4,0,4,18,25,24,0,67,0,0,0,67
09/19/2018,ATW,WI,AGL,CE,Federal Contract Tower,18,28,27,2,75,0,0,1,0,1,18,28,28,2,76,4,0,4,80
09/20/2018,ATW,WI,AGL,CE,Federal Contract Tower,20,30,27,1,78,0,0,0,0,0,20,30,27,1,78,0,0,0,78
09/21/2018,ATW,WI,AGL,CE,Federal Contract Tower,17,34,14,0,65,0,0,2,0,2,17,34,16,0,67,6,0,6,73
09/22/2018,ATW,WI,AGL,CE,Federal Contract Tower,18,14,4,0,36,0,0,31,0,31,18,14,35,0,67,22,0,22,89
09/23/2018,ATW,WI,AGL,CE,Federal Contract Tower,16,27,18,0,61,0,0,38,0,38,16,27,56,0,99,24,0,24,123
09/24/2018,ATW,WI,AGL,CE,Federal Contract Tower,17,32,29,0,78,0,0,29,0,29,17,32,58,0,107,28,0,28,135
09/25/2018,ATW,WI,AGL,CE,Federal Contract Tower,18,28,24,2,72,0,0,1,0,1,18,28,25,2,73,0,2,2,75
09/26/2018,ATW,WI,AGL,CE,Federal Contract Tower,19,31,35,1,86,0,0,32,0,32,19,31,67,1,118,56,0,56,174
09/27/2018,ATW,WI,AGL,CE,Federal Contract Tower,21,33,23,9,86,0,0,20,0,20,21,33,43,9,106,30,14,44,150
09/28/2018,ATW,WI,AGL,CE,Federal Contract Tower,18,33,28,1,80,0,0,45,0,45,18,33,73,1,125,58,0,58,183
09/29/2018,ATW,WI,AGL,CE,Federal Contract Tower,18,14,9,0,41,0,0,23,0,23,18,14,32,0,64,8,0,8,72
09/30/2018,ATW,WI,AGL,CE,Federal Contract Tower,15,30,11,0,56,0,0,0,0,0,15,30,11,0,56,0,0,0,56
10/01/2018,ATW,WI,AGL,CE,Federal Contract Tower,19,30,15,0,64,0,0,1,0,1,19,30,16,0,65,4,0,4,69
10/02/2018,ATW,WI,AGL,CE,Federal Contract Tower,17,29,23,0,69,0,0,0,0,0,17,29,23,0,69,0,0,0,69
10/03/2018,ATW,WI,AGL,CE,Federal Contract Tower,22,28,13,0,63,0,0,5,0,5,22,28,18,0,68,2,0,2,70
10/04/2018,ATW,WI,AGL,CE,Federal Contract Tower,18,29,15,0,62,0,0,29,0,29,18,29,44,0,91,2,0,2,93
10/05/2018,ATW,WI,AGL,CE,Federal Contract Tower,16,29,19,0,64,0,0,0,0,0,16,29,19,0,64,0,0,0,64
10/06/2018,ATW,WI,AGL,CE,Federal Contract Tower,18,12,8,0,38,0,0,2,0,2,18,12,10,0,40,4,0,4,44
10/07/2018,ATW,WI,AGL,CE,Federal Contract Tower,15,24,16,0,55,0,0,2,0,2,15,24,18,0,57,0,0,0,57
10/08/2018,ATW,WI,AGL,CE,Federal Contract Tower,15,30,13,0,58,0,0,3,0,3,15,30,16,0,61,0,0,0,61
10/09/2018,ATW,WI,AGL,CE,Federal Contract Tower,20,28,17,0,65,0,0,5,0,5,20,28,22,0,70,0,0,0,70
10/10/2018,ATW,WI,AGL,CE,Federal Contract Tower,22,29,16,0,67,0,0,2,0,2,22,29,18,0,69,4,0,4,73
10/11/2018,ATW,WI,AGL,CE,Federal Contract Tower,20,29,28,0,77,0,0,1,0,1,20,29,29,0,78,0,0,0,78
10/12/2018,ATW,WI,AGL,CE,Federal Contract Tower,17,28,21,0,66,0,0,8,0,8,17,28,29,0,74,4,0,4,78
10/13/2018,ATW,WI,AGL,CE,Federal Contract Tower,23,15,21,0,59,0,0,33,0,33,23,15,54,0,92,8,0,8,100
10/14/2018,ATW,WI,AGL,CE,Federal Contract Tower,15,25,11,0,51,0,0,0,0,0,15,25,11,0,51,0,0,0,51
10/15/2018,ATW,WI,AGL,CE,Federal Contract Tower,15,31,27,1,74,0,0,19,0,19,15,31,46,1,93,12,0,12,105
10/16/2018,ATW,WI,AGL,CE,Federal Contract Tower,20,32,14,0,66,0,0,15,0,15,20,32,29,0,81,6,0,6,87
10/17/2018,ATW,WI,AGL,CE,Federal Contract Tower,22,27,32,0,81,0,0,25,0,25,22,27,57,0,106,6,0,6,112
10/18/2018,ATW,WI,AGL,CE,Federal Contract Tower,21,25,22,0,68,0,0,31,0,31,21,25,53,0,99,10,0,10,109
10/19/2018,ATW,WI,AGL,CE,Federal Contract Tower,16,26,23,0,65,0,0,10,0,10,16,26,33,0,75,16,0,16,91
10/20/2018,ATW,WI,AGL,CE,Federal Contract Tower,18,12,4,0,34,0,0,4,0,4,18,12,8,0,38,0,0,0,38
10/21/2018,ATW,WI,AGL,CE,Federal Contract Tower,16,22,14,0,52,0,0,21,0,21,16,22,35,0,73,10,0,10,83
10/22/2018,ATW,WI,AGL,CE,Federal Contract Tower,16,26,22,0,64,0,0,31,0,31,16,26,53,0,95,0,0,0,95
10/23/2018,ATW,WI,AGL,CE,Federal Contract Tower,19,27,19,0,65,0,0,30,0,30,19,27,49,0,95,8,0,8,103
10/24/2018,ATW,WI,AGL,CE,Federal Contract Tower,23,28,17,0,68,0,0,28,0,28,23,28,45,0,96,64,0,64,160
10/25/2018,ATW,WI,AGL,CE,Federal Contract Tower,20,25,16,4,65,0,0,21,0,21,20,25,37,4,86,32,0,32,118
10/26/2018,ATW,WI,AGL,CE,Federal Contract Tower,18,28,20,0,66,0,0,22,0,22,18,28,42,0,88,20,0,20,108
10/27/2018,ATW,WI,AGL,CE,Federal Contract Tower,16,12,5,0,33,0,0,16,0,16,16,12,21,0,49,4,0,4,53
10/28/2018,ATW,WI,AGL,CE,Federal Contract Tower,15,22,15,0,52,0,0,1,0,1,15,22,16,0,53,10,0,10,63
10/29/2018,ATW,WI,AGL,CE,Federal Contract Tower,13,31,22,0,66,0,0,10,0,10,13,31,32,0,76,8,0,8,84
10/30/2018,ATW,WI,AGL,CE,Federal Contract Tower,16,27,17,0,60,0,0,20,0,20,16,27,37,0,80,24,0,24,104
10/31/2018,ATW,WI,AGL,CE,Federal Contract Tower,20,21,15,4,60,0,0,22,2,24,20,21,37,6,84,20,0,20,104
11/01/2018,ATW,WI,AGL,CE,Federal Contract Tower,20,27,28,0,75,0,2,36,0,38,20,29,64,0,113,26,0,26,139
11/02/2018,ATW,WI,AGL,CE,Federal Contract Tower,16,34,27,1,78,0,0,24,0,24,16,34,51,1,102,4,0,4,106
11/03/2018,ATW,WI,AGL,CE,Federal Contract Tower,16,14,10,0,40,0,0,28,0,28,16,14,38,0,68,10,0,10,78
11/04/2018,ATW,WI,AGL,CE,Federal Contract Tower,15,26,11,0,52,0,0,0,0,0,15,26,11,0,52,0,0,0,52
11/05/2018,ATW,WI,AGL,CE,Federal Contract Tower,18,37,23,0,78,0,0,9,0,9,18,37,32,0,87,14,0,14,101
11/06/2018,ATW,WI,AGL,CE,Federal Contract Tower,20,28,24,0,72,0,0,0,0,0,20,28,24,0,72,0,0,0,72
11/07/2018,ATW,WI,AGL,CE,Federal Contract Tower,26,30,17,0,73,0,8,1,0,9,26,38,18,0,82,4,0,4,86
11/08/2018,ATW,WI,AGL,CE,Federal Contract Tower,25,28,15,0,68,0,1,23,0,24,25,29,38,0,92,34,0,34,126
11/09/2018,ATW,WI,AGL,CE,Federal Contract Tower,22,28,14,0,64,0,0,4,0,4,22,28,18,0,68,0,0,0,68
11/10/2018,ATW,WI,AGL,CE,Federal Contract Tower,22,15,8,0,45,0,0,24,0,24,22,15,32,0,69,22,0,22,91
11/11/2018,ATW,WI,AGL,CE,Federal Contract Tower,17,28,9,0,54,0,0,5,0,5,17,28,14,0,59,8,0,8,67
11/12/2018,ATW,WI,AGL,CE,Federal Contract Tower,19,26,14,0,59,0,0,21,0,21,19,26,35,0,80,30,0,30,110
11/13/2018,ATW,WI,AGL,CE,Federal Contract Tower,22,28,22,0,72,0,0,23,0,23,22,28,45,0,95,4,0,4,99
11/14/2018,ATW,WI,AGL,CE,Federal Contract Tower,26,25,22,0,73,0,0,33,0,33,26,25,55,0,106,18,0,18,124
11/15/2018,ATW,WI,AGL,CE,Federal Contract Tower,23,23,24,0,70,0,0,26,0,26,23,23,50,0,96,24,0,24,120
11/16/2018,ATW,WI,AGL,CE,Federal Contract Tower,21,24,17,0,62,0,0,10,0,10,21,24,27,0,72,0,0,0,72
11/17/2018,ATW,WI,AGL,CE,Federal Contract Tower,24,12,2,0,38,0,0,22,0,22,24,12,24,0,60,16,0,16,76
11/18/2018,ATW,WI,AGL,CE,Federal Contract Tower,14,24,9,0,47,0,0,22,0,22,14,24,31,0,69,6,0,6,75
11/19/2018,ATW,WI,AGL,CE,Federal Contract Tower,17,19,9,0,45,0,2,15,0,17,17,21,24,0,62,22,0,22,84
11/20/2018,ATW,WI,AGL,CE,Federal Contract Tower,24,25,16,0,65,0,0,13,0,13,24,25,29,0,78,2,0,2,80
11/21/2018,ATW,WI,AGL,CE,Federal Contract Tower,25,22,10,0,57,0,0,19,0,19,25,22,29,0,76,28,0,28,104
11/22/2018,ATW,WI,AGL,CE,Federal Contract Tower,11,9,5,0,25,0,0,2,0,2,11,9,7,0,27,0,0,0,27
11/23/2018,ATW,WI,AGL,CE,Federal Contract Tower,13,14,6,0,33,0,0,6,0,6,13,14,12,0,39,2,0,2,41
11/24/2018,ATW,WI,AGL,CE,Federal Contract Tower,26,22,2,0,50,0,0,0,0,0,26,22,2,0,50,0,0,0,50
11/25/2018,ATW,WI,AGL,CE,Federal Contract Tower,17,23,10,0,50,0,0,5,0,5,17,23,15,0,55,0,0,0,55
11/26/2018,ATW,WI,AGL,CE,Federal Contract Tower,20,18,14,0,52,0,0,8,0,8,20,18,22,0,60,18,0,18,78
11/27/2018,ATW,WI,AGL,CE,Federal Contract Tower,21,24,16,0,61,0,1,17,0,18,21,25,33,0,79,26,0,26,105
11/28/2018,ATW,WI,AGL,CE,Federal Contract Tower,26,24,35,0,85,0,0,33,0,33,26,24,68,0,118,40,0,40,158
11/29/2018,ATW,WI,AGL,CE,Federal Contract Tower,23,24,13,0,60,0,0,0,0,0,23,24,13,0,60,0,0,0,60
11/30/2018,ATW,WI,AGL,CE,Federal Contract Tower,24,30,15,0,69,0,0,3,0,3,24,30,18,0,72,14,0,14,86
12/01/2018,ATW,WI,AGL,CE,Federal Contract Tower,19,12,1,0,32,0,0,0,0,0,19,12,1,0,32,0,0,0,32
12/02/2018,ATW,WI,AGL,CE,Federal Contract Tower,17,22,2,0,41,0,0,0,0,0,17,22,2,0,41,0,0,0,41
12/03/2018,ATW,WI,AGL,CE,Federal Contract Tower,22,20,16,0,58,0,0,0,0,0,22,20,16,0,58,0,0,0,58
12/04/2018,ATW,WI,AGL,CE,Federal Contract Tower,21,30,13,0,64,0,0,20,0,20,21,30,33,0,84,28,0,28,112
12/05/2018,ATW,WI,AGL,CE,Federal Contract Tower,26,33,20,0,79,0,0,10,0,10,26,33,30,0,89,14,0,14,103
12/06/2018,ATW,WI,AGL,CE,Federal Contract Tower,22,26,19,0,67,0,0,23,0,23,22,26,42,0,90,54,0,54,144
12/07/2018,ATW,WI,AGL,CE,Federal Contract Tower,25,31,27,0,83,0,0,27,0,27,25,31,54,0,110,30,0,30,140
12/08/2018,ATW,WI,AGL,CE,Federal Contract Tower,18,14,6,0,38,0,0,11,0,11,18,14,17,0,49,12,0,12,61
12/09/2018,ATW,WI,AGL,CE,Federal Contract Tower,17,23,10,0,50,0,0,16,0,16,17,23,26,0,66,14,0,14,80
12/10/2018,ATW,WI,AGL,CE,Federal Contract Tower,22,25,16,0,63,0,0,6,0,6,22,25,22,0,69,0,0,0,69
12/11/2018,ATW,WI,AGL,CE,Federal Contract Tower,22,26,17,0,65,0,0,0,0,0,22,26,17,0,65,0,0,0,65
12/12/2018,ATW,WI,AGL,CE,Federal Contract Tower,18,26,14,0,58,0,0,0,0,0,18,26,14,0,58,0,0,0,58
12/13/2018,ATW,WI,AGL,CE,Federal Contract Tower,27,31,32,0,90,0,0,0,0,0,27,31,32,0,90,0,0,0,90
12/14/2018,ATW,WI,AGL,CE,Federal Contract Tower,23,28,15,0,66,0,0,13,0,13,23,28,28,0,79,8,0,8,87
12/15/2018,ATW,WI,AGL,CE,Federal Contract Tower,20,13,11,0,44,0,0,27,0,27,20,13,38,0,71,40,0,40,111
12/16/2018,ATW,WI,AGL,CE,Federal Contract Tower,17,25,12,0,54,0,0,44,0,44,17,25,56,0,98,56,0,56,154
12/17/2018,ATW,WI,AGL,CE,Federal Contract Tower,20,33,13,0,66,0,0,24,0,24,20,33,37,0,90,18,0,18,108
12/18/2018,ATW,WI,AGL,CE,Federal Contract Tower,23,34,32,0,89,0,1,26,0,27,23,35,58,0,116,32,0,32,148
12/19/2018,ATW,WI,AGL,CE,Federal Contract Tower,26,21,23,0,70,0,0,13,1,14,26,21,36,1,84,6,0,6,90
12/20/2018,ATW,WI,AGL,CE,Federal Contract Tower,22,31,23,0,76,0,0,3,0,3,22,31,26,0,79,0,0,0,79
12/21/2018,ATW,WI,AGL,CE,Federal Contract Tower,22,29,17,0,68,0,0,6,0,6,22,29,23,0,74,18,0,18,92
12/22/2018,ATW,WI,AGL,CE,Federal Contract Tower,19,26,10,0,55,0,0,7,0,7,19,26,17,0,62,16,0,16,78
12/23/2018,ATW,WI,AGL,CE,Federal Contract Tower,14,26,7,0,47,0,0,3,0,3,14,26,10,0,50,0,0,0,50
12/24/2018,ATW,WI,AGL,CE,Federal Contract Tower,15,16,1,0,32,0,0,33,0,33,15,16,34,0,65,26,0,26,91
12/25/2018,ATW,WI,AGL,CE,Federal Contract Tower,10,16,2,0,28,0,0,4,0,4,10,16,6,0,32,4,0,4,36
12/26/2018,ATW,WI,AGL,CE,Federal Contract Tower,19,27,12,0,58,0,1,23,0,24,19,28,35,0,82,68,0,68,150
12/27/2018,ATW,WI,AGL,CE,Federal Contract Tower,16,24,6,0,46,0,0,0,0,0,16,24,6,0,46,0,0,0,46
12/28/2018,ATW,WI,AGL,CE,Federal Contract Tower,16,28,4,0,48,0,0,0,0,0,16,28,4,0,48,0,0,0,48
12/29/2018,ATW,WI,AGL,CE,Federal Contract Tower,18,24,6,0,48,0,0,16,0,16,18,24,22,0,64,8,0,8,72
12/30/2018,ATW,WI,AGL,CE,Federal Contract Tower,9,28,5,0,42,0,0,14,0,14,9,28,19,0,56,16,0,16,72
12/31/2018,ATW,WI,AGL,CE,Federal Contract Tower,14,15,2,0,31,0,0,3,0,3,14,15,5,0,34,6,0,6,40
01/01/2019,ATW,WI,AGL,CE,Federal Contract Tower,7,20,7,0,34,0,0,15,0,15,7,20,22,0,49,22,0,22,71
01/02/2019,ATW,WI,AGL,CE,Federal Contract Tower,16,30,12,0,58,0,0,1,0,1,16,30,13,0,59,0,0,0,59
01/03/2019,ATW,WI,AGL,CE,Federal Contract Tower,17,32,15,7,71,0,0,13,0,13,17,32,28,7,84,18,0,18,102
01/04/2019,ATW,WI,AGL,CE,Federal Contract Tower,15,27,9,0,51,0,0,16,0,16,15,27,25,0,67,12,0,12,79
01/05/2019,ATW,WI,AGL,CE,Federal Contract Tower,13,20,3,0,36,0,0,44,0,44,13,20,47,0,80,30,0,30,110
01/06/2019,ATW,WI,AGL,CE,Federal Contract Tower,8,37,2,0,47,0,0,19,0,19,8,37,21,0,66,26,0,26,92
01/07/2019,ATW,WI,AGL,CE,Federal Contract Tower,7,35,12,0,54,0,0,0,0,0,7,35,12,0,54,0,0,0,54
01/08/2019,ATW,WI,AGL,CE,Federal Contract Tower,8,31,14,0,53,0,0,4,0,4,8,31,18,0,57,0,0,0,57
01/09/2019,ATW,WI,AGL,CE,Federal Contract Tower,14,34,18,0,66,0,2,12,0,14,14,36,30,0,80,18,0,18,98
01/10/2019,ATW,WI,AGL,CE,Federal Contract Tower,11,32,26,0,69,0,0,11,0,11,11,32,37,0,80,4,0,4,84
01/11/2019,ATW,WI,AGL,CE,Federal Contract Tower,10,41,14,0,65,0,0,5,0,5,10,41,19,0,70,2,0,2,72
01/12/2019,ATW,WI,AGL,CE,Federal Contract Tower,8,25,5,0,38,0,0,0,0,0,8,25,5,0,38,0,0,0,38
01/13/2019,ATW,WI,AGL,CE,Federal Contract Tower,6,36,8,0,50,0,0,7,0,7,6,36,15,0,57,14,0,14,71
01/14/2019,ATW,WI,AGL,CE,Federal Contract Tower,8,35,13,0,56,0,0,0,0,0,8,35,13,0,56,0,0,0,56
01/15/2019,ATW,WI,AGL,CE,Federal Contract Tower,8,31,16,0,55,0,0,0,0,0,8,31,16,0,55,0,0,0,55
01/16/2019,ATW,WI,AGL,CE,Federal Contract Tower,12,35,24,2,73,0,0,25,2,27,12,35,49,4,100,14,6,20,120
01/17/2019,ATW,WI,AGL,CE,Federal Contract Tower,10,32,20,0,62,0,0,6,0,6,10,32,26,0,68,32,0,32,100
01/18/2019,ATW,WI,AGL,CE,Federal Contract Tower,10,32,11,1,54,0,0,30,0,30,10,32,41,1,84,28,0,28,112
01/19/2019,ATW,WI,AGL,CE,Federal Contract Tower,7,12,3,0,22,0,0,11,0,11,7,12,14,0,33,22,0,22,55
01/20/2019,ATW,WI,AGL,CE,Federal Contract Tower,6,25,5,0,36,0,0,10,0,10,6,25,15,0,46,12,0,12,58
01/21/2019,ATW,WI,AGL,CE,Federal Contract Tower,10,36,14,0,60,0,0,16,0,16,10,36,30,0,76,8,0,8,84
01/22/2019,ATW,WI,AGL,CE,Federal Contract Tower,9,37,22,0,68,0,0,0,0,0,9,37,22,0,68,0,0,0,68
01/23/2019,ATW,WI,AGL,CE,Federal Contract Tower,13,30,16,0,59,0,0,4,0,4,13,30,20,0,63,12,0,12,75
01/24/2019,ATW,WI,AGL,CE,Federal Contract Tower,10,35,27,2,74,0,0,1,0,1,10,35,28,2,75,0,0,0,75
01/25/2019,ATW,WI,AGL,CE,Federal Contract Tower,10,38,17,0,65,0,2,7,0,9,10,40,24,0,74,4,0,4,78
01/26/2019,ATW,WI,AGL,CE,Federal Contract Tower,8,21,8,0,37,0,0,4,0,4,8,21,12,0,41,2,0,2,43
01/27/2019,ATW,WI,AGL,CE,Federal Contract Tower,7,29,10,0,46,0,0,4,0,4,7,29,14,0,50,0,0,0,50
01/28/2019,ATW,WI,AGL,CE,Federal Contract Tower,8,22,1,0,31,0,0,0,0,0,8,22,1,0,31,0,0,0,31
01/29/2019,ATW,WI,AGL,CE,Federal Contract Tower,6,34,5,0,45,0,0,1,0,1,6,34,6,0,46,0,0,0,46
01/30/2019,ATW,WI,AGL,CE,Federal Contract Tower,12,20,5,1,38,0,0,0,0,0,12,20,5,1,38,0,0,0,38
01/31/2019,ATW,WI,AGL,CE,Federal Contract Tower,10,25,13,0,48,0,0,1,0,1,10,25,14,0,49,0,0,0,49
02/01/2019,ATW,WI,AGL,CE,Federal Contract Tower,12,42,16,0,70,0,0,11,0,11,12,42,27,0,81,0,0,0,81
02/02/2019,ATW,WI,AGL,CE,Federal Contract Tower,4,14,4,0,22,0,0,0,0,0,4,14,4,0,22,0,0,0,22
02/03/2019,ATW,WI,AGL,CE,Federal Contract Tower,2,0,4,0,6,0,0,0,0,0,2,0,4,0,6,0,0,0,6
02/04/2019,ATW,WI,AGL,CE,Federal Contract Tower,6,23,13,0,42,0,0,0,0,0,6,23,13,0,42,0,0,0,42
02/05/2019,ATW,WI,AGL,CE,Federal Contract Tower,10,35,14,0,59,0,0,17,0,17,10,35,31,0,76,22,0,22,98
02/06/2019,ATW,WI,AGL,CE,Federal Contract Tower,14,36,7,0,57,0,0,0,0,0,14,36,7,0,57,0,0,0,57
02/07/2019,ATW,WI,AGL,CE,Federal Contract Tower,10,26,6,0,42,0,0,0,0,0,10,26,6,0,42,0,0,0,42
02/08/2019,ATW,WI,AGL,CE,Federal Contract Tower,9,37,13,0,59,0,0,0,0,0,9,37,13,0,59,0,0,0,59
02/09/2019,ATW,WI,AGL,CE,Federal Contract Tower,9,26,1,0,36,0,0,31,0,31,9,26,32,0,67,38,0,38,105
02/10/2019,ATW,WI,AGL,CE,Federal Contract Tower,8,28,6,0,42,0,0,2,0,2,8,28,8,0,44,34,0,34,78
02/11/2019,ATW,WI,AGL,CE,Federal Contract Tower,8,30,19,0,57,0,0,6,0,6,8,30,25,0,63,24,0,24,87
02/12/2019,ATW,WI,AGL,CE,Federal Contract Tower,11,26,3,0,40,0,0,0,0,0,11,26,3,0,40,0,0,0,40
02/13/2019,ATW,WI,AGL,CE,Federal Contract Tower,10,35,16,0,61,0,0,13,0,13,10,35,29,0,74,8,0,8,82
02/14/2019,ATW,WI,AGL,CE,Federal Contract Tower,12,39,19,0,70,0,0,8,0,8,12,39,27,0,78,16,0,16,94
02/15/2019,ATW,WI,AGL,CE,Federal Contract Tower,13,39,12,1,65,0,0,16,0,16,13,39,28,1,81,2,0,2,83
02/16/2019,ATW,WI,AGL,CE,Federal Contract Tower,7,22,8,1,38,0,0,25,0,25,7,22,33,1,63,4,0,4,67
02/17/2019,ATW,WI,AGL,CE,Federal Contract Tower,8,19,2,0,29,0,0,2,0,2,8,19,4,0,31,8,0,8,39
02/18/2019,ATW,WI,AGL,CE,Federal Contract Tower,9,32,19,0,60,0,0,18,0,18,9,32,37,0,78,32,0,32,110
02/19/2019,ATW,WI,AGL,CE,Federal Contract Tower,10,39,32,0,81,0,4,23,0,27,10,43,55,0,108,22,0,22,130
02/20/2019,ATW,WI,AGL,CE,Federal Contract Tower,10,26,19,0,55,0,0,0,0,0,10,26,19,0,55,0,0,0,55
02/21/2019,ATW,WI,AGL,CE,Federal Contract Tower,12,35,26,0,73,0,0,20,0,20,12,35,46,0,93,22,0,22,115
02/22/2019,ATW,WI,AGL,CE,Federal Contract Tower,10,39,24,0,73,0,1,18,0,19,10,40,42,0,92,16,0,16,108
02/23/2019,ATW,WI,AGL,CE,Federal Contract Tower,7,24,0,0,31,0,0,0,0,0,7,24,0,0,31,0,0,0,31
02/24/2019,ATW,WI,AGL,CE,Federal Contract Tower,2,13,7,0,22,0,0,0,0,0,2,13,7,0,22,0,0,0,22
02/25/2019,ATW,WI,AGL,CE,Federal Contract Tower,7,38,11,0,56,0,0,4,0,4,7,38,15,0,60,6,0,6,66
02/26/2019,ATW,WI,AGL,CE,Federal Contract Tower,12,32,9,1,54,0,1,6,0,7,12,33,15,1,61,10,0,10,71
02/27/2019,ATW,WI,AGL,CE,Federal Contract Tower,9,40,20,0,69,0,0,0,0,0,9,40,20,0,69,0,0,0,69
02/28/2019,ATW,WI,AGL,CE,Federal Contract Tower,13,45,16,0,74,0,0,6,0,6,13,45,22,0,80,12,0,12,92
03/01/2019,ATW,WI,AGL,CE,Federal Contract Tower,10,37,19,0,66,0,2,12,0,14,10,39,31,0,80,70,0,70,150
03/02/2019,ATW,WI,AGL,CE,Federal Contract Tower,12,25,7,0,44,0,0,8,0,8,12,25,15,0,52,10,0,10,62
03/03/2019,ATW,WI,AGL,CE,Federal Contract Tower,16,26,17,0,59,0,0,15,0,15,16,26,32,0,74,16,0,16,90
03/04/2019,ATW,WI,AGL,CE,Federal Contract Tower,14,38,23,0,75,0,1,3,0,4,14,39,26,0,79,2,0,2,81
03/05/2019,ATW,WI,AGL,CE,Federal Contract Tower,17,30,12,0,59,0,0,13,0,13,17,30,25,0,72,4,0,4,76
03/06/2019,ATW,WI,AGL,CE,Federal Contract Tower,15,29,21,0,65,0,0,20,0,20,15,29,41,0,85,38,0,38,123
03/07/2019,ATW,WI,AGL,CE,Federal Contract Tower,18,29,20,0,67,0,0,22,0,22,18,29,42,0,89,60,0,60,149
03/08/2019,ATW,WI,AGL,CE,Federal Contract Tower,16,37,28,0,81,0,3,14,0,17,16,40,42,0,98,40,0,40,138
03/09/2019,ATW,WI,AGL,CE,Federal Contract Tower,12,21,4,0,37,0,0,3,0,3,12,21,7,0,40,38,0,38,78
03/10/2019,ATW,WI,AGL,CE,Federal Contract Tower,16,28,6,0,50,0,0,0,0,0,16,28,6,0,50,0,0,0,50
03/11/2019,ATW,WI,AGL,CE,Federal Contract Tower,16,31,7,0,54,0,0,29,0,29,16,31,36,0,83,44,0,44,127
03/12/2019,ATW,WI,AGL,CE,Federal Contract Tower,18,32,13,0,63,0,0,20,0,20,18,32,33,0,83,24,0,24,107
03/13/2019,ATW,WI,AGL,CE,Federal Contract Tower,24,22,12,0,58,0,0,0,0,0,24,22,12,0,58,0,0,0,58
03/14/2019,ATW,WI,AGL,CE,Federal Contract Tower,18,44,11,4,77,0,0,12,0,12,18,44,23,4,89,20,0,20,109
03/15/2019,ATW,WI,AGL,CE,Federal Contract Tower,14,39,17,1,71,0,0,2,0,2,14,39,19,1,73,4,0,4,77
03/16/2019,ATW,WI,AGL,CE,Federal Contract Tower,13,32,7,1,53,0,0,37,0,37,13,32,44,1,90,24,0,24,114
03/17/2019,ATW,WI,AGL,CE,Federal Contract Tower,15,29,5,0,49,0,0,0,0,0,15,29,5,0,49,6,0,6,55
03/18/2019,ATW,WI,AGL,CE,Federal Contract Tower,18,28,16,0,62,0,2,20,0,22,18,30,36,0,84,14,0,14,98
03/19/2019,ATW,WI,AGL,CE,Federal Contract Tower,22,29,33,0,84,0,0,34,0,34,22,29,67,0,118,52,0,52,170
03/20/2019,ATW,WI,AGL,CE,Federal Contract Tower,18,29,16,0,63,0,0,10,0,10,18,29,26,0,73,9,0,9,82
03/21/2019,ATW,WI,AGL,CE,Federal Contract Tower,17,36,9,2,64,0,0,21,0,21,17,36,30,2,85,40,0,40,125
03/22/2019,ATW,WI,AGL,CE,Federal Contract Tower,15,37,20,0,72,0,0,32,0,32,15,37,52,0,104,84,0,84,188
03/23/2019,ATW,WI,AGL,CE,Federal Contract Tower,12,27,4,0,43,0,0,46,0,46,12,27,50,0,89,82,0,82,171
03/24/2019,ATW,WI,AGL,CE,Federal Contract Tower,15,24,10,0,49,0,0,8,0,8,15,24,18,0,57,6,0,6,63
03/25/2019,ATW,WI,AGL,CE,Federal Contract Tower,14,32,11,0,57,0,0,25,0,25,14,32,36,0,82,42,0,42,124
03/26/2019,ATW,WI,AGL,CE,Federal Contract Tower,18,32,11,0,61,0,0,33,0,33,18,32,44,0,94,52,0,52,146
03/27/2019,ATW,WI,AGL,CE,Federal Contract Tower,18,29,16,3,66,0,0,15,0,15,18,29,31,3,81,8,0,8,89
03/28/2019,ATW,WI,AGL,CE,Federal Contract Tower,18,32,14,0,64,0,0,17,0,17,18,32,31,0,81,48,0,48,129
03/29/2019,ATW,WI,AGL,CE,Federal Contract Tower,16,35,13,0,64,0,0,44,0,44,16,35,57,0,108,28,0,28,136
03/30/2019,ATW,WI,AGL,CE,Federal Contract Tower,13,28,8,0,49,0,0,7,0,7,13,28,15,0,56,8,0,8,64
03/31/2019,ATW,WI,AGL,CE,Federal Contract Tower,13,30,8,0,51,0,0,25,0,25,13,30,33,0,76,14,0,14,90
04/01/2019,ATW,WI,AGL,CE,Federal Contract Tower,12,33,21,0,66,0,0,12,0,12,12,33,33,0,78,16,0,16,94
04/02/2019,ATW,WI,AGL,CE,Federal Contract Tower,19,31,8,0,58,0,0,8,0,8,19,31,16,0,66,10,0,10,76
04/03/2019,ATW,WI,AGL,CE,Federal Contract Tower,20,25,21,0,66,0,0,33,0,33,20,25,54,0,99,14,0,14,113
04/04/2019,ATW,WI,AGL,CE,Federal Contract Tower,21,32,11,0,64,0,0,30,0,30,21,32,41,0,94,64,0,64,158
04/05/2019,ATW,WI,AGL,CE,Federal Contract Tower,18,28,29,0,75,0,0,2,0,2,18,28,31,0,77,0,0,0,77
04/06/2019,ATW,WI,AGL,CE,Federal Contract Tower,16,22,5,0,43,0,0,0,0,0,16,22,5,0,43,0,0,0,43
04/07/2019,ATW,WI,AGL,CE,Federal Contract Tower,12,32,4,0,48,0,0,6,0,6,12,32,10,0,54,28,0,28,82
04/08/2019,ATW,WI,AGL,CE,Federal Contract Tower,18,30,13,0,61,0,0,32,0,32,18,30,45,0,93,44,0,44,137
04/09/2019,ATW,WI,AGL,CE,Federal Contract Tower,20,34,19,0,73,0,0,28,0,28,20,34,47,0,101,28,0,28,129
04/10/2019,ATW,WI,AGL,CE,Federal Contract Tower,17,28,8,0,53,0,0,15,0,15,17,28,23,0,68,46,0,46,114
04/11/2019,ATW,WI,AGL,CE,Federal Contract Tower,16,20,8,0,44,0,0,0,0,0,16,20,8,0,44,0,0,0,44
04/12/2019,ATW,WI,AGL,CE,Federal Contract Tower,17,32,28,0,77,0,0,4,0,4,17,32,32,0,81,0,0,0,81
04/13/2019,ATW,WI,AGL,CE,Federal Contract Tower,17,18,7,0,42,0,0,16,0,16,17,18,23,0,58,6,0,6,64
04/14/2019,ATW,WI,AGL,CE,Federal Contract Tower,14,21,6,0,41,0,0,1,0,1,14,21,7,0,42,0,0,0,42
04/15/2019,ATW,WI,AGL,CE,Federal Contract Tower,14,33,22,0,69,0,0,51,0,51,14,33,73,0,120,82,0,82,202
04/16/2019,ATW,WI,AGL,CE,Federal Contract Tower,18,29,20,0,67,0,0,24,0,24,18,29,44,0,91,22,0,22,113
04/17/2019,ATW,WI,AGL,CE,Federal Contract Tower,20,28,16,7,71,0,0,0,0,0,20,28,16,7,71,0,0,0,71
04/18/2019,ATW,WI,AGL,CE,Federal Contract Tower,20,29,14,0,63,0,0,1,0,1,20,29,15,0,64,0,0,0,64
04/19/2019,ATW,WI,AGL,CE,Federal Contract Tower,16,32,19,0,67,0,0,11,0,11,16,32,30,0,78,10,0,10,88
04/20/2019,ATW,WI,AGL,CE,Federal Contract Tower,19,16,10,0,45,0,0,45,0,45,19,16,55,0,90,46,0,46,136
04/21/2019,ATW,WI,AGL,CE,Federal Contract Tower,14,17,18,0,49,0,0,17,0,17,14,17,35,0,66,12,0,12,78
04/22/2019,ATW,WI,AGL,CE,Federal Contract Tower,15,33,21,0,69,0,0,11,0,11,15,33,32,0,80,0,0,0,80
04/23/2019,ATW,WI,AGL,CE,Federal Contract Tower,18,34,29,0,81,0,2,28,0,30,18,36,57,0,111,24,0,24,135
04/24/2019,ATW,WI,AGL,CE,Federal Contract Tower,20,32,23,0,75,0,0,23,0,23,20,32,46,0,98,14,0,14,112
04/25/2019,ATW,WI,AGL,CE,Federal Contract Tower,18,33,32,0,83,0,0,9,0,9,18,33,41,0,92,24,0,24,116
04/26/2019,ATW,WI,AGL,CE,Federal Contract Tower,17,29,26,0,72,0,0,28,0,28,17,29,54,0,100,4,0,4,104
04/27/2019,ATW,WI,AGL,CE,Federal Contract Tower,17,16,7,0,40,0,0,10,0,10,17,16,17,0,50,18,0,18,68
04/28/2019,ATW,WI,AGL,CE,Federal Contract Tower,14,27,15,0,56,0,0,36,0,36,14,27,51,0,92,30,0,30,122
04/29/2019,ATW,WI,AGL,CE,Federal Contract Tower,15,29,9,0,53,0,0,0,0,0,15,29,9,0,53,0,0,0,53
04/30/2019,ATW,WI,AGL,CE,Federal Contract Tower,16,29,15,0,60,0,0,0,0,0,16,29,15,0,60,0,0,0,60
05/01/2019,ATW,WI,AGL,CE,Federal Contract Tower,18,33,16,0,67,0,0,0,0,0,18,33,16,0,67,0,0,0,67
05/02/2019,ATW,WI,AGL,CE,Federal Contract Tower,15,29,34,0,78,0,0,10,0,10,15,29,44,0,88,12,0,12,100
05/03/2019,ATW,WI,AGL,CE,Federal Contract Tower,13,32,26,0,71,0,0,17,0,17,13,32,43,0,88,50,0,50,138
05/04/2019,ATW,WI,AGL,CE,Federal Contract Tower,13,20,15,0,48,0,4,40,0,44,13,24,55,0,92,28,0,28,120
05/05/2019,ATW,WI,AGL,CE,Federal Contract Tower,12,28,13,0,53,0,0,21,0,21,12,28,34,0,74,6,0,6,80
05/06/2019,ATW,WI,AGL,CE,Federal Contract Tower,16,36,17,0,69,0,0,14,0,14,16,36,31,0,83,14,0,14,97
05/07/2019,ATW,WI,AGL,CE,Federal Contract Tower,14,29,21,2,66,0,2,29,0,31,14,31,50,2,97,24,0,24,121
05/08/2019,ATW,WI,AGL,CE,Federal Contract Tower,18,38,15,0,71,0,0,7,0,7,18,38,22,0,78,4,0,4,82
05/09/2019,ATW,WI,AGL,CE,Federal Contract Tower,20,35,17,0,72,0,0,1,0,1,20,35,18,0,73,0,0,0,73
05/10/2019,ATW,WI,AGL,CE,Federal Contract Tower,16,26,15,0,57,0,0,31,0,31,16,26,46,0,88,0,0,0,88
05/11/2019,ATW,WI,AGL,CE,Federal Contract Tower,14,18,4,0,36,0,0,29,0,29,14,18,33,0,65,38,0,38,103
05/12/2019,ATW,WI,AGL,CE,Federal Contract Tower,11,23,7,0,41,0,0,13,0,13,11,23,20,0,54,16,0,16,70
05/13/2019,ATW,WI,AGL,CE,Federal Contract Tower,14,35,28,0,77,0,0,37,4,41,14,35,65,4,118,54,0,54,172
05/14/2019,ATW,WI,AGL,CE,Federal Contract Tower,15,33,26,0,74,0,0,37,0,37,15,33,63,0,111,106,0,106,217
05/15/2019,ATW,WI,AGL,CE,Federal Contract Tower,17,34,22,0,73,0,0,46,0,46,17,34,68,0,119,24,0,24,143
05/16/2019,ATW,WI,AGL,CE,Federal Contract Tower,18,33,15,0,66,0,0,12,0,12,18,33,27,0,78,20,12,32,110
05/17/2019,ATW,WI,AGL,CE,Federal Contract Tower,15,28,21,0,64,0,0,37,0,37,15,28,58,0,101,28,0,28,129
05/18/2019,ATW,WI,AGL,CE,Federal Contract Tower,11,21,6,0,38,0,0,0,0,0,11,21,6,0,38,0,0,0,38
05/19/2019,ATW,WI,AGL,CE,Federal Contract Tower,12,28,4,0,44,0,0,0,0,0,12,28,4,0,44,0,0,0,44
05/20/2019,ATW,WI,AGL,CE,Federal Contract Tower,13,28,32,1,74,0,0,20,0,20,13,28,52,1,94,14,0,14,108
05/21/2019,ATW,WI,AGL,CE,Federal Contract Tower,14,33,13,0,60,0,0,27,0,27,14,33,40,0,87,18,0,18,105
05/22/2019,ATW,WI,AGL,CE,Federal Contract Tower,16,38,13,0,67,0,0,4,0,4,16,38,17,0,71,22,0,22,93
05/23/2019,ATW,WI,AGL,CE,Federal Contract Tower,20,34,30,0,84,0,0,17,0,17,20,34,47,0,101,0,0,0,101
05/24/2019,ATW,WI,AGL,CE,Federal Contract Tower,14,32,19,0,65,0,0,2,0,2,14,32,21,0,67,6,0,6,73
05/25/2019,ATW,WI,AGL,CE,Federal Contract Tower,11,14,10,0,35,0,0,12,0,12,11,14,22,0,47,0,0,0,47
05/26/2019,ATW,WI,AGL,CE,Federal Contract Tower,12,17,5,0,34,0,0,41,0,41,12,17,46,0,75,16,0,16,91
05/27/2019,ATW,WI,AGL,CE,Federal Contract Tower,12,22,5,0,39,0,0,3,0,3,12,22,8,0,42,12,0,12,54
05/28/2019,ATW,WI,AGL,CE,Federal Contract Tower,10,35,22,0,67,0,0,6,0,6,10,35,28,0,73,0,0,0,73
05/29/2019,ATW,WI,AGL,CE,Federal Contract Tower,20,34,18,0,72,0,0,25,0,25,20,34,43,0,97,52,0,52,149
05/30/2019,ATW,WI,AGL,CE,Federal Contract Tower,18,34,19,0,71,0,0,53,0,53,18,34,72,0,124,32,0,32,156
05/31/2019,ATW,WI,AGL,CE,Federal Contract Tower,14,39,23,0,76,0,0,17,0,17,14,39,40,0,93,8,0,8,101
06/01/2019,ATW,WI,AGL,CE,Federal Contract Tower,11,19,4,0,34,0,0,8,0,8,11,19,12,0,42,22,0,22,64
06/02/2019,ATW,WI,AGL,CE,Federal Contract Tower,14,28,9,0,51,0,0,41,0,41,14,28,50,0,92,12,0,12,104
06/03/2019,ATW,WI,AGL,CE,Federal Contract Tower,11,32,28,1,72,0,0,34,0,34,11,32,62,1,106,34,0,34,140
06/04/2019,ATW,WI,AGL,CE,Federal Contract Tower,14,40,14,0,68,0,0,20,0,20,14,40,34,0,88,10,0,10,98
06/05/2019,ATW,WI,AGL,CE,Federal Contract Tower,17,33,25,0,75,0,0,14,0,14,17,33,39,0,89,62,0,62,151
06/06/2019,ATW,WI,AGL,CE,Federal Contract Tower,18,38,20,0,76,0,0,43,0,43,18,38,63,0,119,40,0,40,159
06/07/2019,ATW,WI,AGL,CE,Federal Contract Tower,13,35,36,2,86,0,0,36,0,36,13,35,72,2,122,44,0,44,166
06/08/2019,ATW,WI,AGL,CE,Federal Contract Tower,14,20,13,0,47,0,0,24,0,24,14,20,37,0,71,22,0,22,93
06/09/2019,ATW,WI,AGL,CE,Federal Contract Tower,23,23,9,0,55,0,0,2,0,2,23,23,11,0,57,0,0,0,57
06/10/2019,ATW,WI,AGL,CE,Federal Contract Tower,20,28,23,0,71,0,0,19,0,19,20,28,42,0,90,34,0,34,124
06/11/2019,ATW,WI,AGL,CE,Federal Contract Tower,22,19,20,0,61,0,0,31,0,31,22,19,51,0,92,56,0,56,148
06/12/2019,ATW,WI,AGL,CE,Federal Contract Tower,24,23,10,6,63,0,0,0,0,0,24,23,10,6,63,0,0,0,63
06/13/2019,ATW,WI,AGL,CE,Federal Contract Tower,26,31,24,1,82,0,0,25,0,25,26,31,49,1,107,20,0,20,127
06/14/2019,ATW,WI,AGL,CE,Federal Contract Tower,22,22,28,0,72,0,0,11,0,11,22,22,39,0,83,8,0,8,91
06/15/2019,ATW,WI,AGL,CE,Federal Contract Tower,15,18,19,0,52,0,0,3,0,3,15,18,22,0,55,0,0,0,55
06/16/2019,ATW,WI,AGL,CE,Federal Contract Tower,22,20,5,0,47,0,1,7,0,8,22,21,12,0,55,20,0,20,75
06/17/2019,ATW,WI,AGL,CE,Federal Contract Tower,22,25,18,1,66,0,0,44,0,44,22,25,62,1,110,18,0,18,128
06/18/2019,ATW,WI,AGL,CE,Federal Contract Tower,22,23,21,0,66,0,0,13,0,13,22,23,34,0,79,26,0,26,105
06/19/2019,ATW,WI,AGL,CE,Federal Contract Tower,24,27,16,0,67,0,0,33,0,33,24,27,49,0,100,78,0,78,178
06/20/2019,ATW,WI,AGL,CE,Federal Contract Tower,28,22,31,0,81,0,0,33,0,33,28,22,64,0,114,26,0,26,140
06/21/2019,ATW,WI,AGL,CE,Federal Contract Tower,22,31,34,1,88,0,0,40,0,40,22,31,74,1,128,36,0,36,164
06/22/2019,ATW,WI,AGL,CE,Federal Contract Tower,15,16,6,0,37,0,0,41,0,41,15,16,47,0,78,42,0,42,120
06/23/2019,ATW,WI,AGL,CE,Federal Contract Tower,22,16,11,0,49,0,0,5,0,5,22,16,16,0,54,0,0,0,54
06/24/2019,ATW,WI,AGL,CE,Federal Contract Tower,20,25,17,6,68,0,0,0,0,0,20,25,17,6,68,0,0,0,68
06/25/2019,ATW,WI,AGL,CE,Federal Contract Tower,22,29,22,3,76,0,0,44,0,44,22,29,66,3,120,42,0,42,162
06/26/2019,ATW,WI,AGL,CE,Federal Contract Tower,26,28,37,0,91,0,0,61,0,61,26,28,98,0,152,42,0,42,194
06/27/2019,ATW,WI,AGL,CE,Federal Contract Tower,26,21,22,0,69,0,0,23,0,23,26,21,45,0,92,16,0,16,108
06/28/2019,ATW,WI,AGL,CE,Federal Contract Tower,21,20,30,0,71,0,0,43,0,43,21,20,73,0,114,18,0,18,132
06/29/2019,ATW,WI,AGL,CE,Federal Contract Tower,18,15,6,0,39,0,0,29,0,29,18,15,35,0,68,20,0,20,88
06/30/2019,ATW,WI,AGL,CE,Federal Contract Tower,19,15,13,0,47,0,0,8,0,8,19,15,21,0,55,12,0,12,67
07/01/2019,ATW,WI,AGL,CE,Federal Contract Tower,19,18,21,2,60,0,0,21,4,25,19,18,42,6,85,6,0,6,91
07/02/2019,ATW,WI,AGL,CE,Federal Contract Tower,20,26,20,0,66,0,0,9,0,9,20,26,29,0,75,2,0,2,77
07/03/2019,ATW,WI,AGL,CE,Federal Contract Tower,20,17,23,0,60,0,0,41,0,41,20,17,64,0,101,36,0,36,137
07/04/2019,ATW,WI,AGL,CE,Federal Contract Tower,16,15,3,0,34,0,0,16,0,16,16,15,19,0,50,16,0,16,66
07/05/2019,ATW,WI,AGL,CE,Federal Contract Tower,15,20,12,0,47,0,0,16,0,16,15,20,28,0,63,18,0,18,81
07/06/2019,ATW,WI,AGL,CE,Federal Contract Tower,15,16,6,0,37,0,0,12,0,12,15,16,18,0,49,0,0,0,49
07/07/2019,ATW,WI,AGL,CE,Federal Contract Tower,23,20,11,0,54,0,0,29,0,29,23,20,40,0,83,26,0,26,109
07/08/2019,ATW,WI,AGL,CE,Federal Contract Tower,18,22,30,0,70,0,0,29,0,29,18,22,59,0,99,34,0,34,133
07/09/2019,ATW,WI,AGL,CE,Federal Contract Tower,23,23,29,2,77,0,0,29,0,29,23,23,58,2,106,38,0,38,144
07/10/2019,ATW,WI,AGL,CE,Federal Contract Tower,24,27,21,0,72,0,0,14,0,14,24,27,35,0,86,0,0,0,86
07/11/2019,ATW,WI,AGL,CE,Federal Contract Tower,26,31,23,4,84,0,0,26,0,26,26,31,49,4,110,10,8,18,128
07/12/2019,ATW,WI,AGL,CE,Federal Contract Tower,20,22,12,1,55,0,0,31,0,31,20,22,43,1,86,14,2,16,102
07/13/2019,ATW,WI,AGL,CE,Federal Contract Tower,15,19,8,0,42,0,0,33,0,33,15,19,41,0,75,2,0,2,77
07/14/2019,ATW,WI,AGL,CE,Federal Contract Tower,21,18,15,0,54,0,0,21,0,21,21,18,36,0,75,6,0,6,81
07/15/2019,ATW,WI,AGL,CE,Federal Contract Tower,19,27,32,0,78,0,0,18,0,18,19,27,50,0,96,22,0,22,118
07/16/2019,ATW,WI,AGL,CE,Federal Contract Tower,22,26,9,0,57,0,0,29,0,29,22,26,38,0,86,46,0,46,132
07/17/2019,ATW,WI,AGL,CE,Federal Contract Tower,24,24,28,0,76,0,2,7,2,11,24,26,35,2,87,14,0,14,101
07/18/2019,ATW,WI,AGL,CE,Federal Contract Tower,24,22,15,0,61,0,2,35,0,37,24,24,50,0,98,58,0,58,156
07/19/2019,ATW,WI,AGL,CE,Federal Contract Tower,15,28,36,0,79,0,0,52,0,52,15,28,88,0,131,8,0,8,139
07/20/2019,ATW,WI,AGL,CE,Federal Contract Tower,15,18,23,0,56,0,0,54,0,54,15,18,77,0,110,2,0,2,112
07/21/2019,ATW,WI,AGL,CE,Federal Contract Tower,19,24,99,0,142,0,0,359,1,360,19,24,458,1,502,2,2,4,506
07/22/2019,ATW,WI,AGL,CE,Federal Contract Tower,19,26,96,0,141,0,0,338,0,338,19,26,434,0,479,28,0,28,507
07/23/2019,ATW,WI,AGL,CE,Federal Contract Tower,24,34,100,0,158,0,0,234,0,234,24,34,334,0,392,0,0,0,392
07/24/2019,ATW,WI,AGL,CE,Federal Contract Tower,23,35,133,0,191,0,0,351,0,351,23,35,484,0,542,0,2,2,544
07/25/2019,ATW,WI,AGL,CE,Federal Contract Tower,27,34,124,0,185,0,0,377,0,377,27,34,501,0,562,0,0,0,562
07/26/2019,ATW,WI,AGL,CE,Federal Contract Tower,21,41,115,0,177,0,1,231,0,232,21,42,346,0,409,12,0,12,421
07/27/2019,ATW,WI,AGL,CE,Federal Contract Tower,14,23,61,1,99,0,3,121,0,124,14,26,182,1,223,0,0,0,223
07/28/2019,ATW,WI,AGL,CE,Federal Contract Tower,20,30,67,0,117,0,0,118,0,118,20,30,185,0,235,0,0,0,235
07/29/2019,ATW,WI,AGL,CE,Federal Contract Tower,20,21,40,0,81,0,0,71,0,71,20,21,111,0,152,16,0,16,168
07/30/2019,ATW,WI,AGL,CE,Federal Contract Tower,20,34,18,0,72,0,1,39,0,40,20,35,57,0,112,6,0,6,118
07/31/2019,ATW,WI,AGL,CE,Federal Contract Tower,24,32,20,0,76,0,0,49,0,49,24,32,69,0,125,36,0,36,161
08/01/2019,ATW,WI,AGL,CE,Federal Contract Tower,22,26,24,0,72,0,0,66,0,66,22,26,90,0,138,60,0,60,198
08/02/2019,ATW,WI,AGL,CE,Federal Contract Tower,22,23,26,1,72,0,0,60,0,60,22,23,86,1,132,30,0,30,162
08/03/2019,ATW,WI,AGL,CE,Federal Contract Tower,15,15,21,0,51,0,0,34,0,34,15,15,55,0,85,10,0,10,95
08/04/2019,ATW,WI,AGL,CE,Federal Contract Tower,23,18,19,0,60,0,0,38,0,38,23,18,57,0,98,2,0,2,100
08/05/2019,ATW,WI,AGL,CE,Federal Contract Tower,18,33,27,0,78,0,0,24,0,24,18,33,51,0,102,12,0,12,114
08/06/2019,ATW,WI,AGL,CE,Federal Contract Tower,23,29,22,0,74,0,0,54,0,54,23,29,76,0,128,62,0,62,190
08/07/2019,ATW,WI,AGL,CE,Federal Contract Tower,28,19,29,0,76,0,0,12,0,12,28,19,41,0,88,26,0,26,114
08/08/2019,ATW,WI,AGL,CE,Federal Contract Tower,24,21,15,0,60,0,0,36,0,36,24,21,51,0,96,54,0,54,150
08/09/2019,ATW,WI,AGL,CE,Federal Contract Tower,21,24,48,0,93,0,0,38,0,38,21,24,86,0,131,22,0,22,153
08/10/2019,ATW,WI,AGL,CE,Federal Contract Tower,15,17,8,0,40,0,0,51,0,51,15,17,59,0,91,54,0,54,145
08/11/2019,ATW,WI,AGL,CE,Federal Contract Tower,22,21,9,0,52,0,0,9,0,9,22,21,18,0,61,10,0,10,71
08/12/2019,ATW,WI,AGL,CE,Federal Contract Tower,21,21,21,1,64,0,0,16,0,16,21,21,37,1,80,48,0,48,128
08/13/2019,ATW,WI,AGL,CE,Federal Contract Tower,22,24,32,0,78,0,5,26,0,31,22,29,58,0,109,54,0,54,163
08/14/2019,ATW,WI,AGL,CE,Federal Contract Tower,27,24,36,2,89,0,0,20,0,20,27,24,56,2,109,22,0,22,131
08/15/2019,ATW,WI,AGL,CE,Federal Contract Tower,24,23,23,0,70,0,0,34,0,34,24,23,57,0,104,68,0,68,172
08/16/2019,ATW,WI,AGL,CE,Federal Contract Tower,22,26,14,2,64,0,0,4,0,4,22,26,18,2,68,20,4,24,92
08/17/2019,ATW,WI,AGL,CE,Federal Contract Tower,17,16,7,0,40,0,0,23,0,23,17,16,30,0,63,22,0,22,85
08/18/2019,ATW,WI,AGL,CE,Federal Contract Tower,20,18,19,0,57,0,0,9,0,9,20,18,28,0,66,16,0,16,82
08/19/2019,ATW,WI,AGL,CE,Federal Contract Tower,19,22,20,0,61,0,0,52,0,52,19,22,72,0,113,26,0,26,139
08/20/2019,ATW,WI,AGL,CE,Federal Contract Tower,20,18,24,0,62,0,7,33,0,40,20,25,57,0,102,46,0,46,148
08/21/2019,ATW,WI,AGL,CE,Federal Contract Tower,22,26,20,1,69,0,0,30,0,30,22,26,50,1,99,14,0,14,113
08/22/2019,ATW,WI,AGL,CE,Federal Contract Tower,24,20,25,1,70,0,0,36,0,36,24,20,61,1,106,18,0,18,124
08/23/2019,ATW,WI,AGL,CE,Federal Contract Tower,23,22,38,0,83,0,0,43,0,43,23,22,81,0,126,18,0,18,144
08/24/2019,ATW,WI,AGL,CE,Federal Contract Tower,15,18,15,0,48,0,0,27,0,27,15,18,42,0,75,40,0,40,115
08/25/2019,ATW,WI,AGL,CE,Federal Contract Tower,20,22,11,0,53,0,0,26,0,26,20,22,37,0,79,8,0,8,87
08/26/2019,ATW,WI,AGL,CE,Federal Contract Tower,21,27,14,0,62,0,0,1,0,1,21,27,15,0,63,0,0,0,63
08/27/2019,ATW,WI,AGL,CE,Federal Contract Tower,22,22,14,1,59,0,0,12,0,12,22,22,26,1,71,10,0,10,81
08/28/2019,ATW,WI,AGL,CE,Federal Contract Tower,23,25,18,0,66,0,0,6,0,6,23,25,24,0,72,6,0,6,78
08/29/2019,ATW,WI,AGL,CE,Federal Contract Tower,22,22,19,1,64,0,6,7,5,18,22,28,26,6,82,24,0,24,106
08/30/2019,ATW,WI,AGL,CE,Federal Contract Tower,19,22,28,0,69,0,0,36,0,36,19,22,64,0,105,16,0,16,121
08/31/2019,ATW,WI,AGL,CE,Federal Contract Tower,10,19,9,0,38,0,2,16,0,18,10,21,25,0,56,12,0,12,68
09/01/2019,ATW,WI,AGL,CE,Federal Contract Tower,11,21,13,0,45,0,0,24,0,24,11,21,37,0,69,4,0,4,73
09/02/2019,ATW,WI,AGL,CE,Federal Contract Tower,14,16,13,0,43,0,1,17,0,18,14,17,30,0,61,12,0,12,73
09/03/2019,ATW,WI,AGL,CE,Federal Contract Tower,13,25,23,0,61,0,0,1,0,1,13,25,24,0,62,0,0,0,62
09/04/2019,ATW,WI,AGL,CE,Federal Contract Tower,19,20,19,0,58,0,0,26,4,30,19,20,45,4,88,44,0,44,132
09/05/2019,ATW,WI,AGL,CE,Federal Contract Tower,20,20,22,0,62,0,0,21,0,21,20,20,43,0,83,34,0,34,117
09/06/2019,ATW,WI,AGL,CE,Federal Contract Tower,20,19,27,0,66,0,0,4,0,4,20,19,31,0,70,8,0,8,78
09/07/2019,ATW,WI,AGL,CE,Federal Contract Tower,12,17,16,0,45,0,0,22,0,22,12,17,38,0,67,26,0,26,93
09/08/2019,ATW,WI,AGL,CE,Federal Contract Tower,25,16,15,0,56,0,0,9,0,9,25,16,24,0,65,8,0,8,73
09/09/2019,ATW,WI,AGL,CE,Federal Contract Tower,26,19,25,1,71,0,0,8,0,8,26,19,33,1,79,34,0,34,113
09/10/2019,ATW,WI,AGL,CE,Federal Contract Tower,25,21,27,0,73,0,0,13,0,13,25,21,40,0,86,20,0,20,106
09/11/2019,ATW,WI,AGL,CE,Federal Contract Tower,29,26,15,0,70,0,0,0,0,0,29,26,15,0,70,0,0,0,70
09/12/2019,ATW,WI,AGL,CE,Federal Contract Tower,25,19,7,2,53,0,0,0,0,0,25,19,7,2,53,0,0,0,53
09/13/2019,ATW,WI,AGL,CE,Federal Contract Tower,26,16,15,0,57,0,0,1,0,1,26,16,16,0,58,0,0,0,58
09/14/2019,ATW,WI,AGL,CE,Federal Contract Tower,15,17,20,3,55,0,0,59,0,59,15,17,79,3,114,36,0,36,150
09/15/2019,ATW,WI,AGL,CE,Federal Contract Tower,22,16,17,0,55,0,0,3,0,3,22,16,20,0,58,0,0,0,58
09/16/2019,ATW,WI,AGL,CE,Federal Contract Tower,26,26,21,0,73,0,0,23,0,23,26,26,44,0,96,24,0,24,120
09/17/2019,ATW,WI,AGL,CE,Federal Contract Tower,26,26,24,2,78,0,0,38,0,38,26,26,62,2,116,14,0,14,130
09/18/2019,ATW,WI,AGL,CE,Federal Contract Tower,26,20,26,1,73,0,0,40,0,40,26,20,66,1,113,46,0,46,159
09/19/2019,ATW,WI,AGL,CE,Federal Contract Tower,26,30,29,0,85,0,0,9,0,9,26,30,38,0,94,0,0,0,94
09/20/2019,ATW,WI,AGL,CE,Federal Contract Tower,25,22,14,0,61,0,0,17,0,17,25,22,31,0,78,12,0,12,90
09/21/2019,ATW,WI,AGL,CE,Federal Contract Tower,14,20,15,0,49,0,0,3,0,3,14,20,18,0,52,10,0,10,62
09/22/2019,ATW,WI,AGL,CE,Federal Contract Tower,22,19,11,0,52,0,0,6,0,6,22,19,17,0,58,4,0,4,62
09/23/2019,ATW,WI,AGL,CE,Federal Contract Tower,23,31,26,0,80,0,2,17,0,19,23,33,43,0,99,58,0,58,157
09/24/2019,ATW,WI,AGL,CE,Federal Contract Tower,26,20,17,0,63,0,0,28,0,28,26,20,45,0,91,30,0,30,121
09/25/2019,ATW,WI,AGL,CE,Federal Contract Tower,28,24,25,0,77,0,0,12,0,12,28,24,37,0,89,16,0,16,105
09/26/2019,ATW,WI,AGL,CE,Federal Contract Tower,27,21,19,1,68,0,0,39,1,40,27,21,58,2,108,30,0,30,138
09/27/2019,ATW,WI,AGL,CE,Federal Contract Tower,24,18,28,0,70,0,0,6,0,6,24,18,34,0,76,26,0,26,102
09/28/2019,ATW,WI,AGL,CE,Federal Contract Tower,12,15,13,0,40,0,0,22,0,22,12,15,35,0,62,8,0,8,70
09/29/2019,ATW,WI,AGL,CE,Federal Contract Tower,24,23,14,0,61,0,0,0,0,0,24,23,14,0,61,4,0,4,65
09/30/2019,ATW,WI,AGL,CE,Federal Contract Tower,21,21,18,1,61,0,0,6,0,6,21,21,24,1,67,6,0,6,73
10/01/2019,ATW,WI,AGL,CE,Federal Contract Tower,25,21,12,0,58,0,0,0,0,0,25,21,12,0,58,0,0,0,58
10/02/2019,ATW,WI,AGL,CE,Federal Contract Tower,28,24,25,3,80,0,0,1,0,1,28,24,26,3,81,0,0,0,81
10/03/2019,ATW,WI,AGL,CE,Federal Contract Tower,22,21,25,0,68,0,0,4,0,4,22,21,29,0,72,8,0,8,80
10/04/2019,ATW,WI,AGL,CE,Federal Contract Tower,24,20,28,0,72,0,0,28,0,28,24,20,56,0,100,38,0,38,138
10/05/2019,ATW,WI,AGL,CE,Federal Contract Tower,15,18,2,0,35,0,0,1,0,1,15,18,3,0,36,0,0,0,36
10/06/2019,ATW,WI,AGL,CE,Federal Contract Tower,19,21,13,0,53,0,0,10,0,10,19,21,23,0,63,6,0,6,69
10/07/2019,ATW,WI,AGL,CE,Federal Contract Tower,23,20,24,0,67,0,0,19,0,19,23,20,43,0,86,36,0,36,122
10/08/2019,ATW,WI,AGL,CE,Federal Contract Tower,24,20,25,0,69,0,0,39,0,39,24,20,64,0,108,18,0,18,126
10/09/2019,ATW,WI,AGL,CE,Federal Contract Tower,28,21,28,0,77,0,0,34,0,34,28,21,62,0,111,22,0,22,133
10/10/2019,ATW,WI,AGL,CE,Federal Contract Tower,25,21,20,0,66,0,0,28,0,28,25,21,48,0,94,48,0,48,142
10/11/2019,ATW,WI,AGL,CE,Federal Contract Tower,23,24,29,0,76,0,0,0,0,0,23,24,29,0,76,0,0,0,76
10/12/2019,ATW,WI,AGL,CE,Federal Contract Tower,16,18,8,1,43,0,0,4,0,4,16,18,12,1,47,8,0,8,55
10/13/2019,ATW,WI,AGL,CE,Federal Contract Tower,22,21,10,0,53,0,0,3,0,3,22,21,13,0,56,4,0,4,60
10/14/2019,ATW,WI,AGL,CE,Federal Contract Tower,24,26,18,1,69,0,0,21,0,21,24,26,39,1,90,20,0,20,110
10/15/2019,ATW,WI,AGL,CE,Federal Contract Tower,24,23,26,1,74,0,0,9,0,9,24,23,35,1,83,12,0,12,95
10/16/2019,ATW,WI,AGL,CE,Federal Contract Tower,28,18,19,0,65,0,0,14,0,14,28,18,33,0,79,12,0,12,91
10/17/2019,ATW,WI,AGL,CE,Federal Contract Tower,27,22,26,0,75,0,0,24,0,24,27,22,50,0,99,40,0,40,139
10/18/2019,ATW,WI,AGL,CE,Federal Contract Tower,24,24,19,0,67,0,0,35,0,35,24,24,54,0,102,52,0,52,154
10/19/2019,ATW,WI,AGL,CE,Federal Contract Tower,15,17,9,0,41,0,0,18,0,18,15,17,27,0,59,26,0,26,85
10/20/2019,ATW,WI,AGL,CE,Federal Contract Tower,19,19,18,0,56,0,0,30,0,30,19,19,48,0,86,14,0,14,100
10/21/2019,ATW,WI,AGL,CE,Federal Contract Tower,23,21,15,0,59,0,0,0,0,0,23,21,15,0,59,0,0,0,59
10/22/2019,ATW,WI,AGL,CE,Federal Contract Tower,24,23,16,0,63,0,0,0,0,0,24,23,16,0,63,0,0,0,63
10/23/2019,ATW,WI,AGL,CE,Federal Contract Tower,36,20,31,0,87,0,0,19,0,19,36,20,50,0,106,6,0,6,112
10/24/2019,ATW,WI,AGL,CE,Federal Contract Tower,23,26,19,0,68,0,0,31,0,31,23,26,50,0,99,56,0,56,155
10/25/2019,ATW,WI,AGL,CE,Federal Contract Tower,24,24,29,0,77,0,0,50,0,50,24,24,79,0,127,14,0,14,141
10/26/2019,ATW,WI,AGL,CE,Federal Contract Tower,14,15,4,0,33,0,0,28,0,28,14,15,32,0,61,12,0,12,73
10/27/2019,ATW,WI,AGL,CE,Federal Contract Tower,26,15,23,0,64,0,0,57,0,57,26,15,80,0,121,4,0,4,125
10/28/2019,ATW,WI,AGL,CE,Federal Contract Tower,18,18,11,3,50,0,0,16,0,16,18,18,27,3,66,6,0,6,72
10/29/2019,ATW,WI,AGL,CE,Federal Contract Tower,20,15,10,0,45,0,0,32,0,32,20,15,42,0,77,42,0,42,119
10/30/2019,ATW,WI,AGL,CE,Federal Contract Tower,23,17,16,0,56,0,0,27,0,27,23,17,43,0,83,60,0,60,143
10/31/2019,ATW,WI,AGL,CE,Federal Contract Tower,20,17,18,0,55,0,0,2,0,2,20,17,20,0,57,6,0,6,63
11/01/2019,ATW,WI,AGL,CE,Federal Contract Tower,21,23,22,0,66,0,0,20,0,20,21,23,42,0,86,26,0,26,112
11/02/2019,ATW,WI,AGL,CE,Federal Contract Tower,14,18,5,1,38,0,0,15,0,15,14,18,20,1,53,16,0,16,69
11/03/2019,ATW,WI,AGL,CE,Federal Contract Tower,18,21,8,0,47,0,0,22,0,22,18,21,30,0,69,12,0,12,81
11/04/2019,ATW,WI,AGL,CE,Federal Contract Tower,21,26,16,0,63,0,0,8,0,8,21,26,24,0,71,6,0,6,77
11/05/2019,ATW,WI,AGL,CE,Federal Contract Tower,22,24,15,1,62,0,0,23,0,23,22,24,38,1,85,14,0,14,99
11/06/2019,ATW,WI,AGL,CE,Federal Contract Tower,31,18,22,1,72,0,0,7,0,7,31,18,29,1,79,2,0,2,81
11/07/2019,ATW,WI,AGL,CE,Federal Contract Tower,27,20,35,0,82,0,0,23,0,23,27,20,58,0,105,10,0,10,115
11/08/2019,ATW,WI,AGL,CE,Federal Contract Tower,23,19,26,0,68,0,0,12,0,12,23,19,38,0,80,0,0,0,80
11/09/2019,ATW,WI,AGL,CE,Federal Contract Tower,14,18,11,0,43,0,3,34,0,37,14,21,45,0,80,26,0,26,106
11/10/2019,ATW,WI,AGL,CE,Federal Contract Tower,23,15,5,0,43,0,0,2,0,2,23,15,7,0,45,0,0,0,45
11/11/2019,ATW,WI,AGL,CE,Federal Contract Tower,19,20,27,0,66,0,0,8,0,8,19,20,35,0,74,16,0,16,90
11/12/2019,ATW,WI,AGL,CE,Federal Contract Tower,26,23,23,0,72,0,0,14,0,14,26,23,37,0,86,8,0,8,94
11/13/2019,ATW,WI,AGL,CE,Federal Contract Tower,29,28,25,0,82,0,0,0,0,0,29,28,25,0,82,0,0,0,82
11/14/2019,ATW,WI,AGL,CE,Federal Contract Tower,27,24,24,0,75,0,0,28,0,28,27,24,52,0,103,36,0,36,139
11/15/2019,ATW,WI,AGL,CE,Federal Contract Tower,23,21,21,0,65,0,0,36,0,36,23,21,57,0,101,0,0,0,101
11/16/2019,ATW,WI,AGL,CE,Federal Contract Tower,15,20,10,0,45,0,0,30,0,30,15,20,40,0,75,74,0,74,149
11/17/2019,ATW,WI,AGL,CE,Federal Contract Tower,24,22,15,0,61,0,0,3,0,3,24,22,18,0,64,0,0,0,64
11/18/2019,ATW,WI,AGL,CE,Federal Contract Tower,23,20,18,0,61,0,0,0,0,0,23,20,18,0,61,0,0,0,61
11/19/2019,ATW,WI,AGL,CE,Federal Contract Tower,24,26,20,0,70,0,0,0,0,0,24,26,20,0,70,0,0,0,70
11/20/2019,ATW,WI,AGL,CE,Federal Contract Tower,28,24,18,0,70,0,0,11,0,11,28,24,29,0,81,6,0,6,87
11/21/2019,ATW,WI,AGL,CE,Federal Contract Tower,26,22,24,0,72,0,0,0,0,0,26,22,24,0,72,0,0,0,72
11/22/2019,ATW,WI,AGL,CE,Federal Contract Tower,22,21,16,4,63,0,0,54,0,54,22,21,70,4,117,36,0,36,153
11/23/2019,ATW,WI,AGL,CE,Federal Contract Tower,18,14,6,1,39,0,0,31,0,31,18,14,37,1,70,22,0,22,92
11/24/2019,ATW,WI,AGL,CE,Federal Contract Tower,20,14,6,0,40,0,0,28,0,28,20,14,34,0,68,24,0,24,92
11/25/2019,ATW,WI,AGL,CE,Federal Contract Tower,13,18,17,0,48,0,0,30,0,30,13,18,47,0,78,48,0,48,126
11/26/2019,ATW,WI,AGL,CE,Federal Contract Tower,26,26,18,0,70,0,0,14,0,14,26,26,32,0,84,10,0,10,94
11/27/2019,ATW,WI,AGL,CE,Federal Contract Tower,24,22,7,1,54,0,0,0,0,0,24,22,7,1,54,0,0,0,54
11/28/2019,ATW,WI,AGL,CE,Federal Contract Tower,14,3,1,0,18,0,0,0,0,0,14,3,1,0,18,0,0,0,18
11/29/2019,ATW,WI,AGL,CE,Federal Contract Tower,14,10,6,0,30,0,0,0,0,0,14,10,6,0,30,0,0,0,30
11/30/2019,ATW,WI,AGL,CE,Federal Contract Tower,29,18,6,0,53,0,0,0,0,0,29,18,6,0,53,0,0,0,53
12/01/2019,ATW,WI,AGL,CE,Federal Contract Tower,18,24,14,0,56,0,0,0,0,0,18,24,14,0,56,0,0,0,56
12/02/2019,ATW,WI,AGL,CE,Federal Contract Tower,25,27,15,1,68,0,0,31,0,31,25,27,46,1,99,24,0,24,123
12/03/2019,ATW,WI,AGL,CE,Federal Contract Tower,25,27,24,1,77,0,0,32,0,32,25,27,56,1,109,16,0,16,125
12/04/2019,ATW,WI,AGL,CE,Federal Contract Tower,29,30,24,0,83,0,0,2,0,2,29,30,26,0,85,28,0,28,113
12/05/2019,ATW,WI,AGL,CE,Federal Contract Tower,26,28,24,0,78,0,0,38,0,38,26,28,62,0,116,30,0,30,146
12/06/2019,ATW,WI,AGL,CE,Federal Contract Tower,23,25,24,0,72,0,0,33,0,33,23,25,57,0,105,46,0,46,151
12/07/2019,ATW,WI,AGL,CE,Federal Contract Tower,19,15,17,0,51,0,0,39,0,39,19,15,56,0,90,50,0,50,140
12/08/2019,ATW,WI,AGL,CE,Federal Contract Tower,20,20,10,0,50,0,0,5,0,5,20,20,15,0,55,8,0,8,63
12/09/2019,ATW,WI,AGL,CE,Federal Contract Tower,21,25,14,0,60,0,0,0,0,0,21,25,14,0,60,0,0,0,60
12/10/2019,ATW,WI,AGL,CE,Federal Contract Tower,26,25,17,0,68,0,0,7,0,7,26,25,24,0,75,8,0,8,83
12/11/2019,ATW,WI,AGL,CE,Federal Contract Tower,29,21,19,0,69,0,0,10,0,10,29,21,29,0,79,20,0,20,99
12/12/2019,ATW,WI,AGL,CE,Federal Contract Tower,29,24,17,2,72,0,0,0,0,0,29,24,17,2,72,0,0,0,72
12/13/2019,ATW,WI,AGL,CE,Federal Contract Tower,26,23,18,1,68,0,0,2,0,2,26,23,20,1,70,6,0,6,76
12/14/2019,ATW,WI,AGL,CE,Federal Contract Tower,20,15,5,0,40,0,0,0,0,0,20,15,5,0,40,0,0,0,40
12/15/2019,ATW,WI,AGL,CE,Federal Contract Tower,21,20,5,0,46,0,0,12,0,12,21,20,17,0,58,0,0,0,58
12/16/2019,ATW,WI,AGL,CE,Federal Contract Tower,23,29,22,1,75,0,0,24,0,24,23,29,46,1,99,10,0,10,109
12/17/2019,ATW,WI,AGL,CE,Federal Contract Tower,27,26,21,0,74,0,6,12,0,18,27,32,33,0,92,12,0,12,104
12/18/2019,ATW,WI,AGL,CE,Federal Contract Tower,23,24,18,0,65,0,0,19,0,19,23,24,37,0,84,22,0,22,106
12/19/2019,ATW,WI,AGL,CE,Federal Contract Tower,23,36,21,0,80,0,0,25,0,25,23,36,46,0,105,16,0,16,121
12/20/2019,ATW,WI,AGL,CE,Federal Contract Tower,21,29,22,0,72,0,0,9,0,9,21,29,31,0,81,48,0,48,129
12/21/2019,ATW,WI,AGL,CE,Federal Contract Tower,14,30,9,0,53,0,0,43,0,43,14,30,52,0,96,40,0,40,136
12/22/2019,ATW,WI,AGL,CE,Federal Contract Tower,11,31,12,0,54,0,0,36,0,36,11,31,48,0,90,0,0,0,90
12/23/2019,ATW,WI,AGL,CE,Federal Contract Tower,8,31,16,0,55,0,0,43,0,43,8,31,59,0,98,18,0,18,116
12/24/2019,ATW,WI,AGL,CE,Federal Contract Tower,15,17,1,0,33,0,0,0,0,0,15,17,1,0,33,0,0,0,33
12/25/2019,ATW,WI,AGL,CE,Federal Contract Tower,1,1,0,0,2,0,0,0,0,0,1,1,0,0,2,0,0,0,2
12/26/2019,ATW,WI,AGL,CE,Federal Contract Tower,15,26,13,0,54,0,0,0,0,0,15,26,13,0,54,0,0,0,54
12/27/2019,ATW,WI,AGL,CE,Federal Contract Tower,10,35,11,1,57,0,0,16,0,16,10,35,27,1,73,38,0,38,111
12/28/2019,ATW,WI,AGL,CE,Federal Contract Tower,14,26,2,0,42,0,0,1,0,1,14,26,3,0,43,12,0,12,55
12/29/2019,ATW,WI,AGL,CE,Federal Contract Tower,11,33,8,0,52,0,0,1,0,1,11,33,9,0,53,10,0,10,63
12/30/2019,ATW,WI,AGL,CE,Federal Contract Tower,7,30,8,0,45,0,0,0,0,0,7,30,8,0,45,0,0,0,45
12/31/2019,ATW,WI,AGL,CE,Federal Contract Tower,17,22,3,0,42,0,0,4,0,4,17,22,7,0,46,6,0,6,52
01/01/2020,ATW,WI,AGL,CE,Federal Contract Tower,4,22,10,0,36,0,0,15,0,15,4,22,25,0,51,10,0,10,61
01/02/2020,ATW,WI,AGL,CE,Federal Contract Tower,12,24,14,1,51,0,0,8,0,8,12,24,22,1,59,2,0,2,61
01/03/2020,ATW,WI,AGL,CE,Federal Contract Tower,12,24,22,0,58,0,0,9,2,11,12,24,31,2,69,4,0,4,73
01/04/2020,ATW,WI,AGL,CE,Federal Contract Tower,9,22,4,0,35,0,0,6,0,6,9,22,10,0,41,30,0,30,71
01/05/2020,ATW,WI,AGL,CE,Federal Contract Tower,11,28,4,0,43,0,0,4,0,4,11,28,8,0,47,0,0,0,47
01/06/2020,ATW,WI,AGL,CE,Federal Contract Tower,16,31,15,1,63,0,0,28,0,28,16,31,43,1,91,6,0,6,97
01/07/2020,ATW,WI,AGL,CE,Federal Contract Tower,17,25,9,0,51,0,2,15,0,17,17,27,24,0,68,4,0,4,72
01/08/2020,ATW,WI,AGL,CE,Federal Contract Tower,20,31,15,0,66,0,0,24,0,24,20,31,39,0,90,16,0,16,106
01/09/2020,ATW,WI,AGL,CE,Federal Contract Tower,19,27,15,0,61,0,0,4,0,4,19,27,19,0,65,14,0,14,79
01/10/2020,ATW,WI,AGL,CE,Federal Contract Tower,16,29,18,0,63,0,0,14,0,14,16,29,32,0,77,28,0,28,105
01/11/2020,ATW,WI,AGL,CE,Federal Contract Tower,14,15,2,0,31,0,0,0,0,0,14,15,2,0,31,0,0,0,31
01/12/2020,ATW,WI,AGL,CE,Federal Contract Tower,14,26,6,0,46,0,0,27,0,27,14,26,33,0,73,8,0,8,81
01/13/2020,ATW,WI,AGL,CE,Federal Contract Tower,15,30,27,0,72,0,0,1,0,1,15,30,28,0,73,4,0,4,77
01/14/2020,ATW,WI,AGL,CE,Federal Contract Tower,16,37,19,0,72,0,0,1,0,1,16,37,20,0,73,0,0,0,73
01/15/2020,ATW,WI,AGL,CE,Federal Contract Tower,20,35,17,0,72,0,0,0,0,0,20,35,17,0,72,0,0,0,72
01/16/2020,ATW,WI,AGL,CE,Federal Contract Tower,18,32,18,0,68,0,0,26,0,26,18,32,44,0,94,6,0,6,100
01/17/2020,ATW,WI,AGL,CE,Federal Contract Tower,14,29,14,0,57,0,1,16,0,17,14,30,30,0,74,10,0,10,84
01/18/2020,ATW,WI,AGL,CE,Federal Contract Tower,12,15,1,0,28,0,0,0,0,0,12,15,1,0,28,0,0,0,28
01/19/2020,ATW,WI,AGL,CE,Federal Contract Tower,12,25,9,0,46,0,0,5,0,5,12,25,14,0,51,10,0,10,61
01/20/2020,ATW,WI,AGL,CE,Federal Contract Tower,14,24,17,0,55,0,0,24,0,24,14,24,41,0,79,10,0,10,89
01/21/2020,ATW,WI,AGL,CE,Federal Contract Tower,16,30,12,0,58,0,0,21,0,21,16,30,33,0,79,32,0,32,111
01/22/2020,ATW,WI,AGL,CE,Federal Contract Tower,20,25,12,0,57,0,0,9,0,9,20,25,21,0,66,2,0,2,68
01/23/2020,ATW,WI,AGL,CE,Federal Contract Tower,17,26,12,0,55,0,0,0,0,0,17,26,12,0,55,0,0,0,55
01/24/2020,ATW,WI,AGL,CE,Federal Contract Tower,16,33,15,0,64,0,0,0,0,0,16,33,15,0,64,0,0,0,64
01/25/2020,ATW,WI,AGL,CE,Federal Contract Tower,15,22,3,0,40,0,0,0,0,0,15,22,3,0,40,0,0,0,40
01/26/2020,ATW,WI,AGL,CE,Federal Contract Tower,15,27,12,0,54,0,0,0,0,0,15,27,12,0,54,0,0,0,54
01/27/2020,ATW,WI,AGL,CE,Federal Contract Tower,15,32,19,0,66,0,0,4,0,4,15,32,23,0,70,22,0,22,92
01/28/2020,ATW,WI,AGL,CE,Federal Contract Tower,16,36,7,0,59,0,2,2,0,4,16,38,9,0,63,0,0,0,63
01/29/2020,ATW,WI,AGL,CE,Federal Contract Tower,20,31,7,0,58,0,0,2,0,2,20,31,9,0,60,0,0,0,60
01/30/2020,ATW,WI,AGL,CE,Federal Contract Tower,18,29,15,0,62,0,0,7,0,7,18,29,22,0,69,26,0,26,95
01/31/2020,ATW,WI,AGL,CE,Federal Contract Tower,16,29,6,0,51,0,0,2,0,2,16,29,8,0,53,0,0,0,53
02/01/2020,ATW,WI,AGL,CE,Federal Contract Tower,18,19,6,0,43,0,0,4,0,4,18,19,10,0,47,10,0,10,57
02/02/2020,ATW,WI,AGL,CE,Federal Contract Tower,16,22,14,0,52,0,0,25,0,25,16,22,39,0,77,20,0,20,97
02/03/2020,ATW,WI,AGL,CE,Federal Contract Tower,17,28,15,0,60,0,0,18,2,20,17,28,33,2,80,0,2,2,82
02/04/2020,ATW,WI,AGL,CE,Federal Contract Tower,16,28,15,0,59,0,0,18,0,18,16,28,33,0,77,26,0,26,103
02/05/2020,ATW,WI,AGL,CE,Federal Contract Tower,20,25,15,0,60,0,0,9,0,9,20,25,24,0,69,10,0,10,79
02/06/2020,ATW,WI,AGL,CE,Federal Contract Tower,18,27,10,0,55,0,0,23,0,23,18,27,33,0,78,24,0,24,102
02/07/2020,ATW,WI,AGL,CE,Federal Contract Tower,17,31,19,0,67,0,0,16,0,16,17,31,35,0,83,10,0,10,93
02/08/2020,ATW,WI,AGL,CE,Federal Contract Tower,18,23,3,0,44,0,0,21,0,21,18,23,24,0,65,38,0,38,103
02/09/2020,ATW,WI,AGL,CE,Federal Contract Tower,15,23,6,0,44,0,0,0,0,0,15,23,6,0,44,0,0,0,44
02/10/2020,ATW,WI,AGL,CE,Federal Contract Tower,15,32,24,0,71,0,0,18,0,18,15,32,42,0,89,0,0,0,89
02/11/2020,ATW,WI,AGL,CE,Federal Contract Tower,16,28,18,0,62,0,0,5,0,5,16,28,23,0,67,0,0,0,67
02/12/2020,ATW,WI,AGL,CE,Federal Contract Tower,18,26,17,0,61,0,0,6,0,6,18,26,23,0,67,32,0,32,99
02/13/2020,ATW,WI,AGL,CE,Federal Contract Tower,22,24,12,0,58,0,0,9,0,9,22,24,21,0,67,6,0,6,73
02/14/2020,ATW,WI,AGL,CE,Federal Contract Tower,17,30,19,0,66,0,1,14,0,15,17,31,33,0,81,20,0,20,101
02/15/2020,ATW,WI,AGL,CE,Federal Contract Tower,18,19,0,0,37,0,0,4,0,4,18,19,4,0,41,0,0,0,41
02/16/2020,ATW,WI,AGL,CE,Federal Contract Tower,20,26,10,0,56,0,0,40,0,40,20,26,50,0,96,40,0,40,136
02/17/2020,ATW,WI,AGL,CE,Federal Contract Tower,15,29,24,0,68,0,0,7,0,7,15,29,31,0,75,4,0,4,79
02/18/2020,ATW,WI,AGL,CE,Federal Contract Tower,22,29,12,2,65,0,0,11,0,11,22,29,23,2,76,2,0,2,78
02/19/2020,ATW,WI,AGL,CE,Federal Contract Tower,20,32,6,0,58,0,0,8,0,8,20,32,14,0,66,20,0,20,86
02/20/2020,ATW,WI,AGL,CE,Federal Contract Tower,22,25,20,1,68,0,0,11,0,11,22,25,31,1,79,22,0,22,101
02/21/2020,ATW,WI,AGL,CE,Federal Contract Tower,16,28,18,0,62,0,0,6,0,6,16,28,24,0,68,2,0,2,70
02/22/2020,ATW,WI,AGL,CE,Federal Contract Tower,18,22,9,0,49,0,0,28,0,28,18,22,37,0,77,46,0,46,123
02/23/2020,ATW,WI,AGL,CE,Federal Contract Tower,19,26,7,0,52,0,0,34,0,34,19,26,41,0,86,26,0,26,112
02/24/2020,ATW,WI,AGL,CE,Federal Contract Tower,19,30,13,0,62,0,0,23,0,23,19,30,36,0,85,6,0,6,91
02/25/2020,ATW,WI,AGL,CE,Federal Contract Tower,22,34,7,0,63,0,0,3,0,3,22,34,10,0,66,0,0,0,66
02/26/2020,ATW,WI,AGL,CE,Federal Contract Tower,16,31,7,0,54,0,0,4,0,4,16,31,11,0,58,0,0,0,58
02/27/2020,ATW,WI,AGL,CE,Federal Contract Tower,22,29,12,0,63,0,0,12,0,12,22,29,24,0,75,42,0,42,117
02/28/2020,ATW,WI,AGL,CE,Federal Contract Tower,16,29,14,0,59,0,0,22,0,22,16,29,36,0,81,2,0,2,83
02/29/2020,ATW,WI,AGL,CE,Federal Contract Tower,18,22,3,0,43,0,0,35,0,35,18,22,38,0,78,34,0,34,112
03/01/2020,ATW,WI,AGL,CE,Federal Contract Tower,19,25,10,0,54,0,0,40,0,40,19,25,50,0,94,32,0,32,126
03/02/2020,ATW,WI,AGL,CE,Federal Contract Tower,15,29,18,0,62,0,0,17,0,17,15,29,35,0,79,14,0,14,93
03/03/2020,ATW,WI,AGL,CE,Federal Contract Tower,20,29,16,3,68,0,0,6,2,8,20,29,22,5,76,6,0,6,82
03/04/2020,ATW,WI,AGL,CE,Federal Contract Tower,22,28,27,2,79,0,0,29,0,29,22,28,56,2,108,54,0,54,162
03/05/2020,ATW,WI,AGL,CE,Federal Contract Tower,20,29,18,0,67,0,0,1,0,1,20,29,19,0,68,0,0,0,68
03/06/2020,ATW,WI,AGL,CE,Federal Contract Tower,19,40,10,2,71,0,0,23,0,23,19,40,33,2,94,32,0,32,126
03/07/2020,ATW,WI,AGL,CE,Federal Contract Tower,16,24,8,1,49,0,0,18,0,18,16,24,26,1,67,18,0,18,85
03/08/2020,ATW,WI,AGL,CE,Federal Contract Tower,17,27,19,0,63,0,0,21,2,23,17,27,40,2,86,16,0,16,102
03/09/2020,ATW,WI,AGL,CE,Federal Contract Tower,18,31,24,0,73,0,0,4,0,4,18,31,28,0,77,10,0,10,87
03/10/2020,ATW,WI,AGL,CE,Federal Contract Tower,21,32,15,0,68,0,0,30,0,30,21,32,45,0,98,12,0,12,110
03/11/2020,ATW,WI,AGL,CE,Federal Contract Tower,20,29,12,0,61,0,0,0,0,0,20,29,12,0,61,0,0,0,61
03/12/2020,ATW,WI,AGL,CE,Federal Contract Tower,21,31,22,0,74,0,0,0,0,0,21,31,22,0,74,0,0,0,74
03/13/2020,ATW,WI,AGL,CE,Federal Contract Tower,19,29,19,0,67,0,0,12,0,12,19,29,31,0,79,4,0,4,83
03/14/2020,ATW,WI,AGL,CE,Federal Contract Tower,20,25,6,0,51,0,1,34,0,35,20,26,40,0,86,2,0,2,88
03/15/2020,ATW,WI,AGL,CE,Federal Contract Tower,16,29,12,0,57,0,2,33,0,35,16,31,45,0,92,38,0,38,130
03/16/2020,ATW,WI,AGL,CE,Federal Contract Tower,17,31,13,0,61,0,0,13,0,13,17,31,26,0,74,24,0,24,98
03/17/2020,ATW,WI,AGL,CE,Federal Contract Tower,21,35,18,0,74,0,0,23,0,23,21,35,41,0,97,4,0,4,101
03/18/2020,ATW,WI,AGL,CE,Federal Contract Tower,19,26,3,0,48,0,0,0,0,0,19,26,3,0,48,0,0,0,48
03/19/2020,ATW,WI,AGL,CE,Federal Contract Tower,19,30,3,0,52,0,1,1,0,2,19,31,4,0,54,0,0,0,54
03/20/2020,ATW,WI,AGL,CE,Federal Contract Tower,14,30,12,0,56,0,0,0,0,0,14,30,12,0,56,0,0,0,56
03/21/2020,ATW,WI,AGL,CE,Federal Contract Tower,17,29,4,0,50,0,0,33,0,33,17,29,37,0,83,28,0,28,111
03/22/2020,ATW,WI,AGL,CE,Federal Contract Tower,16,21,5,0,42,0,0,13,0,13,16,21,18,0,55,10,0,10,65
03/23/2020,ATW,WI,AGL,CE,Federal Contract Tower,9,30,13,0,52,0,0,10,0,10,9,30,23,0,62,12,0,12,74
03/24/2020,ATW,WI,AGL,CE,Federal Contract Tower,18,24,3,0,45,0,0,16,0,16,18,24,19,0,61,0,0,0,61
03/25/2020,ATW,WI,AGL,CE,Federal Contract Tower,12,23,10,0,45,0,0,0,0,0,12,23,10,0,45,0,0,0,45
03/26/2020,ATW,WI,AGL,CE,Federal Contract Tower,7,17,17,0,41,0,0,0,0,0,7,17,17,0,41,8,0,8,49
03/27/2020,ATW,WI,AGL,CE,Federal Contract Tower,9,24,8,0,41,0,0,4,0,4,9,24,12,0,45,6,0,6,51
03/28/2020,ATW,WI,AGL,CE,Federal Contract Tower,13,13,1,0,27,0,0,0,0,0,13,13,1,0,27,0,0,0,27
03/29/2020,ATW,WI,AGL,CE,Federal Contract Tower,8,19,5,0,32,0,0,0,0,0,8,19,5,0,32,0,0,0,32
03/30/2020,ATW,WI,AGL,CE,Federal Contract Tower,8,16,4,0,28,0,0,10,0,10,8,16,14,0,38,16,0,16,54
03/31/2020,ATW,WI,AGL,CE,Federal Contract Tower,16,16,8,0,40,0,0,0,0,0,16,16,8,0,40,0,0,0,40
04/01/2020,ATW,WI,AGL,CE,Federal Contract Tower,9,18,15,0,42,0,0,1,0,1,9,18,16,0,43,0,0,0,43
04/02/2020,ATW,WI,AGL,CE,Federal Contract Tower,3,18,18,0,39,0,0,28,0,28,3,18,46,0,67,12,0,12,79
04/03/2020,ATW,WI,AGL,CE,Federal Contract Tower,4,20,15,0,39,0,0,10,0,10,4,20,25,0,49,0,0,0,49
04/04/2020,ATW,WI,AGL,CE,Federal Contract Tower,5,11,4,0,20,0,0,18,0,18,5,11,22,0,38,6,0,6,44
04/05/2020,ATW,WI,AGL,CE,Federal Contract Tower,0,18,17,0,35,0,1,31,0,32,0,19,48,0,67,4,0,4,71
04/06/2020,ATW,WI,AGL,CE,Federal Contract Tower,1,12,3,0,16,0,0,19,0,19,1,12,22,0,35,8,0,8,43
04/07/2020,ATW,WI,AGL,CE,Federal Contract Tower,4,14,4,0,22,0,0,2,0,2,4,14,6,0,24,8,0,8,32
04/08/2020,ATW,WI,AGL,CE,Federal Contract Tower,4,18,5,0,27,0,0,1,0,1,4,18,6,0,28,0,0,0,28
04/09/2020,ATW,WI,AGL,CE,Federal Contract Tower,5,13,5,0,23,0,0,0,0,0,5,13,5,0,23,0,0,0,23
04/10/2020,ATW,WI,AGL,CE,Federal Contract Tower,2,15,6,0,23,0,0,12,0,12,2,15,18,0,35,8,0,8,43
04/11/2020,ATW,WI,AGL,CE,Federal Contract Tower,3,16,8,0,27,0,0,28,0,28,3,16,36,0,55,8,0,8,63
04/12/2020,ATW,WI,AGL,CE,Federal Contract Tower,0,12,2,0,14,0,0,0,0,0,0,12,2,0,14,0,0,0,14
04/13/2020,ATW,WI,AGL,CE,Federal Contract Tower,1,14,13,0,28,0,0,0,0,0,1,14,13,0,28,0,0,0,28
04/14/2020,ATW,WI,AGL,CE,Federal Contract Tower,3,16,18,0,37,0,0,3,0,3,3,16,21,0,40,2,0,2,42
04/15/2020,ATW,WI,AGL,CE,Federal Contract Tower,4,14,4,0,22,0,0,7,0,7,4,14,11,0,29,4,0,4,33
04/16/2020,ATW,WI,AGL,CE,Federal Contract Tower,6,12,5,0,23,0,0,14,0,14,6,12,19,0,37,0,0,0,37
04/17/2020,ATW,WI,AGL,CE,Federal Contract Tower,2,17,5,2,26,0,0,20,0,20,2,17,25,2,46,6,0,6,52
04/18/2020,ATW,WI,AGL,CE,Federal Contract Tower,5,12,4,0,21,0,0,5,0,5,5,12,9,0,26,0,0,0,26
04/19/2020,ATW,WI,AGL,CE,Federal Contract Tower,2,10,7,0,19,0,0,27,0,27,2,10,34,0,46,20,0,20,66
04/20/2020,ATW,WI,AGL,CE,Federal Contract Tower,1,10,8,0,19,0,0,3,0,3,1,10,11,0,22,0,0,0,22
04/21/2020,ATW,WI,AGL,CE,Federal Contract Tower,4,11,7,0,22,0,0,7,0,7,4,11,14,0,29,0,0,0,29
04/22/2020,ATW,WI,AGL,CE,Federal Contract Tower,6,16,6,0,28,0,0,1,0,1,6,16,7,0,29,0,0,0,29
04/23/2020,ATW,WI,AGL,CE,Federal Contract Tower,2,16,4,0,22,0,0,0,0,0,2,16,4,0,22,0,0,0,22
04/24/2020,ATW,WI,AGL,CE,Federal Contract Tower,2,14,7,0,23,0,0,15,0,15,2,14,22,0,38,20,0,20,58
04/25/2020,ATW,WI,AGL,CE,Federal Contract Tower,5,11,9,0,25,0,0,20,0,20,5,11,29,0,45,6,0,6,51
04/26/2020,ATW,WI,AGL,CE,Federal Contract Tower,2,16,10,0,28,0,0,42,0,42,2,16,52,0,70,16,0,16,86
04/27/2020,ATW,WI,AGL,CE,Federal Contract Tower,1,13,8,0,22,0,0,5,0,5,1,13,13,0,27,6,0,6,33
04/28/2020,ATW,WI,AGL,CE,Federal Contract Tower,4,16,7,0,27,0,0,0,0,0,4,16,7,0,27,0,0,0,27
04/29/2020,ATW,WI,AGL,CE,Federal Contract Tower,6,16,4,0,26,0,0,0,0,0,6,16,4,0,26,0,0,0,26
04/30/2020,ATW,WI,AGL,CE,Federal Contract Tower,6,27,4,0,37,0,0,17,0,17,6,27,21,0,54,10,0,10,64
05/01/2020,ATW,WI,AGL,CE,Federal Contract Tower,2,13,21,0,36,0,0,24,0,24,2,13,45,0,60,8,0,8,68
05/02/2020,ATW,WI,AGL,CE,Federal Contract Tower,8,3,1,0,12,0,0,10,0,10,8,3,11,0,22,2,0,2,24
05/03/2020,ATW,WI,AGL,CE,Federal Contract Tower,6,9,8,0,23,0,0,15,0,15,6,9,23,0,38,4,0,4,42
05/04/2020,ATW,WI,AGL,CE,Federal Contract Tower,2,17,16,0,35,0,0,22,0,22,2,17,38,0,57,28,0,28,85
05/05/2020,ATW,WI,AGL,CE,Federal Contract Tower,6,14,14,0,34,0,0,19,0,19,6,14,33,0,53,26,0,26,79
05/06/2020,ATW,WI,AGL,CE,Federal Contract Tower,8,7,4,0,19,0,0,20,0,20,8,7,24,0,39,32,0,32,71
05/07/2020,ATW,WI,AGL,CE,Federal Contract Tower,8,9,4,0,21,0,0,22,0,22,8,9,26,0,43,2,0,2,45
05/08/2020,ATW,WI,AGL,CE,Federal Contract Tower,4,9,14,0,27,0,0,11,0,11,4,9,25,0,38,30,0,30,68
05/09/2020,ATW,WI,AGL,CE,Federal Contract Tower,6,5,5,0,16,0,0,19,0,19,6,5,24,0,35,12,0,12,47
05/10/2020,ATW,WI,AGL,CE,Federal Contract Tower,6,8,2,0,16,0,0,0,0,0,6,8,2,0,16,0,0,0,16
05/11/2020,ATW,WI,AGL,CE,Federal Contract Tower,3,13,14,0,30,0,0,24,0,24,3,13,38,0,54,26,0,26,80
05/12/2020,ATW,WI,AGL,CE,Federal Contract Tower,8,8,18,3,37,0,0,48,2,50,8,8,66,5,87,62,0,62,149
05/13/2020,ATW,WI,AGL,CE,Federal Contract Tower,6,10,12,0,28,0,0,23,0,23,6,10,35,0,51,14,0,14,65
05/14/2020,ATW,WI,AGL,CE,Federal Contract Tower,10,11,6,0,27,0,0,5,0,5,10,11,11,0,32,20,0,20,52
05/15/2020,ATW,WI,AGL,CE,Federal Contract Tower,4,10,20,2,36,0,0,41,0,41,4,10,61,2,77,26,0,26,103
05/16/2020,ATW,WI,AGL,CE,Federal Contract Tower,5,6,5,0,16,0,0,29,0,29,5,6,34,0,45,34,0,34,79
05/17/2020,ATW,WI,AGL,CE,Federal Contract Tower,8,6,4,0,18,0,0,0,0,0,8,6,4,0,18,0,0,0,18
05/18/2020,ATW,WI,AGL,CE,Federal Contract Tower,6,11,8,0,25,0,0,0,0,0,6,11,8,0,25,0,0,0,25
05/19/2020,ATW,WI,AGL,CE,Federal Contract Tower,6,11,27,0,44,0,0,10,0,10,6,11,37,0,54,38,0,38,92
05/20/2020,ATW,WI,AGL,CE,Federal Contract Tower,7,19,9,3,38,0,1,33,0,34,7,20,42,3,72,26,0,26,98
05/21/2020,ATW,WI,AGL,CE,Federal Contract Tower,12,8,14,0,34,0,0,38,0,38,12,8,52,0,72,38,0,38,110
05/22/2020,ATW,WI,AGL,CE,Federal Contract Tower,6,8,18,0,32,0,0,16,0,16,6,8,34,0,48,26,0,26,74
05/23/2020,ATW,WI,AGL,CE,Federal Contract Tower,5,5,7,0,17,0,0,10,0,10,5,5,17,0,27,14,0,14,41
05/24/2020,ATW,WI,AGL,CE,Federal Contract Tower,10,6,9,0,25,0,0,11,0,11,10,6,20,0,36,0,0,0,36
05/25/2020,ATW,WI,AGL,CE,Federal Contract Tower,1,7,10,0,18,0,0,35,0,35,1,7,45,0,53,60,0,60,113
05/26/2020,ATW,WI,AGL,CE,Federal Contract Tower,5,10,18,0,33,0,0,17,0,17,5,10,35,0,50,2,0,2,52
05/27/2020,ATW,WI,AGL,CE,Federal Contract Tower,6,11,14,1,32,0,1,26,2,29,6,12,40,3,61,42,0,42,103
05/28/2020,ATW,WI,AGL,CE,Federal Contract Tower,12,10,21,0,43,0,0,0,0,0,12,10,21,0,43,2,0,2,45
05/29/2020,ATW,WI,AGL,CE,Federal Contract Tower,7,7,17,1,32,0,0,24,0,24,7,7,41,1,56,18,0,18,74
05/30/2020,ATW,WI,AGL,CE,Federal Contract Tower,5,6,12,0,23,0,0,33,0,33,5,6,45,0,56,16,0,16,72
05/31/2020,ATW,WI,AGL,CE,Federal Contract Tower,10,18,8,0,36,0,3,48,0,51,10,21,56,0,87,22,0,22,109
06/01/2020,ATW,WI,AGL,CE,Federal Contract Tower,6,16,11,0,33,0,0,12,0,12,6,16,23,0,45,0,0,0,45
06/02/2020,ATW,WI,AGL,CE,Federal Contract Tower,4,12,15,0,31,0,0,23,0,23,4,12,38,0,54,26,0,26,80
06/03/2020,ATW,WI,AGL,CE,Federal Contract Tower,6,23,5,0,34,0,0,31,2,33,6,23,36,2,67,42,0,42,109
06/04/2020,ATW,WI,AGL,CE,Federal Contract Tower,8,12,17,0,37,0,0,39,0,39,8,12,56,0,76,28,0,28,104
06/05/2020,ATW,WI,AGL,CE,Federal Contract Tower,5,12,13,0,30,0,0,19,0,19,5,12,32,0,49,58,0,58,107
06/06/2020,ATW,WI,AGL,CE,Federal Contract Tower,3,8,6,0,17,0,0,52,0,52,3,8,58,0,69,26,0,26,95
06/07/2020,ATW,WI,AGL,CE,Federal Contract Tower,8,11,12,0,31,0,0,27,0,27,8,11,39,0,58,18,0,18,76
06/08/2020,ATW,WI,AGL,CE,Federal Contract Tower,4,15,25,0,44,0,0,42,0,42,4,15,67,0,86,66,0,66,152
06/09/2020,ATW,WI,AGL,CE,Federal Contract Tower,4,15,5,0,24,0,0,25,0,25,4,15,30,0,49,44,0,44,93
06/10/2020,ATW,WI,AGL,CE,Federal Contract Tower,6,14,6,0,26,0,0,9,0,9,6,14,15,0,35,22,0,22,57
06/11/2020,ATW,WI,AGL,CE,Federal Contract Tower,8,22,15,0,45,0,0,12,0,12,8,22,27,0,57,4,0,4,61
06/12/2020,ATW,WI,AGL,CE,Federal Contract Tower,5,13,27,0,45,0,3,52,0,55,5,16,79,0,100,72,0,72,172
06/13/2020,ATW,WI,AGL,CE,Federal Contract Tower,3,14,9,0,26,0,0,40,0,40,3,14,49,0,66,28,0,28,94
06/14/2020,ATW,WI,AGL,CE,Federal Contract Tower,6,12,11,0,29,0,0,48,0,48,6,12,59,0,77,22,0,22,99
06/15/2020,ATW,WI,AGL,CE,Federal Contract Tower,5,19,12,0,36,0,0,42,0,42,5,19,54,0,78,64,0,64,142
06/16/2020,ATW,WI,AGL,CE,Federal Contract Tower,4,14,15,0,33,0,1,28,0,29,4,15,43,0,62,18,0,18,80
06/17/2020,ATW,WI,AGL,CE,Federal Contract Tower,6,15,13,0,34,0,0,31,0,31,6,15,44,0,65,34,0,34,99
06/18/2020,ATW,WI,AGL,CE,Federal Contract Tower,8,16,14,0,38,0,0,32,0,32,8,16,46,0,70,90,0,90,160
06/19/2020,ATW,WI,AGL,CE,Federal Contract Tower,5,10,11,0,26,0,0,34,0,34,5,10,45,0,60,44,0,44,104
06/20/2020,ATW,WI,AGL,CE,Federal Contract Tower,3,8,10,0,21,0,0,1,0,1,3,8,11,0,22,0,0,0,22
06/21/2020,ATW,WI,AGL,CE,Federal Contract Tower,5,12,9,0,26,0,0,16,0,16,5,12,25,0,42,8,0,8,50
06/22/2020,ATW,WI,AGL,CE,Federal Contract Tower,4,20,13,0,37,0,0,0,0,0,4,20,13,0,37,0,0,0,37
06/23/2020,ATW,WI,AGL,CE,Federal Contract Tower,6,16,18,1,41,0,0,30,0,30,6,16,48,1,71,48,0,48,119
06/24/2020,ATW,WI,AGL,CE,Federal Contract Tower,6,14,18,0,38,0,0,31,0,31,6,14,49,0,69,38,0,38,107
06/25/2020,ATW,WI,AGL,CE,Federal Contract Tower,8,12,20,0,40,0,0,8,0,8,8,12,28,0,48,0,0,0,48
06/26/2020,ATW,WI,AGL,CE,Federal Contract Tower,6,11,16,0,33,0,0,15,0,15,6,11,31,0,48,12,0,12,60
06/27/2020,ATW,WI,AGL,CE,Federal Contract Tower,3,10,9,0,22,0,0,39,0,39,3,10,48,0,61,46,0,46,107
06/28/2020,ATW,WI,AGL,CE,Federal Contract Tower,6,12,10,0,28,0,0,29,0,29,6,12,39,0,57,14,0,14,71
06/29/2020,ATW,WI,AGL,CE,Federal Contract Tower,5,11,13,0,29,0,0,8,0,8,5,11,21,0,37,20,0,20,57
06/30/2020,ATW,WI,AGL,CE,Federal Contract Tower,4,12,18,0,34,0,0,42,0,42,4,12,60,0,76,92,0,92,168
07/01/2020,ATW,WI,AGL,CE,Federal Contract Tower,7,14,19,0,40,0,0,29,0,29,7,14,48,0,69,30,0,30,99
07/02/2020,ATW,WI,AGL,CE,Federal Contract Tower,10,21,20,0,51,0,0,42,0,42,10,21,62,0,93,94,0,94,187
07/03/2020,ATW,WI,AGL,CE,Federal Contract Tower,6,14,16,0,36,0,0,44,0,44,6,14,60,0,80,34,0,34,114
07/04/2020,ATW,WI,AGL,CE,Federal Contract Tower,2,9,5,0,16,0,0,23,0,23,2,9,28,0,39,30,0,30,69
07/05/2020,ATW,WI,AGL,CE,Federal Contract Tower,6,12,16,0,34,0,0,15,0,15,6,12,31,0,49,10,0,10,59
07/06/2020,ATW,WI,AGL,CE,Federal Contract Tower,4,16,17,0,37,0,0,26,0,26,4,16,43,0,63,58,0,58,121
07/07/2020,ATW,WI,AGL,CE,Federal Contract Tower,6,22,15,0,43,0,0,19,0,19,6,22,34,0,62,20,0,20,82
07/08/2020,ATW,WI,AGL,CE,Federal Contract Tower,6,25,16,0,47,0,0,45,0,45,6,25,61,0,92,60,0,60,152
07/09/2020,ATW,WI,AGL,CE,Federal Contract Tower,11,26,10,0,47,0,0,14,1,15,11,26,24,1,62,12,0,12,74
07/10/2020,ATW,WI,AGL,CE,Federal Contract Tower,7,28,12,0,47,0,0,18,0,18,7,28,30,0,65,20,0,20,85
07/11/2020,ATW,WI,AGL,CE,Federal Contract Tower,3,18,8,0,29,0,0,33,0,33,3,18,41,0,62,28,0,28,90
07/12/2020,ATW,WI,AGL,CE,Federal Contract Tower,6,23,12,0,41,0,0,43,0,43,6,23,55,0,84,22,0,22,106
07/13/2020,ATW,WI,AGL,CE,Federal Contract Tower,4,26,20,0,50,0,0,43,0,43,4,26,63,0,93,102,0,102,195
07/14/2020,ATW,WI,AGL,CE,Federal Contract Tower,6,24,5,0,35,0,0,19,0,19,6,24,24,0,54,24,0,24,78
07/15/2020,ATW,WI,AGL,CE,Federal Contract Tower,6,21,22,0,49,0,3,5,0,8,6,24,27,0,57,14,0,14,71
07/16/2020,ATW,WI,AGL,CE,Federal Contract Tower,9,28,26,0,63,0,0,36,0,36,9,28,62,0,99,64,0,64,163
07/17/2020,ATW,WI,AGL,CE,Federal Contract Tower,7,26,22,0,55,0,0,48,0,48,7,26,70,0,103,30,0,30,133
07/18/2020,ATW,WI,AGL,CE,Federal Contract Tower,4,19,5,0,28,0,0,5,0,5,4,19,10,0,33,10,0,10,43
07/19/2020,ATW,WI,AGL,CE,Federal Contract Tower,6,21,10,0,37,0,0,15,0,15,6,21,25,0,52,0,0,0,52
07/20/2020,ATW,WI,AGL,CE,Federal Contract Tower,4,28,25,0,57,0,0,44,0,44,4,28,69,0,101,74,0,74,175
07/21/2020,ATW,WI,AGL,CE,Federal Contract Tower,6,22,17,0,45,0,1,27,0,28,6,23,44,0,73,24,0,24,97
07/22/2020,ATW,WI,AGL,CE,Federal Contract Tower,6,28,18,0,52,0,0,34,0,34,6,28,52,0,86,28,0,28,114
07/23/2020,ATW,WI,AGL,CE,Federal Contract Tower,8,27,16,0,51,0,0,23,0,23,8,27,39,0,74,42,0,42,116
07/24/2020,ATW,WI,AGL,CE,Federal Contract Tower,8,28,18,0,54,0,0,40,0,40,8,28,58,0,94,18,0,18,112
07/25/2020,ATW,WI,AGL,CE,Federal Contract Tower,7,20,9,0,36,0,0,29,0,29,7,20,38,0,65,14,0,14,79
07/26/2020,ATW,WI,AGL,CE,Federal Contract Tower,9,27,8,0,44,0,0,10,0,10,9,27,18,0,54,12,0,12,66
07/27/2020,ATW,WI,AGL,CE,Federal Contract Tower,6,27,17,0,50,0,4,31,0,35,6,31,48,0,85,12,0,12,97
07/28/2020,ATW,WI,AGL,CE,Federal Contract Tower,8,25,20,0,53,0,0,20,2,22,8,25,40,2,75,28,0,28,103
07/29/2020,ATW,WI,AGL,CE,Federal Contract Tower,10,21,10,0,41,0,0,41,0,41,10,21,51,0,82,20,0,20,102
07/30/2020,ATW,WI,AGL,CE,Federal Contract Tower,13,27,25,0,65,0,0,38,0,38,13,27,63,0,103,44,0,44,147
07/31/2020,ATW,WI,AGL,CE,Federal Contract Tower,9,25,15,0,49,0,0,48,0,48,9,25,63,0,97,22,0,22,119
08/01/2020,ATW,WI,AGL,CE,Federal Contract Tower,15,17,10,0,42,0,0,37,0,37,15,17,47,0,79,18,0,18,97
08/02/2020,ATW,WI,AGL,CE,Federal Contract Tower,18,15,14,0,47,0,0,5,0,5,18,15,19,0,52,2,0,2,54
08/03/2020,ATW,WI,AGL,CE,Federal Contract Tower,17,21,29,0,67,0,0,29,0,29,17,21,58,0,96,36,0,36,132
08/04/2020,ATW,WI,AGL,CE,Federal Contract Tower,16,21,20,0,57,0,0,45,0,45,16,21,65,0,102,64,0,64,166
08/05/2020,ATW,WI,AGL,CE,Federal Contract Tower,18,19,12,0,49,0,0,37,0,37,18,19,49,0,86,46,0,46,132
08/06/2020,ATW,WI,AGL,CE,Federal Contract Tower,20,23,16,0,59,0,0,32,0,32,20,23,48,0,91,50,0,50,141
08/07/2020,ATW,WI,AGL,CE,Federal Contract Tower,16,20,18,0,54,0,0,45,0,45,16,20,63,0,99,14,0,14,113
08/08/2020,ATW,WI,AGL,CE,Federal Contract Tower,15,15,1,0,31,0,0,0,0,0,15,15,1,0,31,0,0,0,31
08/09/2020,ATW,WI,AGL,CE,Federal Contract Tower,18,18,13,0,49,0,0,7,0,7,18,18,20,0,56,2,0,2,58
08/10/2020,ATW,WI,AGL,CE,Federal Contract Tower,14,19,24,1,58,0,1,12,0,13,14,20,36,1,71,40,0,40,111
08/11/2020,ATW,WI,AGL,CE,Federal Contract Tower,16,26,20,0,62,0,0,39,0,39,16,26,59,0,101,20,0,20,121
08/12/2020,ATW,WI,AGL,CE,Federal Contract Tower,18,17,12,0,47,0,9,36,0,45,18,26,48,0,92,23,0,23,115
08/13/2020,ATW,WI,AGL,CE,Federal Contract Tower,19,20,21,0,60,0,0,42,0,42,19,20,63,0,102,66,0,66,168
08/14/2020,ATW,WI,AGL,CE,Federal Contract Tower,17,22,25,2,66,0,0,44,2,46,17,22,69,4,112,38,0,38,150
08/15/2020,ATW,WI,AGL,CE,Federal Contract Tower,16,15,13,0,44,0,0,21,0,21,16,15,34,0,65,24,0,24,89
08/16/2020,ATW,WI,AGL,CE,Federal Contract Tower,18,18,12,4,52,0,0,41,0,41,18,18,53,4,93,16,0,16,109
08/17/2020,ATW,WI,AGL,CE,Federal Contract Tower,16,22,22,0,60,0,0,21,1,22,16,22,43,1,82,28,0,28,110
08/18/2020,ATW,WI,AGL,CE,Federal Contract Tower,14,18,20,2,54,0,3,26,0,29,14,21,46,2,83,4,0,4,87
08/19/2020,ATW,WI,AGL,CE,Federal Contract Tower,17,23,19,0,59,0,0,38,0,38,17,23,57,0,97,18,0,18,115
08/20/2020,ATW,WI,AGL,CE,Federal Contract Tower,20,21,13,0,54,0,0,25,0,25,20,21,38,0,79,38,0,38,117
08/21/2020,ATW,WI,AGL,CE,Federal Contract Tower,15,25,12,0,52,0,0,36,0,36,15,25,48,0,88,66,0,66,154
08/22/2020,ATW,WI,AGL,CE,Federal Contract Tower,17,15,3,0,35,0,0,20,0,20,17,15,23,0,55,52,0,52,107
08/23/2020,ATW,WI,AGL,CE,Federal Contract Tower,18,18,18,0,54,0,0,25,0,25,18,18,43,0,79,10,0,10,89
08/24/2020,ATW,WI,AGL,CE,Federal Contract Tower,10,20,10,0,40,0,0,22,0,22,10,20,32,0,62,26,0,26,88
08/25/2020,ATW,WI,AGL,CE,Federal Contract Tower,12,25,15,0,52,0,0,19,0,19,12,25,34,0,71,22,0,22,93
08/26/2020,ATW,WI,AGL,CE,Federal Contract Tower,17,24,13,0,54,0,0,36,0,36,17,24,49,0,90,4,0,4,94
08/27/2020,ATW,WI,AGL,CE,Federal Contract Tower,20,30,23,0,73,0,0,21,0,21,20,30,44,0,94,4,0,4,98
08/28/2020,ATW,WI,AGL,CE,Federal Contract Tower,14,16,14,0,44,0,0,6,0,6,14,16,20,0,50,14,0,14,64
08/29/2020,ATW,WI,AGL,CE,Federal Contract Tower,17,14,15,0,46,0,0,31,0,31,17,14,46,0,77,32,0,32,109
08/30/2020,ATW,WI,AGL,CE,Federal Contract Tower,15,18,20,0,53,0,0,54,0,54,15,18,74,0,107,16,0,16,123
08/31/2020,ATW,WI,AGL,CE,Federal Contract Tower,12,18,29,0,59,0,0,17,0,17,12,18,46,0,76,28,0,28,104
09/01/2020,ATW,WI,AGL,CE,Federal Contract Tower,14,13,8,0,35,0,0,19,0,19,14,13,27,0,54,30,0,30,84
09/02/2020,ATW,WI,AGL,CE,Federal Contract Tower,17,18,13,0,48,0,0,20,0,20,17,18,33,0,68,28,0,28,96
09/03/2020,ATW,WI,AGL,CE,Federal Contract Tower,20,20,13,0,53,0,0,7,0,7,20,20,20,0,60,2,0,2,62
09/04/2020,ATW,WI,AGL,CE,Federal Contract Tower,14,22,21,0,57,0,0,27,0,27,14,22,48,0,84,26,0,26,110
09/05/2020,ATW,WI,AGL,CE,Federal Contract Tower,15,13,2,0,30,0,0,46,0,46,15,13,48,0,76,40,0,40,116
09/06/2020,ATW,WI,AGL,CE,Federal Contract Tower,18,15,2,0,35,0,2,1,0,3,18,17,3,0,38,0,0,0,38
09/07/2020,ATW,WI,AGL,CE,Federal Contract Tower,11,20,4,0,35,0,0,38,0,38,11,20,42,0,73,10,0,10,83
09/08/2020,ATW,WI,AGL,CE,Federal Contract Tower,13,20,12,0,45,0,0,4,0,4,13,20,16,0,49,4,0,4,53
09/09/2020,ATW,WI,AGL,CE,Federal Contract Tower,19,16,17,0,52,0,0,0,0,0,19,16,17,0,52,0,0,0,52
09/10/2020,ATW,WI,AGL,CE,Federal Contract Tower,22,15,18,0,55,0,0,13,0,13,22,15,31,0,68,42,0,42,110
09/11/2020,ATW,WI,AGL,CE,Federal Contract Tower,18,23,22,0,63,0,0,40,0,40,18,23,62,0,103,18,0,18,121
09/12/2020,ATW,WI,AGL,CE,Federal Contract Tower,17,15,10,0,42,0,0,0,0,0,17,15,10,0,42,0,0,0,42
09/13/2020,ATW,WI,AGL,CE,Federal Contract Tower,20,21,18,0,59,0,0,16,0,16,20,21,34,0,75,20,0,20,95
09/14/2020,ATW,WI,AGL,CE,Federal Contract Tower,14,18,28,0,60,0,0,35,0,35,14,18,63,0,95,24,0,24,119
09/15/2020,ATW,WI,AGL,CE,Federal Contract Tower,18,16,22,0,56,0,0,11,2,13,18,16,33,2,69,8,0,8,77
09/16/2020,ATW,WI,AGL,CE,Federal Contract Tower,19,12,15,0,46,0,0,18,0,18,19,12,33,0,64,56,0,56,120
09/17/2020,ATW,WI,AGL,CE,Federal Contract Tower,23,20,16,0,59,0,0,29,0,29,23,20,45,0,88,40,0,40,128
09/18/2020,ATW,WI,AGL,CE,Federal Contract Tower,16,19,18,0,53,0,0,34,0,34,16,19,52,0,87,20,0,20,107
09/19/2020,ATW,WI,AGL,CE,Federal Contract Tower,17,13,6,0,36,0,0,41,0,41,17,13,47,0,77,26,0,26,103
09/20/2020,ATW,WI,AGL,CE,Federal Contract Tower,20,16,7,0,43,0,0,22,0,22,20,16,29,0,65,8,0,8,73
09/21/2020,ATW,WI,AGL,CE,Federal Contract Tower,15,18,15,0,48,0,0,30,0,30,15,18,45,0,78,24,0,24,102
09/22/2020,ATW,WI,AGL,CE,Federal Contract Tower,16,17,14,0,47,0,0,25,0,25,16,17,39,0,72,22,0,22,94
09/23/2020,ATW,WI,AGL,CE,Federal Contract Tower,18,17,4,1,40,0,0,28,0,28,18,17,32,1,68,8,0,8,76
09/24/2020,ATW,WI,AGL,CE,Federal Contract Tower,22,15,14,0,51,0,0,6,0,6,22,15,20,0,57,4,0,4,61
09/25/2020,ATW,WI,AGL,CE,Federal Contract Tower,16,18,18,0,52,0,0,23,2,25,16,18,41,2,77,16,0,16,93
09/26/2020,ATW,WI,AGL,CE,Federal Contract Tower,18,15,11,0,44,0,0,15,0,15,18,15,26,0,59,4,0,4,63
09/27/2020,ATW,WI,AGL,CE,Federal Contract Tower,20,17,11,0,48,0,0,9,0,9,20,17,20,0,57,0,0,0,57
09/28/2020,ATW,WI,AGL,CE,Federal Contract Tower,14,16,15,4,49,0,0,6,0,6,14,16,21,4,55,2,0,2,57
09/29/2020,ATW,WI,AGL,CE,Federal Contract Tower,15,17,13,2,47,0,0,5,0,5,15,17,18,2,52,0,0,0,52
09/30/2020,ATW,WI,AGL,CE,Federal Contract Tower,18,18,18,0,54,0,0,12,0,12,18,18,30,0,66,16,0,16,82
10/01/2020,ATW,WI,AGL,CE,Federal Contract Tower,23,16,22,0,61,0,0,35,0,35,23,16,57,0,96,28,0,28,124
10/02/2020,ATW,WI,AGL,CE,Federal Contract Tower,16,22,6,1,45,0,0,29,0,29,16,22,35,1,74,30,6,36,110
10/03/2020,ATW,WI,AGL,CE,Federal Contract Tower,18,13,7,0,38,0,0,8,0,8,18,13,15,0,46,14,0,14,60
10/04/2020,ATW,WI,AGL,CE,Federal Contract Tower,20,15,19,0,54,0,2,27,0,29,20,17,46,0,83,20,0,20,103
10/05/2020,ATW,WI,AGL,CE,Federal Contract Tower,16,17,20,0,53,0,1,20,0,21,16,18,40,0,74,30,0,30,104
10/06/2020,ATW,WI,AGL,CE,Federal Contract Tower,17,14,14,2,47,0,0,35,0,35,17,14,49,2,82,60,0,60,142
10/07/2020,ATW,WI,AGL,CE,Federal Contract Tower,21,7,6,0,34,0,0,23,0,23,21,7,29,0,57,20,0,20,77
10/08/2020,ATW,WI,AGL,CE,Federal Contract Tower,22,18,12,0,52,0,0,41,0,41,22,18,53,0,93,110,0,110,203
10/09/2020,ATW,WI,AGL,CE,Federal Contract Tower,16,19,10,0,45,0,0,9,0,9,16,19,19,0,54,8,0,8,62
10/10/2020,ATW,WI,AGL,CE,Federal Contract Tower,19,8,9,0,36,0,0,31,0,31,19,8,40,0,67,66,0,66,133
10/11/2020,ATW,WI,AGL,CE,Federal Contract Tower,20,14,12,0,46,0,0,10,0,10,20,14,22,0,56,14,0,14,70
10/12/2020,ATW,WI,AGL,CE,Federal Contract Tower,14,16,16,0,46,0,6,0,0,6,14,22,16,0,52,20,0,20,72
10/13/2020,ATW,WI,AGL,CE,Federal Contract Tower,16,20,11,0,47,0,0,23,0,23,16,20,34,0,70,18,0,18,88
10/14/2020,ATW,WI,AGL,CE,Federal Contract Tower,21,12,13,0,46,0,0,13,0,13,21,12,26,0,59,0,0,0,59
10/15/2020,ATW,WI,AGL,CE,Federal Contract Tower,22,21,14,0,57,0,0,25,0,25,22,21,39,0,82,18,0,18,100
10/16/2020,ATW,WI,AGL,CE,Federal Contract Tower,15,15,13,0,43,0,0,30,0,30,15,15,43,0,73,8,0,8,81
10/17/2020,ATW,WI,AGL,CE,Federal Contract Tower,18,12,9,0,39,0,0,0,0,0,18,12,9,0,39,0,0,0,39
10/18/2020,ATW,WI,AGL,CE,Federal Contract Tower,20,12,22,0,54,0,0,26,0,26,20,12,48,0,80,40,0,40,120
10/19/2020,ATW,WI,AGL,CE,Federal Contract Tower,14,13,19,0,46,0,0,22,0,22,14,13,41,0,68,10,0,10,78
10/20/2020,ATW,WI,AGL,CE,Federal Contract Tower,16,12,4,0,32,0,0,19,0,19,16,12,23,0,51,30,0,30,81
10/21/2020,ATW,WI,AGL,CE,Federal Contract Tower,21,18,18,0,57,0,0,13,0,13,21,18,31,0,70,14,0,14,84
10/22/2020,ATW,WI,AGL,CE,Federal Contract Tower,22,14,13,0,49,0,0,0,0,0,22,14,13,0,49,0,0,0,49
10/23/2020,ATW,WI,AGL,CE,Federal Contract Tower,16,19,14,0,49,0,0,3,0,3,16,19,17,0,52,0,0,0,52
10/24/2020,ATW,WI,AGL,CE,Federal Contract Tower,22,15,11,0,48,0,0,34,0,34,22,15,45,0,82,36,0,36,118
10/25/2020,ATW,WI,AGL,CE,Federal Contract Tower,21,16,7,0,44,0,0,25,0,25,21,16,32,0,69,54,0,54,123
10/26/2020,ATW,WI,AGL,CE,Federal Contract Tower,14,15,22,0,51,0,0,26,0,26,14,15,48,0,77,86,0,86,163
10/27/2020,ATW,WI,AGL,CE,Federal Contract Tower,15,15,14,0,44,0,0,31,0,31,15,15,45,0,75,22,0,22,97
10/28/2020,ATW,WI,AGL,CE,Federal Contract Tower,21,8,14,0,43,0,0,32,0,32,21,8,46,0,75,36,0,36,111
10/29/2020,ATW,WI,AGL,CE,Federal Contract Tower,22,12,19,0,53,0,0,29,0,29,22,12,48,0,82,22,0,22,104
10/30/2020,ATW,WI,AGL,CE,Federal Contract Tower,18,23,22,0,63,0,0,26,0,26,18,23,48,0,89,0,40,40,129
10/31/2020,ATW,WI,AGL,CE,Federal Contract Tower,20,5,4,0,29,0,0,5,2,7,20,5,9,2,36,0,0,0,36
11/01/2020,ATW,WI,AGL,CE,Federal Contract Tower,19,14,18,0,51,0,0,2,0,2,19,14,20,0,53,0,0,0,53
11/02/2020,ATW,WI,AGL,CE,Federal Contract Tower,12,17,14,0,43,0,0,25,0,25,12,17,39,0,68,28,0,28,96
11/03/2020,ATW,WI,AGL,CE,Federal Contract Tower,16,9,7,0,32,0,0,36,0,36,16,9,43,0,68,10,0,10,78
11/04/2020,ATW,WI,AGL,CE,Federal Contract Tower,22,13,16,0,51,0,0,24,0,24,22,13,40,0,75,46,0,46,121
11/05/2020,ATW,WI,AGL,CE,Federal Contract Tower,24,18,16,2,60,0,0,54,0,54,24,18,70,2,114,28,0,28,142
11/06/2020,ATW,WI,AGL,CE,Federal Contract Tower,19,20,8,2,49,0,0,48,0,48,19,20,56,2,97,28,0,28,125
11/07/2020,ATW,WI,AGL,CE,Federal Contract Tower,19,10,7,0,36,0,0,23,0,23,19,10,30,0,59,6,0,6,65
11/08/2020,ATW,WI,AGL,CE,Federal Contract Tower,21,13,10,0,44,0,0,32,0,32,21,13,42,0,76,28,0,28,104
11/09/2020,ATW,WI,AGL,CE,Federal Contract Tower,15,17,11,0,43,0,0,16,0,16,15,17,27,0,59,12,0,12,71
11/10/2020,ATW,WI,AGL,CE,Federal Contract Tower,18,4,4,0,26,0,0,0,0,0,18,4,4,0,26,0,0,0,26
11/11/2020,ATW,WI,AGL,CE,Federal Contract Tower,22,10,10,0,42,0,0,28,0,28,22,10,38,0,70,26,0,26,96
11/12/2020,ATW,WI,AGL,CE,Federal Contract Tower,24,12,14,2,52,0,0,39,0,39,24,12,53,2,91,80,0,80,171
11/13/2020,ATW,WI,AGL,CE,Federal Contract Tower,18,20,12,0,50,0,0,36,0,36,18,20,48,0,86,26,0,26,112
11/14/2020,ATW,WI,AGL,CE,Federal Contract Tower,20,7,1,0,28,0,0,14,0,14,20,7,15,0,42,10,0,10,52
11/15/2020,ATW,WI,AGL,CE,Federal Contract Tower,22,12,4,0,38,0,0,0,0,0,22,12,4,0,38,0,0,0,38
11/16/2020,ATW,WI,AGL,CE,Federal Contract Tower,16,16,26,0,58,0,0,15,0,15,16,16,41,0,73,18,0,18,91
11/17/2020,ATW,WI,AGL,CE,Federal Contract Tower,18,7,11,0,36,0,0,37,0,37,18,7,48,0,73,98,0,98,171
11/18/2020,ATW,WI,AGL,CE,Federal Contract Tower,21,8,9,0,38,0,0,15,0,15,21,8,24,0,53,18,0,18,71
11/19/2020,ATW,WI,AGL,CE,Federal Contract Tower,26,21,24,0,71,0,0,30,0,30,26,21,54,0,101,46,0,46,147
11/20/2020,ATW,WI,AGL,CE,Federal Contract Tower,18,15,17,0,50,0,0,15,0,15,18,15,32,0,65,4,0,4,69
11/21/2020,ATW,WI,AGL,CE,Federal Contract Tower,21,9,6,0,36,0,0,53,0,53,21,9,59,0,89,22,0,22,111
11/22/2020,ATW,WI,AGL,CE,Federal Contract Tower,24,13,8,0,45,0,0,29,0,29,24,13,37,0,74,22,0,22,96
11/23/2020,ATW,WI,AGL,CE,Federal Contract Tower,17,11,13,0,41,0,2,41,0,43,17,13,54,0,84,40,0,40,124
11/24/2020,ATW,WI,AGL,CE,Federal Contract Tower,27,18,3,0,48,0,0,0,0,0,27,18,3,0,48,0,0,0,48
11/25/2020,ATW,WI,AGL,CE,Federal Contract Tower,24,11,13,0,48,0,0,0,0,0,24,11,13,0,48,0,0,0,48
11/26/2020,ATW,WI,AGL,CE,Federal Contract Tower,11,5,28,0,44,0,0,1,0,1,11,5,29,0,45,0,0,0,45
11/27/2020,ATW,WI,AGL,CE,Federal Contract Tower,14,3,1,0,18,0,0,12,0,12,14,3,13,0,30,22,0,22,52
11/28/2020,ATW,WI,AGL,CE,Federal Contract Tower,28,17,6,0,51,0,0,28,0,28,28,17,34,0,79,38,0,38,117
11/29/2020,ATW,WI,AGL,CE,Federal Contract Tower,18,21,11,0,50,0,0,16,0,16,18,21,27,0,66,6,0,6,72
11/30/2020,ATW,WI,AGL,CE,Federal Contract Tower,21,20,15,0,56,0,1,12,0,13,21,21,27,0,69,8,0,8,77
12/01/2020,ATW,WI,AGL,CE,Federal Contract Tower,21,14,11,0,46,0,0,35,0,35,21,14,46,0,81,88,0,88,169
12/02/2020,ATW,WI,AGL,CE,Federal Contract Tower,18,11,33,2,64,0,0,35,0,35,18,11,68,2,99,70,0,70,169
12/03/2020,ATW,WI,AGL,CE,Federal Contract Tower,21,22,11,0,54,0,0,16,0,16,21,22,27,0,70,2,0,2,72
12/04/2020,ATW,WI,AGL,CE,Federal Contract Tower,16,19,0,0,35,0,0,36,0,36,16,19,36,0,71,16,0,16,87
12/05/2020,ATW,WI,AGL,CE,Federal Contract Tower,13,11,8,0,32,0,0,24,0,24,13,11,32,0,56,22,0,22,78
12/06/2020,ATW,WI,AGL,CE,Federal Contract Tower,15,26,18,0,59,0,0,19,0,19,15,26,37,0,78,20,0,20,98
12/07/2020,ATW,WI,AGL,CE,Federal Contract Tower,8,26,18,0,52,0,0,13,0,13,8,26,31,0,65,34,0,34,99
12/08/2020,ATW,WI,AGL,CE,Federal Contract Tower,12,13,10,0,35,0,0,1,0,1,12,13,11,0,36,0,0,0,36
12/09/2020,ATW,WI,AGL,CE,Federal Contract Tower,17,21,16,0,54,0,0,48,0,48,17,21,64,0,102,68,0,68,170
12/10/2020,ATW,WI,AGL,CE,Federal Contract Tower,20,21,12,0,53,0,0,41,0,41,20,21,53,0,94,54,0,54,148
12/11/2020,ATW,WI,AGL,CE,Federal Contract Tower,11,22,7,0,40,0,0,0,0,0,11,22,7,0,40,0,0,0,40
12/12/2020,ATW,WI,AGL,CE,Federal Contract Tower,14,10,1,0,25,0,0,0,0,0,14,10,1,0,25,0,0,0,25
12/13/2020,ATW,WI,AGL,CE,Federal Contract Tower,14,19,5,0,38,0,0,1,0,1,14,19,6,0,39,0,0,0,39
12/14/2020,ATW,WI,AGL,CE,Federal Contract Tower,10,18,21,0,49,0,0,32,0,32,10,18,53,0,81,74,0,74,155
12/15/2020,ATW,WI,AGL,CE,Federal Contract Tower,13,13,23,2,51,0,0,25,0,25,13,13,48,2,76,14,0,14,90
12/16/2020,ATW,WI,AGL,CE,Federal Contract Tower,13,12,6,2,33,0,0,25,0,25,13,12,31,2,58,100,0,100,158
12/17/2020,ATW,WI,AGL,CE,Federal Contract Tower,21,22,13,4,60,0,0,17,0,17,21,22,30,4,77,2,0,2,79
12/18/2020,ATW,WI,AGL,CE,Federal Contract Tower,11,31,16,0,58,0,0,36,0,36,11,31,52,0,94,54,0,54,148
12/19/2020,ATW,WI,AGL,CE,Federal Contract Tower,13,23,2,1,39,0,0,0,0,0,13,23,2,1,39,0,0,0,39
12/20/2020,ATW,WI,AGL,CE,Federal Contract Tower,17,26,16,0,59,0,0,30,0,30,17,26,46,0,89,0,0,0,89
12/21/2020,ATW,WI,AGL,CE,Federal Contract Tower,13,28,17,0,58,0,0,0,0,0,13,28,17,0,58,0,0,0,58
12/22/2020,ATW,WI,AGL,CE,Federal Contract Tower,20,26,22,2,70,0,11,41,0,52,20,37,63,2,122,84,0,84,206
12/23/2020,ATW,WI,AGL,CE,Federal Contract Tower,19,18,11,0,48,0,0,7,0,7,19,18,18,0,55,0,0,0,55
12/24/2020,ATW,WI,AGL,CE,Federal Contract Tower,19,9,7,0,35,0,0,1,0,1,19,9,8,0,36,0,0,0,36
12/25/2020,ATW,WI,AGL,CE,Federal Contract Tower,9,9,3,0,21,0,0,2,0,2,9,9,5,0,23,0,0,0,23
12/26/2020,ATW,WI,AGL,CE,Federal Contract Tower,16,24,13,0,53,0,0,20,0,20,16,24,33,0,73,46,0,46,119
12/27/2020,ATW,WI,AGL,CE,Federal Contract Tower,16,20,11,0,47,0,0,5,0,5,16,20,16,0,52,18,0,18,70
12/28/2020,ATW,WI,AGL,CE,Federal Contract Tower,15,21,12,0,48,0,2,32,0,34,15,23,44,0,82,28,0,28,110
12/29/2020,ATW,WI,AGL,CE,Federal Contract Tower,16,22,9,0,47,0,0,13,0,13,16,22,22,0,60,12,0,12,72
12/30/2020,ATW,WI,AGL,CE,Federal Contract Tower,17,22,6,0,45,0,0,0,0,0,17,22,6,0,45,0,0,0,45
12/31/2020,ATW,WI,AGL,CE,Federal Contract Tower,16,15,11,0,42,0,0,19,0,19,16,15,30,0,61,22,0,22,83
01/01/2021,ATW,WI,AGL,CE,Federal Contract Tower,9,13,5,0,27,0,0,0,0,0,9,13,5,0,27,0,0,0,27
01/02/2021,ATW,WI,AGL,CE,Federal Contract Tower,13,22,9,0,44,0,0,0,0,0,13,22,9,0,44,0,0,0,44
01/03/2021,ATW,WI,AGL,CE,Federal Contract Tower,19,24,6,0,49,0,0,0,0,0,19,24,6,0,49,0,0,0,49
01/04/2021,ATW,WI,AGL,CE,Federal Contract Tower,12,27,10,0,49,0,0,0,0,0,12,27,10,0,49,0,0,0,49
01/05/2021,ATW,WI,AGL,CE,Federal Contract Tower,5,15,14,0,34,0,0,0,0,0,5,15,14,0,34,0,0,0,34
01/06/2021,ATW,WI,AGL,CE,Federal Contract Tower,11,14,4,0,29,0,0,0,0,0,11,14,4,0,29,0,0,0,29
01/07/2021,ATW,WI,AGL,CE,Federal Contract Tower,11,27,4,0,42,0,0,15,0,15,11,27,19,0,57,46,0,46,103
01/08/2021,ATW,WI,AGL,CE,Federal Contract Tower,6,32,17,0,55,0,0,12,0,12,6,32,29,0,67,80,0,80,147
01/09/2021,ATW,WI,AGL,CE,Federal Contract Tower,9,25,7,0,41,0,0,14,0,14,9,25,21,0,55,72,0,72,127
01/10/2021,ATW,WI,AGL,CE,Federal Contract Tower,10,27,16,0,53,0,0,0,0,0,10,27,16,0,53,0,0,0,53
01/11/2021,ATW,WI,AGL,CE,Federal Contract Tower,5,27,14,0,46,0,0,11,0,11,5,27,25,0,57,6,0,6,63
01/12/2021,ATW,WI,AGL,CE,Federal Contract Tower,6,19,7,3,35,0,0,2,0,2,6,19,9,3,37,14,0,14,51
01/13/2021,ATW,WI,AGL,CE,Federal Contract Tower,11,24,19,0,54,0,0,37,0,37,11,24,56,0,91,40,0,40,131
01/14/2021,ATW,WI,AGL,CE,Federal Contract Tower,12,31,8,0,51,0,0,0,0,0,12,31,8,0,51,0,0,0,51
01/15/2021,ATW,WI,AGL,CE,Federal Contract Tower,6,25,8,0,39,0,0,0,0,0,6,25,8,0,39,0,0,0,39
01/16/2021,ATW,WI,AGL,CE,Federal Contract Tower,9,21,4,0,34,0,0,4,0,4,9,21,8,0,38,8,0,8,46
01/17/2021,ATW,WI,AGL,CE,Federal Contract Tower,9,23,4,0,36,0,0,11,0,11,9,23,15,0,47,6,0,6,53
01/18/2021,ATW,WI,AGL,CE,Federal Contract Tower,4,22,19,0,45,0,0,8,0,8,4,22,27,0,53,38,0,38,91
01/19/2021,ATW,WI,AGL,CE,Federal Contract Tower,4,17,11,0,32,0,0,16,0,16,4,17,27,0,48,36,0,36,84
01/20/2021,ATW,WI,AGL,CE,Federal Contract Tower,13,18,14,0,45,0,0,17,0,17,13,18,31,0,62,28,0,28,90
01/21/2021,ATW,WI,AGL,CE,Federal Contract Tower,12,32,10,0,54,0,0,7,0,7,12,32,17,0,61,0,0,0,61
01/22/2021,ATW,WI,AGL,CE,Federal Contract Tower,6,31,27,0,64,0,0,38,0,38,6,31,65,0,102,20,0,20,122
01/23/2021,ATW,WI,AGL,CE,Federal Contract Tower,7,21,9,0,37,0,0,39,0,39,7,21,48,0,76,20,0,20,96
01/24/2021,ATW,WI,AGL,CE,Federal Contract Tower,10,27,6,2,45,0,0,2,0,2,10,27,8,2,47,10,0,10,57
01/25/2021,ATW,WI,AGL,CE,Federal Contract Tower,4,29,5,0,38,0,0,21,0,21,4,29,26,0,59,64,0,64,123
01/26/2021,ATW,WI,AGL,CE,Federal Contract Tower,6,22,6,1,35,0,0,11,0,11,6,22,17,1,46,34,0,34,80
01/27/2021,ATW,WI,AGL,CE,Federal Contract Tower,11,23,9,0,43,0,0,24,0,24,11,23,33,0,67,10,0,10,77
01/28/2021,ATW,WI,AGL,CE,Federal Contract Tower,12,30,23,0,65,0,0,19,0,19,12,30,42,0,84,12,0,12,96
01/29/2021,ATW,WI,AGL,CE,Federal Contract Tower,7,32,19,2,60,0,0,33,0,33,7,32,52,2,93,84,0,84,177
01/30/2021,ATW,WI,AGL,CE,Federal Contract Tower,9,19,8,0,36,0,0,11,0,11,9,19,19,0,47,10,0,10,57
01/31/2021,ATW,WI,AGL,CE,Federal Contract Tower,9,22,6,0,37,0,0,0,0,0,9,22,6,0,37,0,0,0,37
02/01/2021,ATW,WI,AGL,CE,Federal Contract Tower,5,26,9,0,40,0,0,30,0,30,5,26,39,0,70,26,0,26,96
02/02/2021,ATW,WI,AGL,CE,Federal Contract Tower,8,18,9,0,35,0,2,37,2,41,8,20,46,2,76,34,8,42,118
02/03/2021,ATW,WI,AGL,CE,Federal Contract Tower,12,22,20,1,55,0,0,39,0,39,12,22,59,1,94,46,0,46,140
02/04/2021,ATW,WI,AGL,CE,Federal Contract Tower,10,19,3,0,32,0,0,2,0,2,10,19,5,0,34,0,0,0,34
02/05/2021,ATW,WI,AGL,CE,Federal Contract Tower,7,36,5,0,48,0,0,0,0,0,7,36,5,0,48,0,0,0,48
02/06/2021,ATW,WI,AGL,CE,Federal Contract Tower,9,17,3,0,29,0,0,8,0,8,9,17,11,0,37,28,0,28,65
02/07/2021,ATW,WI,AGL,CE,Federal Contract Tower,10,23,5,0,38,0,0,4,0,4,10,23,9,0,42,0,0,0,42
02/08/2021,ATW,WI,AGL,CE,Federal Contract Tower,6,25,16,0,47,0,0,12,0,12,6,25,28,0,59,10,0,10,69
02/09/2021,ATW,WI,AGL,CE,Federal Contract Tower,8,23,6,0,37,0,0,15,0,15,8,23,21,0,52,14,0,14,66
02/10/2021,ATW,WI,AGL,CE,Federal Contract Tower,9,22,15,4,50,0,0,12,0,12,9,22,27,4,62,0,0,0,62
02/11/2021,ATW,WI,AGL,CE,Federal Contract Tower,13,29,16,0,58,0,0,17,0,17,13,29,33,0,75,22,0,22,97
02/12/2021,ATW,WI,AGL,CE,Federal Contract Tower,7,30,10,0,47,0,0,31,0,31,7,30,41,0,78,6,0,6,84
02/13/2021,ATW,WI,AGL,CE,Federal Contract Tower,12,24,7,0,43,0,0,1,0,1,12,24,8,0,44,0,0,0,44
02/14/2021,ATW,WI,AGL,CE,Federal Contract Tower,12,20,11,0,43,0,0,9,0,9,12,20,20,0,52,2,0,2,54
02/15/2021,ATW,WI,AGL,CE,Federal Contract Tower,4,39,17,0,60,0,0,14,0,14,4,39,31,0,74,0,0,0,74
02/16/2021,ATW,WI,AGL,CE,Federal Contract Tower,9,22,13,0,44,0,0,21,0,21,9,22,34,0,65,26,0,26,91
02/17/2021,ATW,WI,AGL,CE,Federal Contract Tower,6,22,18,0,46,0,1,26,0,27,6,23,44,0,73,12,0,12,85
02/18/2021,ATW,WI,AGL,CE,Federal Contract Tower,13,28,12,0,53,0,0,9,0,9,13,28,21,0,62,14,0,14,76
02/19/2021,ATW,WI,AGL,CE,Federal Contract Tower,3,29,19,0,51,0,0,16,0,16,3,29,35,0,67,32,0,32,99
02/20/2021,ATW,WI,AGL,CE,Federal Contract Tower,19,24,13,0,56,0,0,47,0,47,19,24,60,0,103,46,0,46,149
02/21/2021,ATW,WI,AGL,CE,Federal Contract Tower,15,29,20,0,64,0,0,8,0,8,15,29,28,0,72,14,0,14,86
02/22/2021,ATW,WI,AGL,CE,Federal Contract Tower,7,25,9,0,41,0,0,3,0,3,7,25,12,0,44,0,0,0,44
02/23/2021,ATW,WI,AGL,CE,Federal Contract Tower,14,27,9,1,51,0,0,11,0,11,14,27,20,1,62,22,0,22,84
02/24/2021,ATW,WI,AGL,CE,Federal Contract Tower,10,18,18,0,46,0,0,17,0,17,10,18,35,0,63,30,0,30,93
02/25/2021,ATW,WI,AGL,CE,Federal Contract Tower,14,26,19,0,59,0,0,36,0,36,14,26,55,0,95,28,0,28,123
02/26/2021,ATW,WI,AGL,CE,Federal Contract Tower,8,28,23,0,59,0,0,25,0,25,8,28,48,0,84,20,0,20,104
02/27/2021,ATW,WI,AGL,CE,Federal Contract Tower,16,22,17,0,55,0,0,30,0,30,16,22,47,0,85,14,0,14,99
02/28/2021,ATW,WI,AGL,CE,Federal Contract Tower,13,30,11,2,56,0,0,0,0,0,13,30,11,2,56,0,0,0,56
03/01/2021,ATW,WI,AGL,CE,Federal Contract Tower,7,28,15,0,50,0,0,23,0,23,7,28,38,0,73,32,0,32,105
03/02/2021,ATW,WI,AGL,CE,Federal Contract Tower,16,25,14,0,55,0,0,5,0,5,16,25,19,0,60,6,0,6,66
03/03/2021,ATW,WI,AGL,CE,Federal Contract Tower,16,20,15,2,53,0,0,25,0,25,16,20,40,2,78,16,0,16,94
03/04/2021,ATW,WI,AGL,CE,Federal Contract Tower,16,27,17,0,60,0,1,31,0,32,16,28,48,0,92,34,0,34,126
03/05/2021,ATW,WI,AGL,CE,Federal Contract Tower,13,29,29,0,71,0,0,62,0,62,13,29,91,0,133,48,0,48,181
03/06/2021,ATW,WI,AGL,CE,Federal Contract Tower,13,26,12,1,52,0,1,63,0,64,13,27,75,1,116,82,0,82,198
03/07/2021,ATW,WI,AGL,CE,Federal Contract Tower,14,26,18,0,58,0,0,43,0,43,14,26,61,0,101,60,0,60,161
03/08/2021,ATW,WI,AGL,CE,Federal Contract Tower,11,37,12,0,60,0,0,33,0,33,11,37,45,0,93,58,0,58,151
03/09/2021,ATW,WI,AGL,CE,Federal Contract Tower,16,27,17,0,60,0,0,15,0,15,16,27,32,0,75,10,0,10,85
03/10/2021,ATW,WI,AGL,CE,Federal Contract Tower,16,24,11,0,51,0,0,0,0,0,16,24,11,0,51,2,0,2,53
03/11/2021,ATW,WI,AGL,CE,Federal Contract Tower,15,30,18,0,63,0,0,2,0,2,15,30,20,0,65,0,0,0,65
03/12/2021,ATW,WI,AGL,CE,Federal Contract Tower,12,29,13,0,54,0,0,25,0,25,12,29,38,0,79,48,0,48,127
03/13/2021,ATW,WI,AGL,CE,Federal Contract Tower,15,28,8,0,51,0,0,17,0,17,15,28,25,0,68,6,0,6,74
03/14/2021,ATW,WI,AGL,CE,Federal Contract Tower,15,30,3,0,48,0,0,29,0,29,15,30,32,0,77,6,0,6,83
03/15/2021,ATW,WI,AGL,CE,Federal Contract Tower,10,26,6,0,42,0,0,4,0,4,10,26,10,0,46,2,0,2,48
03/16/2021,ATW,WI,AGL,CE,Federal Contract Tower,15,26,8,0,49,0,0,2,0,2,15,26,10,0,51,4,0,4,55
03/17/2021,ATW,WI,AGL,CE,Federal Contract Tower,17,27,10,0,54,0,0,3,0,3,17,27,13,0,57,22,0,22,79
03/18/2021,ATW,WI,AGL,CE,Federal Contract Tower,16,29,21,0,66,0,0,3,0,3,16,29,24,0,69,8,0,8,77
03/19/2021,ATW,WI,AGL,CE,Federal Contract Tower,12,35,21,0,68,0,0,61,0,61,12,35,82,0,129,94,0,94,223
03/20/2021,ATW,WI,AGL,CE,Federal Contract Tower,15,28,9,0,52,0,0,38,0,38,15,28,47,0,90,24,0,24,114
03/21/2021,ATW,WI,AGL,CE,Federal Contract Tower,13,28,8,0,49,0,1,17,0,18,13,29,25,0,67,54,0,54,121
03/22/2021,ATW,WI,AGL,CE,Federal Contract Tower,11,27,12,0,50,0,0,24,0,24,11,27,36,0,74,38,0,38,112
03/23/2021,ATW,WI,AGL,CE,Federal Contract Tower,16,24,14,0,54,0,0,10,0,10,16,24,24,0,64,10,0,10,74
03/24/2021,ATW,WI,AGL,CE,Federal Contract Tower,16,30,17,2,65,0,0,0,0,0,16,30,17,2,65,0,0,0,65
03/25/2021,ATW,WI,AGL,CE,Federal Contract Tower,17,26,21,0,64,0,0,4,0,4,17,26,25,0,68,4,0,4,72
03/26/2021,ATW,WI,AGL,CE,Federal Contract Tower,12,32,16,0,60,0,0,15,0,15,12,32,31,0,75,40,0,40,115
03/27/2021,ATW,WI,AGL,CE,Federal Contract Tower,19,26,13,0,58,0,0,0,0,0,19,26,13,0,58,0,0,0,58
03/28/2021,ATW,WI,AGL,CE,Federal Contract Tower,13,30,9,0,52,0,0,16,0,16,13,30,25,0,68,36,0,36,104
03/29/2021,ATW,WI,AGL,CE,Federal Contract Tower,9,29,12,0,50,0,0,7,0,7,9,29,19,0,57,4,0,4,61
03/30/2021,ATW,WI,AGL,CE,Federal Contract Tower,16,26,7,0,49,0,0,15,0,15,16,26,22,0,64,0,0,0,64
03/31/2021,ATW,WI,AGL,CE,Federal Contract Tower,12,26,13,0,51,0,0,18,0,18,12,26,31,0,69,18,0,18,87
04/01/2021,ATW,WI,AGL,CE,Federal Contract Tower,16,38,21,0,75,0,0,52,0,52,16,38,73,0,127,64,0,64,191
04/02/2021,ATW,WI,AGL,CE,Federal Contract Tower,11,34,22,0,67,0,0,32,0,32,11,34,54,0,99,42,0,42,141
04/03/2021,ATW,WI,AGL,CE,Federal Contract Tower,19,32,10,0,61,0,0,57,0,57,19,32,67,0,118,38,0,38,156
04/04/2021,ATW,WI,AGL,CE,Federal Contract Tower,13,33,16,0,62,0,0,19,0,19,13,33,35,0,81,0,0,0,81
04/05/2021,ATW,WI,AGL,CE,Federal Contract Tower,11,36,16,0,63,0,0,45,0,45,11,36,61,0,108,114,0,114,222
04/06/2021,ATW,WI,AGL,CE,Federal Contract Tower,11,27,9,0,47,0,0,19,0,19,11,27,28,0,66,34,0,34,100
04/07/2021,ATW,WI,AGL,CE,Federal Contract Tower,11,31,20,0,62,0,0,28,0,28,11,31,48,0,90,22,0,22,112
04/08/2021,ATW,WI,AGL,CE,Federal Contract Tower,15,35,17,0,67,0,0,0,0,0,15,35,17,0,67,0,0,0,67
04/09/2021,ATW,WI,AGL,CE,Federal Contract Tower,10,38,15,0,63,0,0,2,0,2,10,38,17,0,65,6,0,6,71
04/10/2021,ATW,WI,AGL,CE,Federal Contract Tower,14,28,14,0,56,0,0,1,0,1,14,28,15,0,57,2,0,2,59
04/11/2021,ATW,WI,AGL,CE,Federal Contract Tower,13,32,21,0,66,0,0,6,0,6,13,32,27,0,72,8,0,8,80
04/12/2021,ATW,WI,AGL,CE,Federal Contract Tower,7,39,24,0,70,0,0,9,0,9,7,39,33,0,79,12,0,12,91
04/13/2021,ATW,WI,AGL,CE,Federal Contract Tower,13,28,12,0,53,0,2,19,0,21,13,30,31,0,74,52,0,52,126
04/14/2021,ATW,WI,AGL,CE,Federal Contract Tower,13,30,12,2,57,0,0,15,0,15,13,30,27,2,72,49,0,49,121
04/15/2021,ATW,WI,AGL,CE,Federal Contract Tower,13,43,16,0,72,0,0,28,0,28,13,43,44,0,100,74,0,74,174
04/16/2021,ATW,WI,AGL,CE,Federal Contract Tower,9,35,11,1,56,0,2,53,0,55,9,37,64,1,111,68,0,68,179
04/17/2021,ATW,WI,AGL,CE,Federal Contract Tower,9,31,3,0,43,0,0,32,0,32,9,31,35,0,75,44,0,44,119
04/18/2021,ATW,WI,AGL,CE,Federal Contract Tower,11,39,11,0,61,0,0,41,0,41,11,39,52,0,102,30,0,30,132
04/19/2021,ATW,WI,AGL,CE,Federal Contract Tower,8,36,13,0,57,0,0,3,0,3,8,36,16,0,60,0,0,0,60
04/20/2021,ATW,WI,AGL,CE,Federal Contract Tower,9,37,11,0,57,0,0,21,0,21,9,37,32,0,78,18,0,18,96
04/21/2021,ATW,WI,AGL,CE,Federal Contract Tower,13,37,13,0,63,0,0,7,0,7,13,37,20,0,70,10,0,10,80
04/22/2021,ATW,WI,AGL,CE,Federal Contract Tower,15,31,7,0,53,0,0,27,0,27,15,31,34,0,80,60,0,60,140
04/23/2021,ATW,WI,AGL,CE,Federal Contract Tower,9,34,23,0,66,0,0,16,0,16,9,34,39,0,82,18,0,18,100
04/24/2021,ATW,WI,AGL,CE,Federal Contract Tower,10,26,8,0,44,0,0,9,0,9,10,26,17,0,53,18,0,18,71
04/25/2021,ATW,WI,AGL,CE,Federal Contract Tower,11,31,10,0,52,0,0,38,0,38,11,31,48,0,90,26,0,26,116
04/26/2021,ATW,WI,AGL,CE,Federal Contract Tower,8,35,20,0,63,0,0,14,0,14,8,35,34,0,77,10,0,10,87
04/27/2021,ATW,WI,AGL,CE,Federal Contract Tower,9,40,17,0,66,0,0,9,0,9,9,40,26,0,75,18,0,18,93
04/28/2021,ATW,WI,AGL,CE,Federal Contract Tower,13,35,16,0,64,0,0,8,0,8,13,35,24,0,72,42,0,42,114
04/29/2021,ATW,WI,AGL,CE,Federal Contract Tower,13,32,26,0,71,0,0,21,0,21,13,32,47,0,92,16,0,16,108
04/30/2021,ATW,WI,AGL,CE,Federal Contract Tower,9,35,18,0,62,0,0,32,0,32,9,35,50,0,94,64,0,64,158
05/01/2021,ATW,WI,AGL,CE,Federal Contract Tower,8,24,7,0,39,0,0,14,0,14,8,24,21,0,53,12,0,12,65
05/02/2021,ATW,WI,AGL,CE,Federal Contract Tower,11,32,14,0,57,0,0,33,0,33,11,32,47,0,90,22,0,22,112
05/03/2021,ATW,WI,AGL,CE,Federal Contract Tower,7,36,12,0,55,0,0,0,0,0,7,36,12,0,55,0,0,0,55
05/04/2021,ATW,WI,AGL,CE,Federal Contract Tower,9,33,23,0,65,0,0,14,0,14,9,33,37,0,79,12,0,12,91
05/05/2021,ATW,WI,AGL,CE,Federal Contract Tower,13,30,16,1,60,0,0,38,0,38,13,30,54,1,98,36,0,36,134
05/06/2021,ATW,WI,AGL,CE,Federal Contract Tower,19,36,22,0,77,0,0,34,0,34,19,36,56,0,111,60,0,60,171
05/07/2021,ATW,WI,AGL,CE,Federal Contract Tower,11,34,19,0,64,0,0,17,0,17,11,34,36,0,81,0,0,0,81
05/08/2021,ATW,WI,AGL,CE,Federal Contract Tower,12,31,5,0,48,0,8,83,0,91,12,39,88,0,139,54,0,54,193
05/09/2021,ATW,WI,AGL,CE,Federal Contract Tower,12,32,10,0,54,0,0,16,0,16,12,32,26,0,70,8,0,8,78
05/10/2021,ATW,WI,AGL,CE,Federal Contract Tower,10,29,17,0,56,0,1,27,0,28,10,30,44,0,84,26,0,26,110
05/11/2021,ATW,WI,AGL,CE,Federal Contract Tower,8,32,31,0,71,0,0,75,0,75,8,32,106,0,146,56,0,56,202
05/12/2021,ATW,WI,AGL,CE,Federal Contract Tower,13,33,20,0,66,0,0,37,0,37,13,33,57,0,103,48,0,48,151
05/13/2021,ATW,WI,AGL,CE,Federal Contract Tower,15,36,17,0,68,0,0,55,0,55,15,36,72,0,123,50,0,50,173
05/14/2021,ATW,WI,AGL,CE,Federal Contract Tower,10,36,26,0,72,0,0,49,0,49,10,36,75,0,121,50,0,50,171
05/15/2021,ATW,WI,AGL,CE,Federal Contract Tower,12,25,10,0,47,0,0,6,0,6,12,25,16,0,53,4,0,4,57
05/16/2021,ATW,WI,AGL,CE,Federal Contract Tower,13,31,16,0,60,0,0,43,0,43,13,31,59,0,103,86,0,86,189
05/17/2021,ATW,WI,AGL,CE,Federal Contract Tower,10,37,20,0,67,0,3,59,0,62,10,40,79,0,129,48,0,48,177
05/18/2021,ATW,WI,AGL,CE,Federal Contract Tower,11,34,22,0,67,0,0,17,0,17,11,34,39,0,84,8,0,8,92
05/19/2021,ATW,WI,AGL,CE,Federal Contract Tower,12,36,32,0,80,0,0,0,0,0,12,36,32,0,80,0,0,0,80
05/20/2021,ATW,WI,AGL,CE,Federal Contract Tower,14,36,22,0,72,0,0,23,0,23,14,36,45,0,95,14,0,14,109
05/21/2021,ATW,WI,AGL,CE,Federal Contract Tower,10,36,16,0,62,0,0,7,0,7,10,36,23,0,69,16,0,16,85
05/22/2021,ATW,WI,AGL,CE,Federal Contract Tower,12,35,22,0,69,0,0,45,0,45,12,35,67,0,114,26,0,26,140
05/23/2021,ATW,WI,AGL,CE,Federal Contract Tower,13,31,22,0,66,0,0,0,0,0,13,31,22,0,66,0,0,0,66
05/24/2021,ATW,WI,AGL,CE,Federal Contract Tower,10,36,28,0,74,0,1,12,0,13,10,37,40,0,87,10,0,10,97
05/25/2021,ATW,WI,AGL,CE,Federal Contract Tower,15,36,16,0,67,0,0,6,0,6,15,36,22,0,73,2,0,2,75
05/26/2021,ATW,WI,AGL,CE,Federal Contract Tower,13,30,25,0,68,0,0,27,0,27,13,30,52,0,95,42,0,42,137
05/27/2021,ATW,WI,AGL,CE,Federal Contract Tower,13,31,27,0,71,0,0,8,0,8,13,31,35,0,79,10,0,10,89
05/28/2021,ATW,WI,AGL,CE,Federal Contract Tower,12,41,24,0,77,0,0,14,0,14,12,41,38,0,91,30,0,30,121
05/29/2021,ATW,WI,AGL,CE,Federal Contract Tower,10,30,12,0,52,0,0,45,0,45,10,30,57,0,97,48,0,48,145
05/30/2021,ATW,WI,AGL,CE,Federal Contract Tower,11,25,6,0,42,0,0,23,0,23,11,25,29,0,65,6,0,6,71
05/31/2021,ATW,WI,AGL,CE,Federal Contract Tower,13,33,14,0,60,0,2,28,0,30,13,35,42,0,90,20,0,20,110
06/01/2021,ATW,WI,AGL,CE,Federal Contract Tower,8,31,12,0,51,0,2,43,0,45,8,33,55,0,96,40,0,40,136
06/02/2021,ATW,WI,AGL,CE,Federal Contract Tower,14,39,8,1,62,0,4,36,0,40,14,43,44,1,102,58,0,58,160
06/03/2021,ATW,WI,AGL,CE,Federal Contract Tower,13,45,19,0,77,0,0,15,0,15,13,45,34,0,92,36,0,36,128
06/04/2021,ATW,WI,AGL,CE,Federal Contract Tower,14,35,13,0,62,0,0,28,0,28,14,35,41,0,90,36,0,36,126
06/05/2021,ATW,WI,AGL,CE,Federal Contract Tower,11,42,10,0,63,0,1,16,0,17,11,43,26,0,80,16,0,16,96
06/06/2021,ATW,WI,AGL,CE,Federal Contract Tower,15,32,15,0,62,0,2,20,0,22,15,34,35,0,84,12,0,12,96
06/07/2021,ATW,WI,AGL,CE,Federal Contract Tower,18,29,26,0,73,0,1,38,0,39,18,30,64,0,112,50,0,50,162
06/08/2021,ATW,WI,AGL,CE,Federal Contract Tower,15,32,23,0,70,0,0,40,0,40,15,32,63,0,110,82,0,82,192
06/09/2021,ATW,WI,AGL,CE,Federal Contract Tower,20,35,14,0,69,0,0,45,2,47,20,35,59,2,116,18,0,18,134
06/10/2021,ATW,WI,AGL,CE,Federal Contract Tower,18,37,14,0,69,0,1,35,0,36,18,38,49,0,105,42,0,42,147
06/11/2021,ATW,WI,AGL,CE,Federal Contract Tower,17,32,23,0,72,0,0,38,0,38,17,32,61,0,110,16,0,16,126
06/12/2021,ATW,WI,AGL,CE,Federal Contract Tower,10,38,18,0,66,0,0,39,0,39,10,38,57,0,105,18,0,18,123
06/13/2021,ATW,WI,AGL,CE,Federal Contract Tower,13,30,19,0,62,0,0,35,0,35,13,30,54,0,97,36,0,36,133
06/14/2021,ATW,WI,AGL,CE,Federal Contract Tower,18,31,15,0,64,0,1,33,0,34,18,32,48,0,98,42,0,42,140
06/15/2021,ATW,WI,AGL,CE,Federal Contract Tower,16,36,16,0,68,0,0,45,0,45,16,36,61,0,113,70,0,70,183
06/16/2021,ATW,WI,AGL,CE,Federal Contract Tower,20,37,11,0,68,0,0,40,0,40,20,37,51,0,108,58,0,58,166
06/17/2021,ATW,WI,AGL,CE,Federal Contract Tower,18,41,13,0,72,0,2,40,0,42,18,43,53,0,114,40,0,40,154
06/18/2021,ATW,WI,AGL,CE,Federal Contract Tower,22,32,14,0,68,0,0,28,0,28,22,32,42,0,96,52,0,52,148
06/19/2021,ATW,WI,AGL,CE,Federal Contract Tower,13,36,7,0,56,0,0,36,0,36,13,36,43,0,92,24,0,24,116
06/20/2021,ATW,WI,AGL,CE,Federal Contract Tower,18,25,18,0,61,0,0,11,0,11,18,25,29,0,72,10,0,10,82
06/21/2021,ATW,WI,AGL,CE,Federal Contract Tower,18,30,17,1,66,0,0,13,0,13,18,30,30,1,79,8,0,8,87
06/22/2021,ATW,WI,AGL,CE,Federal Contract Tower,16,33,15,0,64,0,0,0,0,0,16,33,15,0,64,34,0,34,98
06/23/2021,ATW,WI,AGL,CE,Federal Contract Tower,20,30,32,0,82,0,0,12,0,12,20,30,44,0,94,16,0,16,110
06/24/2021,ATW,WI,AGL,CE,Federal Contract Tower,18,29,15,0,62,0,0,1,0,1,18,29,16,0,63,0,0,0,63
06/25/2021,ATW,WI,AGL,CE,Federal Contract Tower,20,36,16,0,72,0,0,15,0,15,20,36,31,0,87,50,0,50,137
06/26/2021,ATW,WI,AGL,CE,Federal Contract Tower,11,40,13,0,64,0,0,0,0,0,11,40,13,0,64,0,0,0,64
06/27/2021,ATW,WI,AGL,CE,Federal Contract Tower,16,28,22,0,66,0,0,9,0,9,16,28,31,0,75,2,0,2,77
06/28/2021,ATW,WI,AGL,CE,Federal Contract Tower,17,41,24,0,82,0,2,70,0,72,17,43,94,0,154,124,0,124,278
06/29/2021,ATW,WI,AGL,CE,Federal Contract Tower,16,38,17,0,71,0,0,1,0,1,16,38,18,0,72,0,0,0,72
06/30/2021,ATW,WI,AGL,CE,Federal Contract Tower,20,41,19,0,80,0,0,50,0,50,20,41,69,0,130,62,0,62,192
07/01/2021,ATW,WI,AGL,CE,Federal Contract Tower,18,40,46,0,104,0,1,46,0,47,18,41,92,0,151,30,0,30,181
07/02/2021,ATW,WI,AGL,CE,Federal Contract Tower,20,38,15,0,73,0,0,50,0,50,20,38,65,0,123,20,0,20,143
07/03/2021,ATW,WI,AGL,CE,Federal Contract Tower,10,39,7,0,56,0,0,18,0,18,10,39,25,0,74,30,0,30,104
07/04/2021,ATW,WI,AGL,CE,Federal Contract Tower,11,24,2,0,37,0,1,21,0,22,11,25,23,0,59,22,0,22,81
07/05/2021,ATW,WI,AGL,CE,Federal Contract Tower,16,35,7,0,58,0,0,28,0,28,16,35,35,0,86,26,0,26,112
07/06/2021,ATW,WI,AGL,CE,Federal Contract Tower,11,39,11,0,61,0,0,24,0,24,11,39,35,0,85,12,0,12,97
07/07/2021,ATW,WI,AGL,CE,Federal Contract Tower,18,41,20,0,79,0,0,0,0,0,18,41,20,0,79,0,0,0,79
07/08/2021,ATW,WI,AGL,CE,Federal Contract Tower,16,41,17,0,74,0,0,16,0,16,16,41,33,0,90,22,0,22,112
07/09/2021,ATW,WI,AGL,CE,Federal Contract Tower,15,45,26,0,86,0,0,70,0,70,15,45,96,0,156,70,0,70,226
07/10/2021,ATW,WI,AGL,CE,Federal Contract Tower,13,37,11,0,61,0,0,53,0,53,13,37,64,0,114,52,0,52,166
07/11/2021,ATW,WI,AGL,CE,Federal Contract Tower,14,37,10,0,61,0,0,31,0,31,14,37,41,0,92,50,0,50,142
07/12/2021,ATW,WI,AGL,CE,Federal Contract Tower,14,42,15,0,71,0,1,34,0,35,14,43,49,0,106,64,0,64,170
07/13/2021,ATW,WI,AGL,CE,Federal Contract Tower,14,38,20,0,72,0,2,62,0,64,14,40,82,0,136,150,0,150,286
07/14/2021,ATW,WI,AGL,CE,Federal Contract Tower,18,40,15,0,73,0,0,23,0,23,18,40,38,0,96,38,0,38,134
07/15/2021,ATW,WI,AGL,CE,Federal Contract Tower,16,45,15,1,77,0,0,29,0,29,16,45,44,1,106,86,0,86,192
07/16/2021,ATW,WI,AGL,CE,Federal Contract Tower,18,46,24,1,89,0,0,67,0,67,18,46,91,1,156,22,0,22,178
07/17/2021,ATW,WI,AGL,CE,Federal Contract Tower,13,36,3,0,52,0,0,49,0,49,13,36,52,0,101,36,0,36,137
07/18/2021,ATW,WI,AGL,CE,Federal Contract Tower,13,41,12,0,66,0,0,39,0,39,13,41,51,0,105,28,0,28,133
07/19/2021,ATW,WI,AGL,CE,Federal Contract Tower,17,40,25,0,82,0,0,35,0,35,17,40,60,0,117,30,0,30,147
07/20/2021,ATW,WI,AGL,CE,Federal Contract Tower,14,40,27,0,81,0,0,27,0,27,14,40,54,0,108,66,0,66,174
07/21/2021,ATW,WI,AGL,CE,Federal Contract Tower,18,40,15,0,73,0,0,55,0,55,18,40,70,0,128,74,0,74,202
07/22/2021,ATW,WI,AGL,CE,Federal Contract Tower,16,50,23,0,89,0,1,19,0,20,16,51,42,0,109,0,0,0,109
07/23/2021,ATW,WI,AGL,CE,Federal Contract Tower,15,48,22,0,85,0,1,28,0,29,15,49,50,0,114,2,0,2,116
07/24/2021,ATW,WI,AGL,CE,Federal Contract Tower,11,36,36,0,83,0,0,68,0,68,11,36,104,0,151,0,0,0,151
07/25/2021,ATW,WI,AGL,CE,Federal Contract Tower,14,45,92,0,151,0,0,140,0,140,14,45,232,0,291,18,0,18,309
07/26/2021,ATW,WI,AGL,CE,Federal Contract Tower,13,41,44,0,98,0,0,64,0,64,13,41,108,0,162,6,0,6,168
07/27/2021,ATW,WI,AGL,CE,Federal Contract Tower,14,47,59,0,120,0,0,152,1,153,14,47,211,1,273,20,0,20,293
07/28/2021,ATW,WI,AGL,CE,Federal Contract Tower,19,47,126,0,192,0,0,159,0,159,19,47,285,0,351,4,0,4,355
07/29/2021,ATW,WI,AGL,CE,Federal Contract Tower,17,52,107,1,177,0,0,153,0,153,17,52,260,1,330,2,0,2,332
07/30/2021,ATW,WI,AGL,CE,Federal Contract Tower,18,54,106,0,178,0,0,190,0,190,18,54,296,0,368,14,0,14,382
07/31/2021,ATW,WI,AGL,CE,Federal Contract Tower,12,38,79,0,129,0,0,47,0,47,12,38,126,0,176,6,0,6,182
08/01/2021,ATW,WI,AGL,CE,Federal Contract Tower,13,48,60,2,123,0,6,99,0,105,13,54,159,2,228,6,0,6,234
08/02/2021,ATW,WI,AGL,CE,Federal Contract Tower,15,37,29,0,81,0,9,109,0,118,15,46,138,0,199,30,0,30,229
08/03/2021,ATW,WI,AGL,CE,Federal Contract Tower,13,44,21,0,78,0,0,62,0,62,13,44,83,0,140,46,2,48,188
08/04/2021,ATW,WI,AGL,CE,Federal Contract Tower,18,43,30,0,91,0,2,48,0,50,18,45,78,0,141,74,0,74,215
08/05/2021,ATW,WI,AGL,CE,Federal Contract Tower,13,48,19,0,80,0,0,44,0,44,13,48,63,0,124,38,0,38,162
08/06/2021,ATW,WI,AGL,CE,Federal Contract Tower,13,41,26,0,80,0,0,6,0,6,13,41,32,0,86,2,0,2,88
08/07/2021,ATW,WI,AGL,CE,Federal Contract Tower,13,39,5,0,57,0,0,0,0,0,13,39,5,0,57,0,0,0,57
08/08/2021,ATW,WI,AGL,CE,Federal Contract Tower,15,39,15,0,69,1,2,1,0,4,16,41,16,0,73,12,0,12,85
08/09/2021,ATW,WI,AGL,CE,Federal Contract Tower,9,35,30,0,74,0,0,6,0,6,9,35,36,0,80,30,0,30,110
08/10/2021,ATW,WI,AGL,CE,Federal Contract Tower,12,41,26,0,79,0,0,28,0,28,12,41,54,0,107,36,0,36,143
08/11/2021,ATW,WI,AGL,CE,Federal Contract Tower,18,41,24,1,84,0,0,8,0,8,18,41,32,1,92,0,0,0,92
08/12/2021,ATW,WI,AGL,CE,Federal Contract Tower,14,54,25,0,93,0,0,42,0,42,14,54,67,0,135,50,0,50,185
08/13/2021,ATW,WI,AGL,CE,Federal Contract Tower,11,48,21,2,82,0,0,44,0,44,11,48,65,2,126,30,0,30,156
08/14/2021,ATW,WI,AGL,CE,Federal Contract Tower,12,38,5,0,55,0,0,43,0,43,12,38,48,0,98,44,0,44,142
08/15/2021,ATW,WI,AGL,CE,Federal Contract Tower,10,34,13,0,57,0,5,62,0,67,10,39,75,0,124,60,0,60,184
08/16/2021,ATW,WI,AGL,CE,Federal Contract Tower,9,46,27,0,82,0,0,43,0,43,9,46,70,0,125,54,0,54,179
08/17/2021,ATW,WI,AGL,CE,Federal Contract Tower,12,38,10,0,60,0,0,41,0,41,12,38,51,0,101,44,0,44,145
08/18/2021,ATW,WI,AGL,CE,Federal Contract Tower,18,46,28,0,92,0,0,31,0,31,18,46,59,0,123,32,0,32,155
08/19/2021,ATW,WI,AGL,CE,Federal Contract Tower,14,49,20,0,83,0,0,43,0,43,14,49,63,0,126,48,0,48,174
08/20/2021,ATW,WI,AGL,CE,Federal Contract Tower,12,41,14,0,67,0,0,44,0,44,12,41,58,0,111,44,0,44,155
08/21/2021,ATW,WI,AGL,CE,Federal Contract Tower,13,39,4,0,56,0,0,10,0,10,13,39,14,0,66,4,0,4,70
08/22/2021,ATW,WI,AGL,CE,Federal Contract Tower,16,40,21,0,77,0,0,56,0,56,16,40,77,0,133,6,0,6,139
08/23/2021,ATW,WI,AGL,CE,Federal Contract Tower,11,42,25,0,78,0,1,46,0,47,11,43,71,0,125,42,0,42,167
08/24/2021,ATW,WI,AGL,CE,Federal Contract Tower,12,38,23,0,73,0,0,5,0,5,12,38,28,0,78,0,0,0,78
08/25/2021,ATW,WI,AGL,CE,Federal Contract Tower,14,42,12,0,68,0,1,53,0,54,14,43,65,0,122,68,0,68,190
08/26/2021,ATW,WI,AGL,CE,Federal Contract Tower,16,46,10,0,72,0,0,33,0,33,16,46,43,0,105,20,0,20,125
08/27/2021,ATW,WI,AGL,CE,Federal Contract Tower,10,38,9,0,57,0,0,4,0,4,10,38,13,0,61,0,0,0,61
08/28/2021,ATW,WI,AGL,CE,Federal Contract Tower,13,34,11,0,58,0,5,46,0,51,13,39,57,0,109,60,0,60,169
08/29/2021,ATW,WI,AGL,CE,Federal Contract Tower,16,33,7,0,56,0,0,25,0,25,16,33,32,0,81,10,0,10,91
08/30/2021,ATW,WI,AGL,CE,Federal Contract Tower,11,37,15,0,63,0,0,56,0,56,11,37,71,0,119,58,0,58,177
08/31/2021,ATW,WI,AGL,CE,Federal Contract Tower,15,41,22,0,78,0,0,47,0,47,15,41,69,0,125,78,0,78,203
09/01/2021,ATW,WI,AGL,CE,Federal Contract Tower,13,37,9,1,60,0,5,56,0,61,13,42,65,1,121,62,0,62,183
09/02/2021,ATW,WI,AGL,CE,Federal Contract Tower,16,42,24,2,84,0,2,40,1,43,16,44,64,3,127,46,4,50,177
09/03/2021,ATW,WI,AGL,CE,Federal Contract Tower,12,34,14,0,60,0,0,9,0,9,12,34,23,0,69,20,0,20,89
09/04/2021,ATW,WI,AGL,CE,Federal Contract Tower,13,29,12,0,54,0,0,5,0,5,13,29,17,0,59,2,0,2,61
09/05/2021,ATW,WI,AGL,CE,Federal Contract Tower,12,30,13,0,55,0,0,24,0,24,12,30,37,0,79,32,0,32,111
09/06/2021,ATW,WI,AGL,CE,Federal Contract Tower,10,32,6,0,48,0,0,55,0,55,10,32,61,0,103,56,0,56,159
09/07/2021,ATW,WI,AGL,CE,Federal Contract Tower,10,33,19,0,62,0,0,14,0,14,10,33,33,0,76,4,0,4,80
09/08/2021,ATW,WI,AGL,CE,Federal Contract Tower,16,39,15,0,70,0,1,26,0,27,16,40,41,0,97,20,0,20,117
09/09/2021,ATW,WI,AGL,CE,Federal Contract Tower,16,54,13,0,83,0,0,57,0,57,16,54,70,0,140,36,0,36,176
09/10/2021,ATW,WI,AGL,CE,Federal Contract Tower,14,39,18,0,71,0,1,53,0,54,14,40,71,0,125,52,0,52,177
09/11/2021,ATW,WI,AGL,CE,Federal Contract Tower,13,33,6,0,52,0,2,27,0,29,13,35,33,0,81,30,0,30,111
09/12/2021,ATW,WI,AGL,CE,Federal Contract Tower,14,38,14,0,66,0,2,25,0,27,14,40,39,0,93,62,0,62,155
09/13/2021,ATW,WI,AGL,CE,Federal Contract Tower,14,43,14,0,71,0,0,24,0,24,14,43,38,0,95,46,0,46,141
09/14/2021,ATW,WI,AGL,CE,Federal Contract Tower,11,42,18,0,71,0,0,15,0,15,11,42,33,0,86,10,0,10,96
09/15/2021,ATW,WI,AGL,CE,Federal Contract Tower,17,50,14,8,89,0,0,53,0,53,17,50,67,8,142,48,0,48,190
09/16/2021,ATW,WI,AGL,CE,Federal Contract Tower,18,44,20,1,83,0,2,24,0,26,18,46,44,1,109,12,0,12,121
09/17/2021,ATW,WI,AGL,CE,Federal Contract Tower,13,39,27,1,80,0,0,43,0,43,13,39,70,1,123,22,0,22,145
09/18/2021,ATW,WI,AGL,CE,Federal Contract Tower,13,35,9,0,57,0,0,42,0,42,13,35,51,0,99,34,0,34,133
09/19/2021,ATW,WI,AGL,CE,Federal Contract Tower,15,39,11,0,65,0,1,41,0,42,15,40,52,0,107,26,0,26,133
09/20/2021,ATW,WI,AGL,CE,Federal Contract Tower,11,39,16,4,70,0,0,1,0,1,11,39,17,4,71,0,0,0,71
09/21/2021,ATW,WI,AGL,CE,Federal Contract Tower,12,43,18,0,73,0,0,20,0,20,12,43,38,0,93,36,0,36,129
09/22/2021,ATW,WI,AGL,CE,Federal Contract Tower,16,43,26,1,86,0,0,20,0,20,16,43,46,1,106,0,0,0,106
09/23/2021,ATW,WI,AGL,CE,Federal Contract Tower,18,38,18,0,74,0,2,30,0,32,18,40,48,0,106,32,0,32,138
09/24/2021,ATW,WI,AGL,CE,Federal Contract Tower,14,38,14,0,66,0,2,34,0,36,14,40,48,0,102,24,0,24,126
09/25/2021,ATW,WI,AGL,CE,Federal Contract Tower,15,32,13,0,60,0,0,21,0,21,15,32,34,0,81,10,0,10,91
09/26/2021,ATW,WI,AGL,CE,Federal Contract Tower,14,45,14,0,73,0,0,40,0,40,14,45,54,0,113,56,0,56,169
09/27/2021,ATW,WI,AGL,CE,Federal Contract Tower,12,42,15,0,69,0,0,36,0,36,12,42,51,0,105,6,0,6,111
09/28/2021,ATW,WI,AGL,CE,Federal Contract Tower,14,35,24,1,74,0,4,64,0,68,14,39,88,1,142,74,0,74,216
09/29/2021,ATW,WI,AGL,CE,Federal Contract Tower,19,44,18,0,81,0,0,54,0,54,19,44,72,0,135,22,0,22,157
09/30/2021,ATW,WI,AGL,CE,Federal Contract Tower,18,36,22,0,76,0,0,41,0,41,18,36,63,0,117,44,0,44,161
10/01/2021,ATW,WI,AGL,CE,Federal Contract Tower,13,38,13,2,66,0,0,60,0,60,13,38,73,2,126,96,0,96,222
10/02/2021,ATW,WI,AGL,CE,Federal Contract Tower,15,36,18,0,69,0,0,12,0,12,15,36,30,0,81,16,0,16,97
10/03/2021,ATW,WI,AGL,CE,Federal Contract Tower,13,34,8,0,55,0,0,2,0,2,13,34,10,0,57,0,0,0,57
10/04/2021,ATW,WI,AGL,CE,Federal Contract Tower,11,43,41,0,95,0,0,8,0,8,11,43,49,0,103,2,0,2,105
10/05/2021,ATW,WI,AGL,CE,Federal Contract Tower,12,41,17,0,70,0,0,16,0,16,12,41,33,0,86,6,0,6,92
10/06/2021,ATW,WI,AGL,CE,Federal Contract Tower,15,41,16,0,72,0,0,32,0,32,15,41,48,0,104,36,0,36,140
10/07/2021,ATW,WI,AGL,CE,Federal Contract Tower,15,40,26,0,81,0,0,0,0,0,15,40,26,0,81,0,0,0,81
10/08/2021,ATW,WI,AGL,CE,Federal Contract Tower,13,33,20,0,66,0,4,22,0,26,13,37,42,0,92,16,0,16,108
10/09/2021,ATW,WI,AGL,CE,Federal Contract Tower,13,32,12,0,57,0,3,23,0,26,13,35,35,0,83,6,0,6,89
10/10/2021,ATW,WI,AGL,CE,Federal Contract Tower,10,38,17,0,65,0,0,34,0,34,10,38,51,0,99,26,0,26,125
10/11/2021,ATW,WI,AGL,CE,Federal Contract Tower,11,40,23,0,74,0,0,10,0,10,11,40,33,0,84,14,0,14,98
10/12/2021,ATW,WI,AGL,CE,Federal Contract Tower,10,44,17,0,71,0,0,3,0,3,10,44,20,0,74,0,0,0,74
10/13/2021,ATW,WI,AGL,CE,Federal Contract Tower,16,54,14,0,84,0,0,18,0,18,16,54,32,0,102,12,0,12,114
10/14/2021,ATW,WI,AGL,CE,Federal Contract Tower,16,44,18,0,78,0,0,44,0,44,16,44,62,0,122,36,0,36,158
10/15/2021,ATW,WI,AGL,CE,Federal Contract Tower,15,35,17,0,67,0,0,64,1,65,15,35,81,1,132,48,0,48,180
10/16/2021,ATW,WI,AGL,CE,Federal Contract Tower,15,28,14,0,57,0,0,34,0,34,15,28,48,0,91,0,0,0,91
10/17/2021,ATW,WI,AGL,CE,Federal Contract Tower,12,35,17,0,64,0,0,32,0,32,12,35,49,0,96,42,0,42,138
10/18/2021,ATW,WI,AGL,CE,Federal Contract Tower,15,33,18,0,66,0,0,45,0,45,15,33,63,0,111,24,0,24,135
10/19/2021,ATW,WI,AGL,CE,Federal Contract Tower,12,46,13,0,71,0,2,35,0,37,12,48,48,0,108,42,0,42,150
10/20/2021,ATW,WI,AGL,CE,Federal Contract Tower,17,41,16,0,74,0,0,15,0,15,17,41,31,0,89,12,0,12,101
10/21/2021,ATW,WI,AGL,CE,Federal Contract Tower,15,40,15,0,70,0,0,5,0,5,15,40,20,0,75,0,0,0,75
10/22/2021,ATW,WI,AGL,CE,Federal Contract Tower,15,39,9,0,63,0,0,46,0,46,15,39,55,0,109,78,0,78,187
10/23/2021,ATW,WI,AGL,CE,Federal Contract Tower,15,36,12,0,63,0,0,49,0,49,15,36,61,0,112,54,0,54,166
10/24/2021,ATW,WI,AGL,CE,Federal Contract Tower,14,31,17,0,62,0,2,30,0,32,14,33,47,0,94,38,0,38,132
10/25/2021,ATW,WI,AGL,CE,Federal Contract Tower,14,36,22,0,72,0,0,4,0,4,14,36,26,0,76,8,0,8,84
10/26/2021,ATW,WI,AGL,CE,Federal Contract Tower,12,45,24,0,81,0,1,57,0,58,12,46,81,0,139,60,0,60,199
10/27/2021,ATW,WI,AGL,CE,Federal Contract Tower,17,37,24,0,78,0,0,34,0,34,17,37,58,0,112,40,0,40,152
10/28/2021,ATW,WI,AGL,CE,Federal Contract Tower,16,44,29,0,89,0,0,0,0,0,16,44,29,0,89,0,0,0,89
10/29/2021,ATW,WI,AGL,CE,Federal Contract Tower,13,40,17,0,70,0,0,6,0,6,13,40,23,0,76,0,0,0,76
10/30/2021,ATW,WI,AGL,CE,Federal Contract Tower,15,26,15,0,56,0,0,32,0,32,15,26,47,0,88,20,0,20,108
10/31/2021,ATW,WI,AGL,CE,Federal Contract Tower,12,28,19,0,59,0,0,6,0,6,12,28,25,0,65,6,0,6,71
11/01/2021,ATW,WI,AGL,CE,Federal Contract Tower,11,35,22,0,68,0,0,27,0,27,11,35,49,0,95,8,0,8,103
11/02/2021,ATW,WI,AGL,CE,Federal Contract Tower,10,42,4,0,56,0,2,20,0,22,10,44,24,0,78,2,0,2,80
11/03/2021,ATW,WI,AGL,CE,Federal Contract Tower,12,39,24,0,75,0,0,46,0,46,12,39,70,0,121,98,0,98,219
11/04/2021,ATW,WI,AGL,CE,Federal Contract Tower,9,40,15,0,64,0,2,54,0,56,9,42,69,0,120,60,0,60,180
11/05/2021,ATW,WI,AGL,CE,Federal Contract Tower,10,37,29,1,77,0,1,27,2,30,10,38,56,3,107,32,0,32,139
11/06/2021,ATW,WI,AGL,CE,Federal Contract Tower,10,29,5,0,44,0,0,35,0,35,10,29,40,0,79,32,0,32,111
11/07/2021,ATW,WI,AGL,CE,Federal Contract Tower,17,21,10,0,48,0,3,56,0,59,17,24,66,0,107,52,0,52,159
11/08/2021,ATW,WI,AGL,CE,Federal Contract Tower,19,23,13,0,55,0,3,48,0,51,19,26,61,0,106,58,0,58,164
11/09/2021,ATW,WI,AGL,CE,Federal Contract Tower,17,35,13,0,65,0,1,58,0,59,17,36,71,0,124,62,0,62,186
11/10/2021,ATW,WI,AGL,CE,Federal Contract Tower,22,27,17,0,66,0,0,41,0,41,22,27,58,0,107,42,0,42,149
11/11/2021,ATW,WI,AGL,CE,Federal Contract Tower,19,24,12,0,55,0,0,0,0,0,19,24,12,0,55,0,0,0,55
11/12/2021,ATW,WI,AGL,CE,Federal Contract Tower,17,28,27,0,72,0,0,0,0,0,17,28,27,0,72,0,0,0,72
11/13/2021,ATW,WI,AGL,CE,Federal Contract Tower,16,19,8,0,43,0,0,24,0,24,16,19,32,0,67,32,0,32,99
11/14/2021,ATW,WI,AGL,CE,Federal Contract Tower,19,22,7,0,48,0,0,2,0,2,19,22,9,0,50,0,0,0,50
11/15/2021,ATW,WI,AGL,CE,Federal Contract Tower,19,26,22,0,67,0,0,20,0,20,19,26,42,0,87,38,0,38,125
11/16/2021,ATW,WI,AGL,CE,Federal Contract Tower,18,26,17,0,61,0,0,23,0,23,18,26,40,0,84,30,0,30,114
11/17/2021,ATW,WI,AGL,CE,Federal Contract Tower,19,33,13,3,68,0,3,29,0,32,19,36,42,3,100,18,0,18,118
11/18/2021,ATW,WI,AGL,CE,Federal Contract Tower,18,31,15,0,64,0,0,0,0,0,18,31,15,0,64,0,0,0,64
11/19/2021,ATW,WI,AGL,CE,Federal Contract Tower,22,29,9,1,61,0,0,50,0,50,22,29,59,1,111,48,0,48,159
11/20/2021,ATW,WI,AGL,CE,Federal Contract Tower,16,23,7,0,46,0,0,34,0,34,16,23,41,0,80,52,0,52,132
11/21/2021,ATW,WI,AGL,CE,Federal Contract Tower,19,24,7,0,50,0,0,5,0,5,19,24,12,0,55,6,0,6,61
11/22/2021,ATW,WI,AGL,CE,Federal Contract Tower,19,25,12,0,56,0,0,15,0,15,19,25,27,0,71,16,0,16,87
11/23/2021,ATW,WI,AGL,CE,Federal Contract Tower,26,36,7,1,70,0,2,24,0,26,26,38,31,1,96,24,0,24,120
11/24/2021,ATW,WI,AGL,CE,Federal Contract Tower,27,27,9,0,63,0,0,18,0,18,27,27,27,0,81,54,0,54,135
11/25/2021,ATW,WI,AGL,CE,Federal Contract Tower,11,10,4,0,25,0,0,0,0,0,11,10,4,0,25,0,0,0,25
11/26/2021,ATW,WI,AGL,CE,Federal Contract Tower,13,20,2,0,35,0,2,44,0,46,13,22,46,0,81,24,0,24,105
11/27/2021,ATW,WI,AGL,CE,Federal Contract Tower,21,20,2,0,43,0,0,3,0,3,21,20,5,0,46,0,0,0,46
11/28/2021,ATW,WI,AGL,CE,Federal Contract Tower,18,25,16,0,59,0,0,16,0,16,18,25,32,0,75,0,0,0,75
11/29/2021,ATW,WI,AGL,CE,Federal Contract Tower,20,24,16,0,60,0,0,6,0,6,20,24,22,0,66,18,0,18,84
11/30/2021,ATW,WI,AGL,CE,Federal Contract Tower,21,35,19,0,75,0,2,37,0,39,21,37,56,0,114,36,0,36,150
12/01/2021,ATW,WI,AGL,CE,Federal Contract Tower,25,28,6,0,59,0,0,5,0,5,25,28,11,0,64,12,0,12,76
12/02/2021,ATW,WI,AGL,CE,Federal Contract Tower,24,22,12,0,58,0,0,9,0,9,24,22,21,0,67,0,0,0,67
12/03/2021,ATW,WI,AGL,CE,Federal Contract Tower,20,24,15,0,59,0,0,0,0,0,20,24,15,0,59,0,0,0,59
12/04/2021,ATW,WI,AGL,CE,Federal Contract Tower,13,19,13,0,45,0,0,49,0,49,13,19,62,0,94,12,0,12,106
12/05/2021,ATW,WI,AGL,CE,Federal Contract Tower,16,28,6,0,50,0,0,0,0,0,16,28,6,0,50,0,0,0,50
12/06/2021,ATW,WI,AGL,CE,Federal Contract Tower,12,35,18,0,65,0,0,0,0,0,12,35,18,0,65,0,0,0,65
12/07/2021,ATW,WI,AGL,CE,Federal Contract Tower,17,29,18,1,65,0,0,7,0,7,17,29,25,1,72,4,2,6,78
12/08/2021,ATW,WI,AGL,CE,Federal Contract Tower,23,33,13,0,69,0,1,26,1,28,23,34,39,1,97,44,2,46,143
12/09/2021,ATW,WI,AGL,CE,Federal Contract Tower,21,34,15,0,70,0,0,0,0,0,21,34,15,0,70,0,0,0,70
12/10/2021,ATW,WI,AGL,CE,Federal Contract Tower,14,30,11,0,55,0,0,7,0,7,14,30,18,0,62,22,0,22,84
12/11/2021,ATW,WI,AGL,CE,Federal Contract Tower,15,30,5,0,50,0,0,1,0,1,15,30,6,0,51,0,0,0,51
12/12/2021,ATW,WI,AGL,CE,Federal Contract Tower,15,31,17,0,63,0,0,21,0,21,15,31,38,0,84,4,0,4,88
12/13/2021,ATW,WI,AGL,CE,Federal Contract Tower,16,28,22,0,66,0,3,36,0,39,16,31,58,0,105,66,0,66,171
12/14/2021,ATW,WI,AGL,CE,Federal Contract Tower,16,31,14,0,61,0,0,21,0,21,16,31,35,0,82,22,0,22,104
12/15/2021,ATW,WI,AGL,CE,Federal Contract Tower,16,17,11,0,44,0,0,0,0,0,16,17,11,0,44,0,0,0,44
12/16/2021,ATW,WI,AGL,CE,Federal Contract Tower,20,28,24,0,72,0,0,1,0,1,20,28,25,0,73,0,0,0,73
12/17/2021,ATW,WI,AGL,CE,Federal Contract Tower,16,30,22,0,68,0,0,46,0,46,16,30,68,0,114,104,0,104,218
12/18/2021,ATW,WI,AGL,CE,Federal Contract Tower,7,24,10,0,41,0,0,7,0,7,7,24,17,0,48,8,0,8,56
12/19/2021,ATW,WI,AGL,CE,Federal Contract Tower,10,29,16,0,55,0,3,31,0,34,10,32,47,0,89,78,0,78,167
12/20/2021,ATW,WI,AGL,CE,Federal Contract Tower,10,32,15,0,57,0,1,28,0,29,10,33,43,0,86,24,0,24,110
12/21/2021,ATW,WI,AGL,CE,Federal Contract Tower,20,27,11,0,58,0,0,3,0,3,20,27,14,0,61,10,0,10,71
12/22/2021,ATW,WI,AGL,CE,Federal Contract Tower,15,32,21,0,68,0,0,36,0,36,15,32,57,0,104,18,0,18,122
12/23/2021,ATW,WI,AGL,CE,Federal Contract Tower,20,29,18,0,67,0,0,21,0,21,20,29,39,0,88,8,0,8,96
12/24/2021,ATW,WI,AGL,CE,Federal Contract Tower,8,13,2,0,23,0,0,0,0,0,8,13,2,0,23,0,0,0,23
12/25/2021,ATW,WI,AGL,CE,Federal Contract Tower,6,16,1,0,23,0,0,18,0,18,6,16,19,0,41,12,0,12,53
12/26/2021,ATW,WI,AGL,CE,Federal Contract Tower,10,34,17,0,61,0,0,26,0,26,10,34,43,0,87,12,0,12,99
12/27/2021,ATW,WI,AGL,CE,Federal Contract Tower,12,27,8,1,48,0,0,2,2,4,12,27,10,3,52,4,0,4,56
12/28/2021,ATW,WI,AGL,CE,Federal Contract Tower,17,30,7,0,54,0,0,5,0,5,17,30,12,0,59,24,0,24,83
12/29/2021,ATW,WI,AGL,CE,Federal Contract Tower,10,34,6,0,50,0,0,25,0,25,10,34,31,0,75,10,0,10,85
12/30/2021,ATW,WI,AGL,CE,Federal Contract Tower,18,29,6,0,53,0,0,5,0,5,18,29,11,0,58,8,0,8,66
12/31/2021,ATW,WI,AGL,CE,Federal Contract Tower,11,24,3,0,38,0,0,5,0,5,11,24,8,0,43,28,0,28,71
01/01/2022,ATW,WI,AGL,CE,Federal Contract Tower,10,16,4,0,30,0,0,0,0,0,10,16,4,0,30,0,0,0,30
01/02/2022,ATW,WI,AGL,CE,Federal Contract Tower,8,28,14,0,50,0,0,14,0,14,8,28,28,0,64,0,0,0,64
01/03/2022,ATW,WI,AGL,CE,Federal Contract Tower,11,31,15,0,57,0,1,10,0,11,11,32,25,0,68,6,0,6,74
01/04/2022,ATW,WI,AGL,CE,Federal Contract Tower,10,29,12,0,51,0,0,20,0,20,10,29,32,0,71,6,0,6,77
01/05/2022,ATW,WI,AGL,CE,Federal Contract Tower,15,34,4,0,53,0,0,0,0,0,15,34,4,0,53,0,0,0,53
01/06/2022,ATW,WI,AGL,CE,Federal Contract Tower,12,38,12,0,62,0,0,0,0,0,12,38,12,0,62,0,0,0,62
01/07/2022,ATW,WI,AGL,CE,Federal Contract Tower,10,33,12,0,55,0,0,30,0,30,10,33,42,0,85,8,0,8,93
01/08/2022,ATW,WI,AGL,CE,Federal Contract Tower,8,28,3,0,39,0,0,0,0,0,8,28,3,0,39,0,0,0,39
01/09/2022,ATW,WI,AGL,CE,Federal Contract Tower,11,31,0,0,42,0,0,4,0,4,11,31,4,0,46,0,0,0,46
01/10/2022,ATW,WI,AGL,CE,Federal Contract Tower,9,32,7,0,48,0,2,4,0,6,9,34,11,0,54,6,0,6,60
01/11/2022,ATW,WI,AGL,CE,Federal Contract Tower,11,27,12,0,50,0,0,16,0,16,11,27,28,0,66,16,0,16,82
01/12/2022,ATW,WI,AGL,CE,Federal Contract Tower,14,38,7,0,59,0,7,33,0,40,14,45,40,0,99,58,0,58,157
01/13/2022,ATW,WI,AGL,CE,Federal Contract Tower,10,39,18,0,67,0,0,2,0,2,10,39,20,0,69,14,0,14,83
01/14/2022,ATW,WI,AGL,CE,Federal Contract Tower,10,35,14,0,59,0,0,2,0,2,10,35,16,0,61,0,0,0,61
01/15/2022,ATW,WI,AGL,CE,Federal Contract Tower,9,26,4,0,39,0,0,29,0,29,9,26,33,0,68,14,0,14,82
01/16/2022,ATW,WI,AGL,CE,Federal Contract Tower,6,32,15,0,53,0,0,6,0,6,6,32,21,0,59,2,0,2,61
01/17/2022,ATW,WI,AGL,CE,Federal Contract Tower,7,30,18,0,55,0,0,17,0,17,7,30,35,0,72,14,0,14,86
01/18/2022,ATW,WI,AGL,CE,Federal Contract Tower,9,32,14,0,55,0,0,5,0,5,9,32,19,0,60,2,0,2,62
01/19/2022,ATW,WI,AGL,CE,Federal Contract Tower,14,34,15,0,63,0,13,9,0,22,14,47,24,0,85,4,0,4,89
01/20/2022,ATW,WI,AGL,CE,Federal Contract Tower,12,36,10,2,60,0,0,23,2,25,12,36,33,4,85,50,30,80,165
01/21/2022,ATW,WI,AGL,CE,Federal Contract Tower,9,39,21,0,69,0,0,27,0,27,9,39,48,0,96,32,0,32,128
01/22/2022,ATW,WI,AGL,CE,Federal Contract Tower,8,26,7,0,41,0,0,2,0,2,8,26,9,0,43,0,0,0,43
01/23/2022,ATW,WI,AGL,CE,Federal Contract Tower,10,32,10,0,52,0,0,23,0,23,10,32,33,0,75,42,0,42,117
01/24/2022,ATW,WI,AGL,CE,Federal Contract Tower,9,36,10,0,55,0,0,8,0,8,9,36,18,0,63,0,0,0,63
01/25/2022,ATW,WI,AGL,CE,Federal Contract Tower,10,30,19,0,59,0,0,6,0,6,10,30,25,0,65,2,0,2,67
01/26/2022,ATW,WI,AGL,CE,Federal Contract Tower,14,48,13,0,75,0,2,4,0,6,14,50,17,0,81,4,0,4,85
01/27/2022,ATW,WI,AGL,CE,Federal Contract Tower,12,40,21,0,73,0,0,11,0,11,12,40,32,0,84,12,0,12,96
01/28/2022,ATW,WI,AGL,CE,Federal Contract Tower,11,38,15,0,64,0,0,26,0,26,11,38,41,0,90,16,0,16,106
01/29/2022,ATW,WI,AGL,CE,Federal Contract Tower,9,28,7,1,45,0,0,15,0,15,9,28,22,1,60,30,0,30,90
01/30/2022,ATW,WI,AGL,CE,Federal Contract Tower,9,33,13,0,55,0,0,25,0,25,9,33,38,0,80,48,0,48,128
01/31/2022,ATW,WI,AGL,CE,Federal Contract Tower,9,34,17,0,60,0,5,16,0,21,9,39,33,0,81,34,0,34,115
02/01/2022,ATW,WI,AGL,CE,Federal Contract Tower,18,25,15,0,58,0,3,11,0,14,18,28,26,0,72,8,0,8,80
02/02/2022,ATW,WI,AGL,CE,Federal Contract Tower,22,14,8,0,44,0,1,23,0,24,22,15,31,0,68,18,0,18,86
02/03/2022,ATW,WI,AGL,CE,Federal Contract Tower,15,34,11,0,60,0,0,18,0,18,15,34,29,0,78,0,0,0,78
02/04/2022,ATW,WI,AGL,CE,Federal Contract Tower,7,39,7,0,53,0,0,1,0,1,7,39,8,0,54,0,0,0,54
02/05/2022,ATW,WI,AGL,CE,Federal Contract Tower,11,34,4,0,49,0,0,6,0,6,11,34,10,0,55,0,0,0,55
02/06/2022,ATW,WI,AGL,CE,Federal Contract Tower,11,31,12,0,54,0,0,17,0,17,11,31,29,0,71,40,0,40,111
02/07/2022,ATW,WI,AGL,CE,Federal Contract Tower,11,28,15,0,54,0,0,23,0,23,11,28,38,0,77,10,0,10,87
02/08/2022,ATW,WI,AGL,CE,Federal Contract Tower,16,35,17,0,68,0,1,32,0,33,16,36,49,0,101,28,0,28,129
02/09/2022,ATW,WI,AGL,CE,Federal Contract Tower,16,31,17,0,64,0,0,0,0,0,16,31,17,0,64,0,0,0,64
02/10/2022,ATW,WI,AGL,CE,Federal Contract Tower,14,29,20,0,63,0,0,8,0,8,14,29,28,0,71,10,0,10,81
02/11/2022,ATW,WI,AGL,CE,Federal Contract Tower,12,27,10,0,49,0,0,3,0,3,12,27,13,0,52,14,0,14,66
02/12/2022,ATW,WI,AGL,CE,Federal Contract Tower,13,26,10,0,49,0,0,31,0,31,13,26,41,0,80,8,0,8,88
02/13/2022,ATW,WI,AGL,CE,Federal Contract Tower,11,33,10,0,54,0,0,45,0,45,11,33,55,0,99,36,0,36,135
02/14/2022,ATW,WI,AGL,CE,Federal Contract Tower,9,26,16,0,51,0,2,14,0,16,9,28,30,0,67,26,0,26,93
02/15/2022,ATW,WI,AGL,CE,Federal Contract Tower,14,27,17,0,58,0,0,11,0,11,14,27,28,0,69,0,0,0,69
02/16/2022,ATW,WI,AGL,CE,Federal Contract Tower,16,28,10,0,54,0,0,5,0,5,16,28,15,0,59,0,0,0,59
02/17/2022,ATW,WI,AGL,CE,Federal Contract Tower,13,26,18,0,57,0,4,20,0,24,13,30,38,0,81,18,0,18,99
02/18/2022,ATW,WI,AGL,CE,Federal Contract Tower,18,36,25,0,79,0,0,4,0,4,18,36,29,0,83,6,0,6,89
02/19/2022,ATW,WI,AGL,CE,Federal Contract Tower,17,25,6,0,48,0,0,30,0,30,17,25,36,0,78,24,0,24,102
02/20/2022,ATW,WI,AGL,CE,Federal Contract Tower,13,27,8,0,48,0,0,7,0,7,13,27,15,0,55,0,0,0,55
02/21/2022,ATW,WI,AGL,CE,Federal Contract Tower,15,26,21,0,62,0,0,0,0,0,15,26,21,0,62,0,0,0,62
02/22/2022,ATW,WI,AGL,CE,Federal Contract Tower,14,30,4,0,48,0,0,0,0,0,14,30,4,0,48,0,0,0,48
02/23/2022,ATW,WI,AGL,CE,Federal Contract Tower,17,32,22,1,72,0,0,30,0,30,17,32,52,1,102,46,0,46,148
02/24/2022,ATW,WI,AGL,CE,Federal Contract Tower,14,35,6,0,55,0,0,5,0,5,14,35,11,0,60,2,0,2,62
02/25/2022,ATW,WI,AGL,CE,Federal Contract Tower,18,27,14,0,59,0,0,30,0,30,18,27,44,0,89,18,0,18,107
02/26/2022,ATW,WI,AGL,CE,Federal Contract Tower,17,28,5,0,50,0,0,17,0,17,17,28,22,0,67,0,0,0,67
02/27/2022,ATW,WI,AGL,CE,Federal Contract Tower,11,29,17,0,57,0,0,47,0,47,11,29,64,0,104,8,0,8,112
02/28/2022,ATW,WI,AGL,CE,Federal Contract Tower,14,32,18,0,64,0,0,21,0,21,14,32,39,0,85,38,0,38,123
03/01/2022,ATW,WI,AGL,CE,Federal Contract Tower,16,27,14,0,57,0,0,34,0,34,16,27,48,0,91,50,0,50,141
03/02/2022,ATW,WI,AGL,CE,Federal Contract Tower,16,40,15,0,71,0,0,9,0,9,16,40,24,0,80,2,0,2,82
03/03/2022,ATW,WI,AGL,CE,Federal Contract Tower,18,32,15,0,65,0,0,47,0,47,18,32,62,0,112,40,0,40,152
03/04/2022,ATW,WI,AGL,CE,Federal Contract Tower,20,36,11,0,67,0,0,34,0,34,20,36,45,0,101,52,0,52,153
03/05/2022,ATW,WI,AGL,CE,Federal Contract Tower,17,26,6,0,49,0,0,1,0,1,17,26,7,0,50,0,0,0,50
03/06/2022,ATW,WI,AGL,CE,Federal Contract Tower,14,33,7,0,54,0,0,2,0,2,14,33,9,0,56,0,0,0,56
03/07/2022,ATW,WI,AGL,CE,Federal Contract Tower,12,31,11,0,54,0,0,1,0,1,12,31,12,0,55,6,0,6,61
03/08/2022,ATW,WI,AGL,CE,Federal Contract Tower,12,30,11,0,53,0,0,23,0,23,12,30,34,0,76,20,0,20,96
03/09/2022,ATW,WI,AGL,CE,Federal Contract Tower,12,33,14,0,59,0,0,11,0,11,12,33,25,0,70,6,0,6,76
03/10/2022,ATW,WI,AGL,CE,Federal Contract Tower,14,34,25,0,73,0,0,20,0,20,14,34,45,0,93,0,0,0,93
03/11/2022,ATW,WI,AGL,CE,Federal Contract Tower,17,31,12,0,60,0,0,4,0,4,17,31,16,0,64,0,0,0,64
03/12/2022,ATW,WI,AGL,CE,Federal Contract Tower,12,28,6,0,46,0,0,19,0,19,12,28,25,0,65,0,0,0,65
03/13/2022,ATW,WI,AGL,CE,Federal Contract Tower,11,31,6,0,48,0,0,26,0,26,11,31,32,0,74,20,0,20,94
03/14/2022,ATW,WI,AGL,CE,Federal Contract Tower,14,30,17,0,61,0,0,10,0,10,14,30,27,0,71,8,0,8,79
03/15/2022,ATW,WI,AGL,CE,Federal Contract Tower,11,31,14,0,56,0,0,29,0,29,11,31,43,0,85,58,0,58,143
03/16/2022,ATW,WI,AGL,CE,Federal Contract Tower,14,36,18,0,68,0,1,22,0,23,14,37,40,0,91,22,0,22,113
03/17/2022,ATW,WI,AGL,CE,Federal Contract Tower,10,27,14,0,51,0,0,32,0,32,10,27,46,0,83,44,0,44,127
03/18/2022,ATW,WI,AGL,CE,Federal Contract Tower,20,27,11,0,58,0,0,0,0,0,20,27,11,0,58,0,0,0,58
03/19/2022,ATW,WI,AGL,CE,Federal Contract Tower,13,31,14,0,58,0,0,8,0,8,13,31,22,0,66,20,0,20,86
03/20/2022,ATW,WI,AGL,CE,Federal Contract Tower,13,42,15,0,70,0,1,55,0,56,13,43,70,0,126,54,0,54,180
03/21/2022,ATW,WI,AGL,CE,Federal Contract Tower,17,34,14,0,65,0,0,16,0,16,17,34,30,0,81,10,0,10,91
03/22/2022,ATW,WI,AGL,CE,Federal Contract Tower,16,37,7,0,60,0,0,0,0,0,16,37,7,0,60,0,0,0,60
03/23/2022,ATW,WI,AGL,CE,Federal Contract Tower,13,30,9,0,52,0,0,0,0,0,13,30,9,0,52,0,0,0,52
03/24/2022,ATW,WI,AGL,CE,Federal Contract Tower,14,34,18,0,66,0,0,0,0,0,14,34,18,0,66,0,0,0,66
03/25/2022,ATW,WI,AGL,CE,Federal Contract Tower,17,39,23,0,79,0,0,0,0,0,17,39,23,0,79,0,0,0,79
03/26/2022,ATW,WI,AGL,CE,Federal Contract Tower,14,29,9,0,52,0,6,5,0,11,14,35,14,0,63,10,0,10,73
03/27/2022,ATW,WI,AGL,CE,Federal Contract Tower,12,42,11,0,65,0,0,30,0,30,12,42,41,0,95,8,0,8,103
03/28/2022,ATW,WI,AGL,CE,Federal Contract Tower,15,33,22,0,70,0,0,46,0,46,15,33,68,0,116,28,0,28,144
03/29/2022,ATW,WI,AGL,CE,Federal Contract Tower,13,39,13,0,65,0,0,16,0,16,13,39,29,0,81,12,0,12,93
03/30/2022,ATW,WI,AGL,CE,Federal Contract Tower,14,37,8,0,59,0,0,0,0,0,14,37,8,0,59,0,0,0,59
03/31/2022,ATW,WI,AGL,CE,Federal Contract Tower,8,37,10,0,55,0,0,0,0,0,8,37,10,0,55,0,0,0,55
04/01/2022,ATW,WI,AGL,CE,Federal Contract Tower,12,32,13,0,57,0,0,50,0,50,12,32,63,0,107,48,0,48,155
04/02/2022,ATW,WI,AGL,CE,Federal Contract Tower,7,26,4,0,37,0,0,0,0,0,7,26,4,0,37,0,0,0,37
04/03/2022,ATW,WI,AGL,CE,Federal Contract Tower,10,31,10,0,51,0,2,40,0,42,10,33,50,0,93,52,0,52,145
04/04/2022,ATW,WI,AGL,CE,Federal Contract Tower,16,31,10,0,57,0,0,0,0,0,16,31,10,0,57,0,0,0,57
04/05/2022,ATW,WI,AGL,CE,Federal Contract Tower,9,34,15,0,58,0,0,0,0,0,9,34,15,0,58,0,0,0,58
04/06/2022,ATW,WI,AGL,CE,Federal Contract Tower,9,31,14,0,54,0,0,8,0,8,9,31,22,0,62,0,0,0,62
04/07/2022,ATW,WI,AGL,CE,Federal Contract Tower,11,34,12,0,57,0,0,0,0,0,11,34,12,0,57,0,0,0,57
04/08/2022,ATW,WI,AGL,CE,Federal Contract Tower,16,39,16,0,71,0,0,0,0,0,16,39,16,0,71,0,0,0,71
04/09/2022,ATW,WI,AGL,CE,Federal Contract Tower,9,31,12,0,52,0,1,59,0,60,9,32,71,0,112,74,0,74,186
04/10/2022,ATW,WI,AGL,CE,Federal Contract Tower,9,38,10,0,57,0,4,35,0,39,9,42,45,0,96,28,0,28,124
04/11/2022,ATW,WI,AGL,CE,Federal Contract Tower,14,39,16,0,69,0,0,19,0,19,14,39,35,0,88,22,0,22,110
04/12/2022,ATW,WI,AGL,CE,Federal Contract Tower,13,37,15,0,65,0,0,22,0,22,13,37,37,0,87,16,0,16,103
04/13/2022,ATW,WI,AGL,CE,Federal Contract Tower,10,34,9,0,53,0,0,0,0,0,10,34,9,0,53,0,0,0,53
04/14/2022,ATW,WI,AGL,CE,Federal Contract Tower,12,44,18,0,74,0,0,0,0,0,12,44,18,0,74,0,0,0,74
04/15/2022,ATW,WI,AGL,CE,Federal Contract Tower,15,33,14,0,62,0,0,4,0,4,15,33,18,0,66,0,0,0,66
04/16/2022,ATW,WI,AGL,CE,Federal Contract Tower,9,27,7,0,43,0,0,20,0,20,9,27,27,0,63,22,0,22,85
04/17/2022,ATW,WI,AGL,CE,Federal Contract Tower,11,36,5,0,52,0,0,17,0,17,11,36,22,0,69,28,0,28,97
04/18/2022,ATW,WI,AGL,CE,Federal Contract Tower,16,51,18,0,85,0,0,0,0,0,16,51,18,0,85,0,0,0,85
04/19/2022,ATW,WI,AGL,CE,Federal Contract Tower,13,29,16,0,58,0,0,53,0,53,13,29,69,0,111,74,0,74,185
04/20/2022,ATW,WI,AGL,CE,Federal Contract Tower,10,36,10,0,56,0,0,4,0,4,10,36,14,0,60,0,0,0,60
04/21/2022,ATW,WI,AGL,CE,Federal Contract Tower,12,36,14,0,62,0,0,20,0,20,12,36,34,0,82,26,0,26,108
04/22/2022,ATW,WI,AGL,CE,Federal Contract Tower,16,38,7,0,61,0,2,8,0,10,16,40,15,0,71,8,0,8,79
04/23/2022,ATW,WI,AGL,CE,Federal Contract Tower,9,26,8,0,43,0,0,23,0,23,9,26,31,0,66,24,0,24,90
04/24/2022,ATW,WI,AGL,CE,Federal Contract Tower,11,36,7,0,54,0,0,0,0,0,11,36,7,0,54,0,0,0,54
04/25/2022,ATW,WI,AGL,CE,Federal Contract Tower,15,42,9,0,66,0,0,14,0,14,15,42,23,0,80,20,0,20,100
04/26/2022,ATW,WI,AGL,CE,Federal Contract Tower,9,32,12,0,53,0,0,11,0,11,9,32,23,0,64,14,0,14,78
04/27/2022,ATW,WI,AGL,CE,Federal Contract Tower,8,43,18,0,69,0,0,43,0,43,8,43,61,0,112,30,0,30,142
04/28/2022,ATW,WI,AGL,CE,Federal Contract Tower,12,34,18,0,64,0,0,26,0,26,12,34,44,0,90,36,0,36,126
04/29/2022,ATW,WI,AGL,CE,Federal Contract Tower,14,41,14,0,69,0,0,31,0,31,14,41,45,0,100,104,0,104,204
04/30/2022,ATW,WI,AGL,CE,Federal Contract Tower,7,27,2,1,37,0,0,0,0,0,7,27,2,1,37,0,0,0,37
05/01/2022,ATW,WI,AGL,CE,Federal Contract Tower,8,36,10,0,54,0,0,0,0,0,8,36,10,0,54,0,0,0,54
05/02/2022,ATW,WI,AGL,CE,Federal Contract Tower,14,33,18,1,66,0,0,19,1,20,14,33,37,2,86,54,0,54,140
05/03/2022,ATW,WI,AGL,CE,Federal Contract Tower,6,34,9,0,49,0,0,2,0,2,6,34,11,0,51,4,0,4,55
05/04/2022,ATW,WI,AGL,CE,Federal Contract Tower,8,47,22,0,77,0,0,47,0,47,8,47,69,0,124,58,0,58,182
05/05/2022,ATW,WI,AGL,CE,Federal Contract Tower,14,34,21,0,69,0,0,34,0,34,14,34,55,0,103,42,0,42,145
05/06/2022,ATW,WI,AGL,CE,Federal Contract Tower,19,37,20,0,76,0,0,29,0,29,19,37,49,0,105,72,0,72,177
05/07/2022,ATW,WI,AGL,CE,Federal Contract Tower,11,29,6,0,46,0,0,45,0,45,11,29,51,0,91,46,0,46,137
05/08/2022,ATW,WI,AGL,CE,Federal Contract Tower,14,34,9,0,57,0,0,9,0,9,14,34,18,0,66,14,0,14,80
05/09/2022,ATW,WI,AGL,CE,Federal Contract Tower,18,38,18,0,74,0,2,2,0,4,18,40,20,0,78,2,0,2,80
05/10/2022,ATW,WI,AGL,CE,Federal Contract Tower,7,32,22,0,61,0,1,8,0,9,7,33,30,0,70,32,0,32,102
05/11/2022,ATW,WI,AGL,CE,Federal Contract Tower,10,26,15,2,53,0,1,6,0,7,10,27,21,2,60,8,0,8,68
05/12/2022,ATW,WI,AGL,CE,Federal Contract Tower,14,36,17,0,67,0,3,20,0,23,14,39,37,0,90,46,0,46,136
05/13/2022,ATW,WI,AGL,CE,Federal Contract Tower,19,33,22,0,74,0,4,27,0,31,19,37,49,0,105,38,0,38,143
05/14/2022,ATW,WI,AGL,CE,Federal Contract Tower,10,34,6,0,50,0,1,44,12,57,10,35,50,12,107,64,0,64,171
05/15/2022,ATW,WI,AGL,CE,Federal Contract Tower,12,27,15,0,54,0,7,39,0,46,12,34,54,0,100,70,0,70,170
05/16/2022,ATW,WI,AGL,CE,Federal Contract Tower,16,38,25,0,79,0,0,12,0,12,16,38,37,0,91,6,0,6,97
05/17/2022,ATW,WI,AGL,CE,Federal Contract Tower,7,35,13,0,55,0,1,40,0,41,7,36,53,0,96,32,0,32,128
05/18/2022,ATW,WI,AGL,CE,Federal Contract Tower,15,41,18,4,78,0,0,25,4,29,15,41,43,8,107,20,0,20,127
05/19/2022,ATW,WI,AGL,CE,Federal Contract Tower,14,40,15,0,69,0,2,24,0,26,14,42,39,0,95,40,0,40,135
05/20/2022,ATW,WI,AGL,CE,Federal Contract Tower,13,38,16,0,67,0,1,13,0,14,13,39,29,0,81,44,0,44,125
05/21/2022,ATW,WI,AGL,CE,Federal Contract Tower,10,26,10,0,46,0,0,32,0,32,10,26,42,0,78,16,0,16,94
05/22/2022,ATW,WI,AGL,CE,Federal Contract Tower,11,30,5,0,46,0,2,28,0,30,11,32,33,0,76,44,0,44,120
05/23/2022,ATW,WI,AGL,CE,Federal Contract Tower,13,40,17,0,70,0,2,38,0,40,13,42,55,0,110,50,0,50,160
05/24/2022,ATW,WI,AGL,CE,Federal Contract Tower,7,28,12,0,47,36,0,0,0,36,43,28,12,0,83,24,0,24,107
05/25/2022,ATW,WI,AGL,CE,Federal Contract Tower,11,34,13,0,58,0,0,4,0,4,11,34,17,0,62,6,0,6,68
05/26/2022,ATW,WI,AGL,CE,Federal Contract Tower,13,36,19,0,68,0,0,2,0,2,13,36,21,0,70,0,0,0,70
05/27/2022,ATW,WI,AGL,CE,Federal Contract Tower,19,33,11,0,63,0,2,35,0,37,19,35,46,0,100,6,0,6,106
05/28/2022,ATW,WI,AGL,CE,Federal Contract Tower,11,26,3,1,41,0,0,24,0,24,11,26,27,1,65,10,0,10,75
05/29/2022,ATW,WI,AGL,CE,Federal Contract Tower,13,23,5,0,41,0,0,21,0,21,13,23,26,0,62,26,0,26,88
05/30/2022,ATW,WI,AGL,CE,Federal Contract Tower,14,29,12,0,55,0,10,2,0,12,14,39,14,0,67,24,0,24,91
05/31/2022,ATW,WI,AGL,CE,Federal Contract Tower,4,30,15,0,49,0,0,3,0,3,4,30,18,0,52,4,0,4,56
06/01/2022,ATW,WI,AGL,CE,Federal Contract Tower,12,38,11,0,61,0,1,32,0,33,12,39,43,0,94,56,0,56,150
06/02/2022,ATW,WI,AGL,CE,Federal Contract Tower,14,39,16,0,69,0,4,27,0,31,14,43,43,0,100,40,0,40,140
06/03/2022,ATW,WI,AGL,CE,Federal Contract Tower,13,32,11,0,56,0,0,11,0,11,13,32,22,0,67,38,0,38,105
06/04/2022,ATW,WI,AGL,CE,Federal Contract Tower,10,34,9,0,53,0,12,39,0,51,10,46,48,0,104,56,0,56,160
06/05/2022,ATW,WI,AGL,CE,Federal Contract Tower,10,26,18,0,54,0,0,0,0,0,10,26,18,0,54,0,0,0,54
06/06/2022,ATW,WI,AGL,CE,Federal Contract Tower,18,28,25,0,71,0,0,4,0,4,18,28,29,0,75,8,0,8,83
06/07/2022,ATW,WI,AGL,CE,Federal Contract Tower,10,31,26,0,67,0,0,35,0,35,10,31,61,0,102,34,0,34,136
06/08/2022,ATW,WI,AGL,CE,Federal Contract Tower,12,38,23,0,73,0,0,3,0,3,12,38,26,0,76,10,0,10,86
06/09/2022,ATW,WI,AGL,CE,Federal Contract Tower,14,34,21,0,69,0,0,22,2,24,14,34,43,2,93,24,6,30,123
06/10/2022,ATW,WI,AGL,CE,Federal Contract Tower,18,32,11,0,61,0,0,35,0,35,18,32,46,0,96,50,0,50,146
06/11/2022,ATW,WI,AGL,CE,Federal Contract Tower,12,27,4,0,43,0,0,11,0,11,12,27,15,0,54,12,0,12,66
06/12/2022,ATW,WI,AGL,CE,Federal Contract Tower,13,37,20,0,70,0,0,41,0,41,13,37,61,0,111,12,0,12,123
06/13/2022,ATW,WI,AGL,CE,Federal Contract Tower,21,23,20,0,64,0,0,8,0,8,21,23,28,0,72,4,0,4,76
06/14/2022,ATW,WI,AGL,CE,Federal Contract Tower,11,35,18,0,64,0,0,29,0,29,11,35,47,0,93,14,0,14,107
06/15/2022,ATW,WI,AGL,CE,Federal Contract Tower,13,40,12,0,65,0,0,10,0,10,13,40,22,0,75,18,0,18,93
06/16/2022,ATW,WI,AGL,CE,Federal Contract Tower,15,26,14,3,58,0,5,5,0,10,15,31,19,3,68,14,0,14,82
06/17/2022,ATW,WI,AGL,CE,Federal Contract Tower,15,38,15,0,68,0,0,42,0,42,15,38,57,0,110,38,0,38,148
06/18/2022,ATW,WI,AGL,CE,Federal Contract Tower,12,25,7,0,44,0,1,44,0,45,12,26,51,0,89,24,0,24,113
06/19/2022,ATW,WI,AGL,CE,Federal Contract Tower,14,25,10,0,49,0,0,36,0,36,14,25,46,0,85,8,0,8,93
06/20/2022,ATW,WI,AGL,CE,Federal Contract Tower,17,34,16,0,67,0,7,36,0,43,17,41,52,0,110,80,0,80,190
06/21/2022,ATW,WI,AGL,CE,Federal Contract Tower,11,36,11,0,58,0,5,31,0,36,11,41,42,0,94,38,0,38,132
06/22/2022,ATW,WI,AGL,CE,Federal Contract Tower,16,34,19,1,70,0,0,37,0,37,16,34,56,1,107,75,0,75,182
06/23/2022,ATW,WI,AGL,CE,Federal Contract Tower,15,31,7,0,53,0,0,74,0,74,15,31,81,0,127,54,0,54,181
06/24/2022,ATW,WI,AGL,CE,Federal Contract Tower,17,34,18,0,69,0,0,36,0,36,17,34,54,0,105,58,0,58,163
06/25/2022,ATW,WI,AGL,CE,Federal Contract Tower,9,26,13,0,48,0,0,8,0,8,9,26,21,0,56,10,0,10,66
06/26/2022,ATW,WI,AGL,CE,Federal Contract Tower,15,26,14,1,56,0,1,15,0,16,15,27,29,1,72,14,0,14,86
06/27/2022,ATW,WI,AGL,CE,Federal Contract Tower,20,29,22,1,72,0,2,57,0,59,20,31,79,1,131,60,0,60,191
06/28/2022,ATW,WI,AGL,CE,Federal Contract Tower,9,32,14,0,55,0,0,16,0,16,9,32,30,0,71,16,0,16,87
06/29/2022,ATW,WI,AGL,CE,Federal Contract Tower,14,34,13,0,61,0,0,46,0,46,14,34,59,0,107,126,0,126,233
06/30/2022,ATW,WI,AGL,CE,Federal Contract Tower,15,37,13,0,65,0,5,13,0,18,15,42,26,0,83,34,0,34,117
07/01/2022,ATW,WI,AGL,CE,Federal Contract Tower,14,31,14,0,59,0,1,46,0,47,14,32,60,0,106,48,0,48,154
07/02/2022,ATW,WI,AGL,CE,Federal Contract Tower,9,27,10,0,46,0,0,31,0,31,9,27,41,0,77,2,0,2,79
07/03/2022,ATW,WI,AGL,CE,Federal Contract Tower,10,24,5,0,39,0,0,43,0,43,10,24,48,0,82,10,0,10,92
07/04/2022,ATW,WI,AGL,CE,Federal Contract Tower,16,19,7,0,42,0,0,10,0,10,16,19,17,0,52,30,0,30,82
07/05/2022,ATW,WI,AGL,CE,Federal Contract Tower,10,34,10,0,54,0,0,14,0,14,10,34,24,0,68,52,0,52,120
07/06/2022,ATW,WI,AGL,CE,Federal Contract Tower,11,34,23,0,68,0,0,9,0,9,11,34,32,0,77,40,0,40,117
07/07/2022,ATW,WI,AGL,CE,Federal Contract Tower,13,40,10,0,63,0,1,54,1,56,13,41,64,1,119,142,2,144,263
07/08/2022,ATW,WI,AGL,CE,Federal Contract Tower,13,33,13,0,59,0,2,19,0,21,13,35,32,0,80,22,0,22,102
07/09/2022,ATW,WI,AGL,CE,Federal Contract Tower,11,24,5,0,40,40,0,0,0,40,51,24,5,0,80,20,0,20,100
07/10/2022,ATW,WI,AGL,CE,Federal Contract Tower,15,25,10,0,50,0,0,44,0,44,15,25,54,0,94,28,0,28,122
07/11/2022,ATW,WI,AGL,CE,Federal Contract Tower,13,33,19,0,65,0,0,9,0,9,13,33,28,0,74,8,0,8,82
07/12/2022,ATW,WI,AGL,CE,Federal Contract Tower,11,21,26,0,58,0,1,23,0,24,11,22,49,0,82,60,0,60,142
07/13/2022,ATW,WI,AGL,CE,Federal Contract Tower,16,29,16,0,61,0,0,36,0,36,16,29,52,0,97,44,0,44,141
07/14/2022,ATW,WI,AGL,CE,Federal Contract Tower,16,25,12,1,54,0,3,38,1,42,16,28,50,2,96,62,0,62,158
07/15/2022,ATW,WI,AGL,CE,Federal Contract Tower,17,28,17,0,62,0,0,0,0,0,17,28,17,0,62,0,0,0,62
07/16/2022,ATW,WI,AGL,CE,Federal Contract Tower,12,28,9,0,49,0,2,31,0,33,12,30,40,0,82,34,0,34,116
07/17/2022,ATW,WI,AGL,CE,Federal Contract Tower,17,25,13,0,55,0,0,34,0,34,17,25,47,0,89,40,0,40,129
07/18/2022,ATW,WI,AGL,CE,Federal Contract Tower,17,25,11,0,53,0,0,32,0,32,17,25,43,0,85,116,0,116,201
07/19/2022,ATW,WI,AGL,CE,Federal Contract Tower,14,22,21,0,57,0,1,26,0,27,14,23,47,0,84,52,0,52,136
07/20/2022,ATW,WI,AGL,CE,Federal Contract Tower,19,28,21,0,68,0,0,22,0,22,19,28,43,0,90,4,0,4,94
07/21/2022,ATW,WI,AGL,CE,Federal Contract Tower,25,24,13,0,62,0,7,56,0,63,25,31,69,0,125,50,0,50,175
07/22/2022,ATW,WI,AGL,CE,Federal Contract Tower,18,36,14,0,68,0,1,67,4,72,18,37,81,4,140,6,0,6,146
07/23/2022,ATW,WI,AGL,CE,Federal Contract Tower,14,33,34,0,81,0,1,37,3,41,14,34,71,3,122,0,0,0,122
07/24/2022,ATW,WI,AGL,CE,Federal Contract Tower,30,42,161,0,233,0,0,383,0,383,30,42,544,0,616,0,0,0,616
07/25/2022,ATW,WI,AGL,CE,Federal Contract Tower,22,34,72,0,128,0,0,117,0,117,22,34,189,0,245,2,0,2,247
07/26/2022,ATW,WI,AGL,CE,Federal Contract Tower,10,43,92,1,146,0,0,236,0,236,10,43,328,1,382,2,0,2,384
07/27/2022,ATW,WI,AGL,CE,Federal Contract Tower,21,37,103,0,161,0,0,186,0,186,21,37,289,0,347,0,0,0,347
07/28/2022,ATW,WI,AGL,CE,Federal Contract Tower,23,50,123,0,196,0,0,201,0,201,23,50,324,0,397,0,0,0,397
07/29/2022,ATW,WI,AGL,CE,Federal Contract Tower,19,35,95,0,149,0,0,171,0,171,19,35,266,0,320,0,0,0,320
07/30/2022,ATW,WI,AGL,CE,Federal Contract Tower,12,29,54,0,95,0,0,151,0,151,12,29,205,0,246,0,0,0,246
07/31/2022,ATW,WI,AGL,CE,Federal Contract Tower,24,36,66,0,126,0,0,140,0,140,24,36,206,0,266,2,0,2,268
08/01/2022,ATW,WI,AGL,CE,Federal Contract Tower,27,32,48,0,107,0,1,43,0,44,27,33,91,0,151,46,0,46,197
08/02/2022,ATW,WI,AGL,CE,Federal Contract Tower,14,33,14,0,61,0,0,48,0,48,14,33,62,0,109,51,0,51,160
08/03/2022,ATW,WI,AGL,CE,Federal Contract Tower,18,22,5,0,45,0,0,11,0,11,18,22,16,0,56,46,0,46,102
08/04/2022,ATW,WI,AGL,CE,Federal Contract Tower,23,31,34,0,88,0,1,46,0,47,23,32,80,0,135,48,2,50,185
08/05/2022,ATW,WI,AGL,CE,Federal Contract Tower,20,29,7,0,56,0,0,62,0,62,20,29,69,0,118,40,0,40,158
08/06/2022,ATW,WI,AGL,CE,Federal Contract Tower,11,33,10,1,55,0,0,19,0,19,11,33,29,1,74,18,0,18,92
08/07/2022,ATW,WI,AGL,CE,Federal Contract Tower,15,20,10,0,45,0,0,0,0,0,15,20,10,0,45,0,0,0,45
08/08/2022,ATW,WI,AGL,CE,Federal Contract Tower,21,21,25,0,67,0,0,21,0,21,21,21,46,0,88,56,0,56,144
08/09/2022,ATW,WI,AGL,CE,Federal Contract Tower,12,30,21,0,63,0,0,53,0,53,12,30,74,0,116,90,0,90,206
08/10/2022,ATW,WI,AGL,CE,Federal Contract Tower,19,30,16,0,65,0,0,51,0,51,19,30,67,0,116,50,0,50,166
08/11/2022,ATW,WI,AGL,CE,Federal Contract Tower,23,24,17,0,64,0,2,57,0,59,23,26,74,0,123,80,0,80,203
08/12/2022,ATW,WI,AGL,CE,Federal Contract Tower,18,32,9,0,59,0,1,50,0,51,18,33,59,0,110,74,0,74,184
08/13/2022,ATW,WI,AGL,CE,Federal Contract Tower,12,19,10,0,41,0,0,5,0,5,12,19,15,0,46,8,0,8,54
08/14/2022,ATW,WI,AGL,CE,Federal Contract Tower,18,23,17,0,58,0,0,14,0,14,18,23,31,0,72,18,0,18,90
08/15/2022,ATW,WI,AGL,CE,Federal Contract Tower,16,36,24,0,76,0,0,30,0,30,16,36,54,0,106,96,0,96,202
08/16/2022,ATW,WI,AGL,CE,Federal Contract Tower,14,31,14,0,59,0,0,43,0,43,14,31,57,0,102,104,0,104,206
08/17/2022,ATW,WI,AGL,CE,Federal Contract Tower,21,23,26,0,70,0,0,31,0,31,21,23,57,0,101,98,0,98,199
08/18/2022,ATW,WI,AGL,CE,Federal Contract Tower,22,24,10,0,56,0,2,43,0,45,22,26,53,0,101,74,0,74,175
08/19/2022,ATW,WI,AGL,CE,Federal Contract Tower,12,29,15,0,56,0,0,15,0,15,12,29,30,0,71,2,0,2,73
08/20/2022,ATW,WI,AGL,CE,Federal Contract Tower,11,21,5,0,37,0,0,0,0,0,11,21,5,0,37,0,0,0,37
08/21/2022,ATW,WI,AGL,CE,Federal Contract Tower,17,26,12,0,55,0,0,24,0,24,17,26,36,0,79,28,0,28,107
08/22/2022,ATW,WI,AGL,CE,Federal Contract Tower,14,27,21,0,62,0,4,37,0,41,14,31,58,0,103,89,0,89,192
08/23/2022,ATW,WI,AGL,CE,Federal Contract Tower,12,33,12,0,57,0,0,52,0,52,12,33,64,0,109,14,0,14,123
08/24/2022,ATW,WI,AGL,CE,Federal Contract Tower,19,28,7,0,54,0,2,37,0,39,19,30,44,0,93,44,0,44,137
08/25/2022,ATW,WI,AGL,CE,Federal Contract Tower,21,27,20,0,68,0,0,5,0,5,21,27,25,0,73,30,0,30,103
08/26/2022,ATW,WI,AGL,CE,Federal Contract Tower,13,31,21,0,65,0,0,58,0,58,13,31,79,0,123,58,0,58,181
08/27/2022,ATW,WI,AGL,CE,Federal Contract Tower,12,21,8,0,41,0,0,24,0,24,12,21,32,0,65,24,0,24,89
08/28/2022,ATW,WI,AGL,CE,Federal Contract Tower,17,22,15,0,54,0,0,11,0,11,17,22,26,0,65,8,0,8,73
08/29/2022,ATW,WI,AGL,CE,Federal Contract Tower,17,24,21,0,62,0,2,18,0,20,17,26,39,0,82,14,0,14,96
08/30/2022,ATW,WI,AGL,CE,Federal Contract Tower,14,27,16,0,57,0,0,37,0,37,14,27,53,0,94,46,0,46,140
08/31/2022,ATW,WI,AGL,CE,Federal Contract Tower,18,28,16,0,62,0,1,21,0,22,18,29,37,0,84,46,0,46,130
09/01/2022,ATW,WI,AGL,CE,Federal Contract Tower,21,27,15,0,63,0,1,47,0,48,21,28,62,0,111,82,0,82,193
09/02/2022,ATW,WI,AGL,CE,Federal Contract Tower,16,31,6,0,53,0,0,33,0,33,16,31,39,0,86,52,0,52,138
09/03/2022,ATW,WI,AGL,CE,Federal Contract Tower,13,22,9,0,44,0,0,11,0,11,13,22,20,0,55,42,0,42,97
09/04/2022,ATW,WI,AGL,CE,Federal Contract Tower,16,19,8,0,43,0,2,5,0,7,16,21,13,0,50,18,0,18,68
09/05/2022,ATW,WI,AGL,CE,Federal Contract Tower,14,25,5,0,44,0,13,24,0,37,14,38,29,0,81,28,0,28,109
09/06/2022,ATW,WI,AGL,CE,Federal Contract Tower,11,24,19,0,54,0,1,28,0,29,11,25,47,0,83,124,0,124,207
09/07/2022,ATW,WI,AGL,CE,Federal Contract Tower,17,20,11,0,48,0,1,37,0,38,17,21,48,0,86,54,0,54,140
09/08/2022,ATW,WI,AGL,CE,Federal Contract Tower,25,21,11,2,59,0,0,29,0,29,25,21,40,2,88,22,8,30,118
09/09/2022,ATW,WI,AGL,CE,Federal Contract Tower,13,29,6,0,48,0,0,34,0,34,13,29,40,0,82,40,0,40,122
09/10/2022,ATW,WI,AGL,CE,Federal Contract Tower,12,17,16,0,45,0,0,0,0,0,12,17,16,0,45,0,0,0,45
09/11/2022,ATW,WI,AGL,CE,Federal Contract Tower,18,22,12,0,52,0,0,1,0,1,18,22,13,0,53,0,0,0,53
09/12/2022,ATW,WI,AGL,CE,Federal Contract Tower,7,34,15,0,56,0,0,0,0,0,7,34,15,0,56,0,0,0,56
09/13/2022,ATW,WI,AGL,CE,Federal Contract Tower,8,37,13,0,58,0,0,56,0,56,8,37,69,0,114,79,0,79,193
09/14/2022,ATW,WI,AGL,CE,Federal Contract Tower,12,31,17,0,60,0,0,48,0,48,12,31,65,0,108,106,0,106,214
09/15/2022,ATW,WI,AGL,CE,Federal Contract Tower,18,40,20,1,79,0,1,44,0,45,18,41,64,1,124,16,2,18,142
09/16/2022,ATW,WI,AGL,CE,Federal Contract Tower,10,31,16,0,57,0,0,33,0,33,10,31,49,0,90,53,0,53,143
09/17/2022,ATW,WI,AGL,CE,Federal Contract Tower,8,25,6,0,39,0,2,19,0,21,8,27,25,0,60,16,0,16,76
09/18/2022,ATW,WI,AGL,CE,Federal Contract Tower,12,33,17,0,62,0,0,17,0,17,12,33,34,0,79,0,0,0,79
09/19/2022,ATW,WI,AGL,CE,Federal Contract Tower,10,39,15,0,64,0,0,41,0,41,10,39,56,0,105,114,0,114,219
09/20/2022,ATW,WI,AGL,CE,Federal Contract Tower,14,36,16,0,66,0,0,17,0,17,14,36,33,0,83,42,0,42,125
09/21/2022,ATW,WI,AGL,CE,Federal Contract Tower,14,28,22,0,64,0,0,34,0,34,14,28,56,0,98,58,0,58,156
09/22/2022,ATW,WI,AGL,CE,Federal Contract Tower,16,42,10,0,68,0,1,30,0,31,16,43,40,0,99,42,0,42,141
09/23/2022,ATW,WI,AGL,CE,Federal Contract Tower,10,31,20,0,61,0,0,42,0,42,10,31,62,0,103,58,0,58,161
09/24/2022,ATW,WI,AGL,CE,Federal Contract Tower,7,29,7,0,43,0,0,5,0,5,7,29,12,0,48,0,0,0,48
09/25/2022,ATW,WI,AGL,CE,Federal Contract Tower,13,27,9,0,49,0,0,1,0,1,13,27,10,0,50,6,0,6,56
09/26/2022,ATW,WI,AGL,CE,Federal Contract Tower,10,32,17,0,59,0,0,0,0,0,10,32,17,0,59,0,0,0,59
09/27/2022,ATW,WI,AGL,CE,Federal Contract Tower,8,32,17,1,58,0,14,6,6,26,8,46,23,7,84,16,0,16,100
09/28/2022,ATW,WI,AGL,CE,Federal Contract Tower,13,35,25,0,73,0,0,55,0,55,13,35,80,0,128,90,0,90,218
09/29/2022,ATW,WI,AGL,CE,Federal Contract Tower,12,40,10,1,63,0,1,43,2,46,12,41,53,3,109,66,0,66,175
09/30/2022,ATW,WI,AGL,CE,Federal Contract Tower,8,33,22,0,63,0,0,53,0,53,8,33,75,0,116,78,0,78,194
10/01/2022,ATW,WI,AGL,CE,Federal Contract Tower,9,28,13,0,50,0,0,45,0,45,9,28,58,0,95,42,0,42,137
10/02/2022,ATW,WI,AGL,CE,Federal Contract Tower,11,30,22,0,63,0,0,7,0,7,11,30,29,0,70,4,0,4,74
10/03/2022,ATW,WI,AGL,CE,Federal Contract Tower,9,30,26,0,65,0,0,48,0,48,9,30,74,0,113,46,0,46,159
10/04/2022,ATW,WI,AGL,CE,Federal Contract Tower,7,31,15,0,53,0,0,48,0,48,7,31,63,0,101,72,0,72,173
10/05/2022,ATW,WI,AGL,CE,Federal Contract Tower,12,28,19,0,59,0,0,54,0,54,12,28,73,0,113,42,0,42,155
10/06/2022,ATW,WI,AGL,CE,Federal Contract Tower,18,30,13,0,61,0,2,20,0,22,18,32,33,0,83,12,0,12,95
10/07/2022,ATW,WI,AGL,CE,Federal Contract Tower,11,28,22,0,61,0,0,39,0,39,11,28,61,0,100,38,0,38,138
10/08/2022,ATW,WI,AGL,CE,Federal Contract Tower,11,27,6,0,44,0,0,22,0,22,11,27,28,0,66,14,0,14,80
10/09/2022,ATW,WI,AGL,CE,Federal Contract Tower,14,36,6,0,56,0,0,42,0,42,14,36,48,0,98,52,0,52,150
10/10/2022,ATW,WI,AGL,CE,Federal Contract Tower,10,25,6,0,41,0,0,34,0,34,10,25,40,0,75,44,0,44,119
10/11/2022,ATW,WI,AGL,CE,Federal Contract Tower,8,36,23,0,67,0,0,9,0,9,8,36,32,0,76,10,0,10,86
10/12/2022,ATW,WI,AGL,CE,Federal Contract Tower,14,29,16,0,59,0,1,3,0,4,14,30,19,0,63,0,0,0,63
10/13/2022,ATW,WI,AGL,CE,Federal Contract Tower,22,31,15,0,68,0,0,8,0,8,22,31,23,0,76,0,0,0,76
10/14/2022,ATW,WI,AGL,CE,Federal Contract Tower,11,36,16,0,63,0,0,20,0,20,11,36,36,0,83,18,0,18,101
10/15/2022,ATW,WI,AGL,CE,Federal Contract Tower,10,38,15,0,63,0,0,15,0,15,10,38,30,0,78,4,0,4,82
10/16/2022,ATW,WI,AGL,CE,Federal Contract Tower,13,29,16,0,58,0,0,11,0,11,13,29,27,0,69,40,0,40,109
10/17/2022,ATW,WI,AGL,CE,Federal Contract Tower,11,36,21,4,72,0,0,2,0,2,11,36,23,4,74,0,0,0,74
10/18/2022,ATW,WI,AGL,CE,Federal Contract Tower,9,35,7,0,51,0,5,1,0,6,9,40,8,0,57,0,0,0,57
10/19/2022,ATW,WI,AGL,CE,Federal Contract Tower,22,29,23,0,74,0,0,36,0,36,22,29,59,0,110,34,0,34,144
10/20/2022,ATW,WI,AGL,CE,Federal Contract Tower,18,42,25,0,85,0,3,49,0,52,18,45,74,0,137,54,0,54,191
10/21/2022,ATW,WI,AGL,CE,Federal Contract Tower,15,29,19,0,63,0,1,27,0,28,15,30,46,0,91,38,0,38,129
10/22/2022,ATW,WI,AGL,CE,Federal Contract Tower,11,30,9,0,50,0,0,42,0,42,11,30,51,0,92,22,0,22,114
10/23/2022,ATW,WI,AGL,CE,Federal Contract Tower,15,28,8,0,51,0,4,34,0,38,15,32,42,0,89,38,0,38,127
10/24/2022,ATW,WI,AGL,CE,Federal Contract Tower,7,33,21,0,61,0,0,11,0,11,7,33,32,0,72,4,0,4,76
10/25/2022,ATW,WI,AGL,CE,Federal Contract Tower,7,31,10,0,48,0,0,2,0,2,7,31,12,0,50,6,0,6,56
10/26/2022,ATW,WI,AGL,CE,Federal Contract Tower,14,29,10,0,53,0,0,42,0,42,14,29,52,0,95,46,0,46,141
10/27/2022,ATW,WI,AGL,CE,Federal Contract Tower,19,27,12,0,58,0,0,62,0,62,19,27,74,0,120,72,0,72,192
10/28/2022,ATW,WI,AGL,CE,Federal Contract Tower,12,25,13,0,50,0,3,60,0,63,12,28,73,0,113,50,0,50,163
10/29/2022,ATW,WI,AGL,CE,Federal Contract Tower,10,31,15,0,56,0,0,32,0,32,10,31,47,0,88,62,0,62,150
10/30/2022,ATW,WI,AGL,CE,Federal Contract Tower,16,28,19,0,63,0,0,34,0,34,16,28,53,0,97,58,0,58,155
10/31/2022,ATW,WI,AGL,CE,Federal Contract Tower,10,31,13,0,54,0,0,37,0,37,10,31,50,0,91,26,0,26,117
11/01/2022,ATW,WI,AGL,CE,Federal Contract Tower,9,30,15,2,56,0,0,37,0,37,9,30,52,2,93,34,0,34,127
11/02/2022,ATW,WI,AGL,CE,Federal Contract Tower,17,26,12,1,56,0,0,41,0,41,17,26,53,1,97,24,0,24,121
11/03/2022,ATW,WI,AGL,CE,Federal Contract Tower,19,25,16,0,60,0,0,13,0,13,19,25,29,0,73,6,0,6,79
11/04/2022,ATW,WI,AGL,CE,Federal Contract Tower,11,30,13,0,54,0,0,0,0,0,11,30,13,0,54,0,0,0,54
11/05/2022,ATW,WI,AGL,CE,Federal Contract Tower,10,25,1,0,36,0,0,0,0,0,10,25,1,0,36,0,0,0,36
11/06/2022,ATW,WI,AGL,CE,Federal Contract Tower,13,29,17,0,59,0,0,7,0,7,13,29,24,0,66,0,0,0,66
11/07/2022,ATW,WI,AGL,CE,Federal Contract Tower,14,34,19,0,67,0,0,47,0,47,14,34,66,0,114,76,0,76,190
11/08/2022,ATW,WI,AGL,CE,Federal Contract Tower,9,27,18,0,54,0,4,18,0,22,9,31,36,0,76,30,0,30,106
11/09/2022,ATW,WI,AGL,CE,Federal Contract Tower,17,30,14,0,61,0,0,9,0,9,17,30,23,0,70,24,0,24,94
11/10/2022,ATW,WI,AGL,CE,Federal Contract Tower,15,29,12,0,56,0,0,3,0,3,15,29,15,0,59,4,0,4,63
11/11/2022,ATW,WI,AGL,CE,Federal Contract Tower,9,27,21,0,57,0,0,1,0,1,9,27,22,0,58,14,0,14,72
11/12/2022,ATW,WI,AGL,CE,Federal Contract Tower,10,25,13,0,48,0,0,13,0,13,10,25,26,0,61,8,0,8,69
11/13/2022,ATW,WI,AGL,CE,Federal Contract Tower,15,34,20,0,69,0,0,34,0,34,15,34,54,0,103,47,0,47,150
11/14/2022,ATW,WI,AGL,CE,Federal Contract Tower,11,32,41,0,84,0,0,54,0,54,11,32,95,0,138,66,0,66,204
11/15/2022,ATW,WI,AGL,CE,Federal Contract Tower,6,30,13,0,49,0,0,0,0,0,6,30,13,0,49,0,0,0,49
11/16/2022,ATW,WI,AGL,CE,Federal Contract Tower,10,35,19,0,64,0,2,19,0,21,10,37,38,0,85,80,0,80,165
11/17/2022,ATW,WI,AGL,CE,Federal Contract Tower,20,33,18,0,71,0,0,1,0,1,20,33,19,0,72,0,0,0,72
11/18/2022,ATW,WI,AGL,CE,Federal Contract Tower,10,34,15,1,60,0,0,5,0,5,10,34,20,1,65,0,0,0,65
11/19/2022,ATW,WI,AGL,CE,Federal Contract Tower,10,35,11,0,56,0,0,1,0,1,10,35,12,0,57,0,0,0,57
11/20/2022,ATW,WI,AGL,CE,Federal Contract Tower,14,27,6,0,47,0,0,13,0,13,14,27,19,0,60,32,0,32,92
11/21/2022,ATW,WI,AGL,CE,Federal Contract Tower,11,36,10,0,57,0,0,30,0,30,11,36,40,0,87,58,0,58,145
11/22/2022,ATW,WI,AGL,CE,Federal Contract Tower,18,38,12,0,68,0,2,55,0,57,18,40,67,0,125,60,0,60,185
11/23/2022,ATW,WI,AGL,CE,Federal Contract Tower,20,29,13,0,62,1,6,48,0,55,21,35,61,0,117,78,0,78,195
11/24/2022,ATW,WI,AGL,CE,Federal Contract Tower,5,15,2,0,22,0,0,3,0,3,5,15,5,0,25,0,0,0,25
11/25/2022,ATW,WI,AGL,CE,Federal Contract Tower,10,23,1,0,34,0,0,36,0,36,10,23,37,0,70,70,0,70,140
11/26/2022,ATW,WI,AGL,CE,Federal Contract Tower,15,34,13,0,62,0,2,23,0,25,15,36,36,0,87,14,0,14,101
11/27/2022,ATW,WI,AGL,CE,Federal Contract Tower,12,36,17,0,65,0,1,13,0,14,12,37,30,0,79,44,0,44,123
11/28/2022,ATW,WI,AGL,CE,Federal Contract Tower,16,35,16,0,67,0,2,18,0,20,16,37,34,0,87,32,0,32,119
11/29/2022,ATW,WI,AGL,CE,Federal Contract Tower,11,28,20,0,59,0,0,0,0,0,11,28,20,0,59,0,0,0,59
11/30/2022,ATW,WI,AGL,CE,Federal Contract Tower,16,30,22,0,68,0,0,0,0,0,16,30,22,0,68,0,0,0,68
12/01/2022,ATW,WI,AGL,CE,Federal Contract Tower,25,25,23,0,73,0,0,40,0,40,25,25,63,0,113,42,0,42,155
12/02/2022,ATW,WI,AGL,CE,Federal Contract Tower,16,26,13,0,55,0,0,8,0,8,16,26,21,0,63,12,0,12,75
12/03/2022,ATW,WI,AGL,CE,Federal Contract Tower,14,21,1,0,36,0,0,4,0,4,14,21,5,0,40,0,0,0,40
12/04/2022,ATW,WI,AGL,CE,Federal Contract Tower,15,33,11,0,59,0,2,38,0,40,15,35,49,0,99,26,0,26,125
12/05/2022,ATW,WI,AGL,CE,Federal Contract Tower,13,32,18,0,63,0,0,23,0,23,13,32,41,0,86,38,0,38,124
12/06/2022,ATW,WI,AGL,CE,Federal Contract Tower,13,29,11,0,53,0,2,10,0,12,13,31,21,0,65,44,0,44,109
12/07/2022,ATW,WI,AGL,CE,Federal Contract Tower,18,34,10,0,62,0,0,5,0,5,18,34,15,0,67,14,0,14,81
12/08/2022,ATW,WI,AGL,CE,Federal Contract Tower,20,28,9,0,57,0,2,28,0,30,20,30,37,0,87,38,0,38,125
12/09/2022,ATW,WI,AGL,CE,Federal Contract Tower,14,30,8,0,52,0,0,2,0,2,14,30,10,0,54,2,0,2,56
12/10/2022,ATW,WI,AGL,CE,Federal Contract Tower,13,30,8,0,51,0,0,0,0,0,13,30,8,0,51,0,0,0,51
12/11/2022,ATW,WI,AGL,CE,Federal Contract Tower,15,29,6,0,50,0,0,0,0,0,15,29,6,0,50,0,0,0,50
12/12/2022,ATW,WI,AGL,CE,Federal Contract Tower,12,36,25,0,73,0,0,12,0,12,12,36,37,0,85,18,0,18,103
12/13/2022,ATW,WI,AGL,CE,Federal Contract Tower,8,34,8,0,50,0,0,3,0,3,8,34,11,0,53,0,0,0,53
12/14/2022,ATW,WI,AGL,CE,Federal Contract Tower,12,27,10,0,49,0,0,0,0,0,12,27,10,0,49,0,0,0,49
12/15/2022,ATW,WI,AGL,CE,Federal Contract Tower,16,20,9,0,45,0,0,0,0,0,16,20,9,0,45,0,0,0,45
12/16/2022,ATW,WI,AGL,CE,Federal Contract Tower,20,31,15,0,66,0,0,0,0,0,20,31,15,0,66,0,0,0,66
12/17/2022,ATW,WI,AGL,CE,Federal Contract Tower,13,29,6,0,48,0,0,0,0,0,13,29,6,0,48,2,0,2,50
12/18/2022,ATW,WI,AGL,CE,Federal Contract Tower,13,27,14,0,54,0,2,0,0,2,13,29,14,0,56,0,0,0,56
12/19/2022,ATW,WI,AGL,CE,Federal Contract Tower,15,28,13,1,57,0,0,18,0,18,15,28,31,1,75,14,2,16,91
12/20/2022,ATW,WI,AGL,CE,Federal Contract Tower,20,29,24,4,77,0,2,23,0,25,20,31,47,4,102,32,0,32,134
12/21/2022,ATW,WI,AGL,CE,Federal Contract Tower,21,35,19,0,75,0,0,4,0,4,21,35,23,0,79,0,0,0,79
12/22/2022,ATW,WI,AGL,CE,Federal Contract Tower,13,23,5,0,41,0,0,0,0,0,13,23,5,0,41,0,0,0,41
12/23/2022,ATW,WI,AGL,CE,Federal Contract Tower,1,7,0,0,8,0,0,0,0,0,1,7,0,0,8,0,0,0,8
12/24/2022,ATW,WI,AGL,CE,Federal Contract Tower,6,23,0,0,29,0,0,1,0,1,6,23,1,0,30,0,0,0,30
12/25/2022,ATW,WI,AGL,CE,Federal Contract Tower,8,17,2,0,27,0,0,2,0,2,8,17,4,0,29,0,0,0,29
12/26/2022,ATW,WI,AGL,CE,Federal Contract Tower,16,29,15,0,60,0,0,25,0,25,16,29,40,0,85,22,0,22,107
12/27/2022,ATW,WI,AGL,CE,Federal Contract Tower,13,38,8,0,59,0,0,19,0,19,13,38,27,0,78,24,0,24,102
12/28/2022,ATW,WI,AGL,CE,Federal Contract Tower,26,31,7,0,64,0,0,8,0,8,26,31,15,0,72,12,0,12,84
12/29/2022,ATW,WI,AGL,CE,Federal Contract Tower,24,33,9,0,66,0,0,3,0,3,24,33,12,0,69,6,0,6,75
12/30/2022,ATW,WI,AGL,CE,Federal Contract Tower,38,37,15,0,90,0,0,0,0,0,38,37,15,0,90,0,0,0,90
12/31/2022,ATW,WI,AGL,CE,Federal Contract Tower,18,30,1,0,49,0,0,13,0,13,18,30,14,0,62,0,0,0,62
01/01/2023,ATW,WI,AGL,CE,Federal Contract Tower,11,23,2,0,36,0,2,5,0,7,11,25,7,0,43,4,0,4,47
01/02/2023,ATW,WI,AGL,CE,Federal Contract Tower,14,30,17,0,61,0,0,0,0,0,14,30,17,0,61,0,0,0,61
01/03/2023,ATW,WI,AGL,CE,Federal Contract Tower,12,29,10,0,51,0,0,0,0,0,12,29,10,0,51,0,0,0,51
01/04/2023,ATW,WI,AGL,CE,Federal Contract Tower,17,26,9,0,52,0,0,0,0,0,17,26,9,0,52,0,0,0,52
01/05/2023,ATW,WI,AGL,CE,Federal Contract Tower,18,32,8,0,58,0,0,0,0,0,18,32,8,0,58,0,0,0,58
01/06/2023,ATW,WI,AGL,CE,Federal Contract Tower,12,30,6,0,48,0,0,0,0,0,12,30,6,0,48,0,0,0,48
01/07/2023,ATW,WI,AGL,CE,Federal Contract Tower,11,28,7,0,46,0,0,2,0,2,11,28,9,0,48,0,0,0,48
01/08/2023,ATW,WI,AGL,CE,Federal Contract Tower,14,32,6,0,52,0,0,0,0,0,14,32,6,0,52,0,0,0,52
01/09/2023,ATW,WI,AGL,CE,Federal Contract Tower,17,24,16,0,57,0,0,39,0,39,17,24,55,0,96,44,0,44,140
01/10/2023,ATW,WI,AGL,CE,Federal Contract Tower,11,16,20,0,47,0,0,0,0,0,11,16,20,0,47,0,0,0,47
01/11/2023,ATW,WI,AGL,CE,Federal Contract Tower,24,18,9,0,51,0,0,3,0,3,24,18,12,0,54,8,0,8,62
01/12/2023,ATW,WI,AGL,CE,Federal Contract Tower,24,20,8,0,52,0,0,7,0,7,24,20,15,0,59,26,0,26,85
01/13/2023,ATW,WI,AGL,CE,Federal Contract Tower,15,25,25,0,65,0,1,13,0,14,15,26,38,0,79,88,0,88,167
01/14/2023,ATW,WI,AGL,CE,Federal Contract Tower,13,24,5,0,42,0,4,32,2,38,13,28,37,2,80,40,0,40,120
01/15/2023,ATW,WI,AGL,CE,Federal Contract Tower,18,19,8,0,45,0,2,46,0,48,18,21,54,0,93,68,0,68,161
01/16/2023,ATW,WI,AGL,CE,Federal Contract Tower,18,25,16,0,59,0,0,0,0,0,18,25,16,0,59,0,0,0,59
01/17/2023,ATW,WI,AGL,CE,Federal Contract Tower,11,25,11,0,47,0,0,0,0,0,11,25,11,0,47,0,0,0,47
01/18/2023,ATW,WI,AGL,CE,Federal Contract Tower,23,28,23,0,74,0,3,18,2,23,23,31,41,2,97,96,0,96,193
01/19/2023,ATW,WI,AGL,CE,Federal Contract Tower,23,18,6,0,47,0,0,0,0,0,23,18,6,0,47,0,0,0,47
01/20/2023,ATW,WI,AGL,CE,Federal Contract Tower,16,26,12,5,59,0,1,20,0,21,16,27,32,5,80,102,0,102,182
01/21/2023,ATW,WI,AGL,CE,Federal Contract Tower,15,18,2,0,35,0,0,0,0,0,15,18,2,0,35,0,0,0,35
01/22/2023,ATW,WI,AGL,CE,Federal Contract Tower,22,20,9,0,51,0,0,0,0,0,22,20,9,0,51,0,0,0,51
01/23/2023,ATW,WI,AGL,CE,Federal Contract Tower,18,20,17,1,56,0,2,10,0,12,18,22,27,1,68,22,0,22,90
01/24/2023,ATW,WI,AGL,CE,Federal Contract Tower,11,21,12,0,44,0,2,35,0,37,11,23,47,0,81,58,0,58,139
01/25/2023,ATW,WI,AGL,CE,Federal Contract Tower,22,20,16,0,58,0,0,0,0,0,22,20,16,0,58,0,0,0,58
01/26/2023,ATW,WI,AGL,CE,Federal Contract Tower,23,23,21,0,67,0,0,0,0,0,23,23,21,0,67,12,0,12,79
01/27/2023,ATW,WI,AGL,CE,Federal Contract Tower,14,24,6,0,44,0,0,0,0,0,14,24,6,0,44,0,0,0,44
01/28/2023,ATW,WI,AGL,CE,Federal Contract Tower,17,20,9,0,46,0,0,27,0,27,17,20,36,0,73,38,0,38,111
01/29/2023,ATW,WI,AGL,CE,Federal Contract Tower,16,22,12,0,50,0,3,25,0,28,16,25,37,0,78,32,0,32,110
01/30/2023,ATW,WI,AGL,CE,Federal Contract Tower,13,27,8,0,48,0,0,16,0,16,13,27,24,0,64,14,0,14,78
01/31/2023,ATW,WI,AGL,CE,Federal Contract Tower,9,28,8,0,45,0,2,16,0,18,9,30,24,0,63,16,0,16,79
02/01/2023,ATW,WI,AGL,CE,Federal Contract Tower,23,15,18,0,56,0,0,26,0,26,23,15,44,0,82,130,0,130,212
02/02/2023,ATW,WI,AGL,CE,Federal Contract Tower,22,29,15,0,66,0,7,10,0,17,22,36,25,0,83,0,0,0,83
02/03/2023,ATW,WI,AGL,CE,Federal Contract Tower,20,33,9,0,62,0,0,8,0,8,20,33,17,0,70,2,0,2,72
02/04/2023,ATW,WI,AGL,CE,Federal Contract Tower,14,17,5,0,36,0,0,28,0,28,14,17,33,0,64,20,0,20,84
02/05/2023,ATW,WI,AGL,CE,Federal Contract Tower,19,24,8,0,51,0,0,35,0,35,19,24,43,0,86,68,0,68,154
02/06/2023,ATW,WI,AGL,CE,Federal Contract Tower,17,37,11,0,65,0,4,26,0,30,17,41,37,0,95,34,0,34,129
02/07/2023,ATW,WI,AGL,CE,Federal Contract Tower,12,24,12,0,48,0,0,20,0,20,12,24,32,0,68,0,0,0,68
02/08/2023,ATW,WI,AGL,CE,Federal Contract Tower,24,31,11,0,66,0,4,59,0,63,24,35,70,0,129,68,0,68,197
02/09/2023,ATW,WI,AGL,CE,Federal Contract Tower,23,21,1,0,45,0,0,0,0,0,23,21,1,0,45,0,0,0,45
02/10/2023,ATW,WI,AGL,CE,Federal Contract Tower,19,32,9,0,60,0,0,29,0,29,19,32,38,0,89,32,0,32,121
02/11/2023,ATW,WI,AGL,CE,Federal Contract Tower,16,23,9,0,48,0,0,24,0,24,16,23,33,0,72,16,0,16,88
02/12/2023,ATW,WI,AGL,CE,Federal Contract Tower,18,26,8,0,52,0,0,67,0,67,18,26,75,0,119,84,0,84,203
02/13/2023,ATW,WI,AGL,CE,Federal Contract Tower,18,28,16,0,62,0,0,43,0,43,18,28,59,0,105,54,0,54,159
02/14/2023,ATW,WI,AGL,CE,Federal Contract Tower,13,26,21,0,60,0,2,21,0,23,13,28,42,0,83,12,0,12,95
02/15/2023,ATW,WI,AGL,CE,Federal Contract Tower,27,26,10,0,63,0,0,0,0,0,27,26,10,0,63,0,0,0,63
02/16/2023,ATW,WI,AGL,CE,Federal Contract Tower,20,32,4,4,60,0,0,2,0,2,20,32,6,4,62,6,0,6,68
02/17/2023,ATW,WI,AGL,CE,Federal Contract Tower,18,29,12,0,59,0,0,47,0,47,18,29,59,0,106,48,0,48,154
02/18/2023,ATW,WI,AGL,CE,Federal Contract Tower,20,22,4,0,46,0,0,46,0,46,20,22,50,0,92,76,0,76,168
02/19/2023,ATW,WI,AGL,CE,Federal Contract Tower,14,26,7,0,47,0,0,12,0,12,14,26,19,0,59,6,0,6,65
02/20/2023,ATW,WI,AGL,CE,Federal Contract Tower,21,31,17,0,69,0,3,25,0,28,21,34,42,0,97,48,0,48,145
02/21/2023,ATW,WI,AGL,CE,Federal Contract Tower,12,25,16,0,53,0,6,22,0,28,12,31,38,0,81,64,0,64,145
02/22/2023,ATW,WI,AGL,CE,Federal Contract Tower,14,12,2,0,28,0,0,0,0,0,14,12,2,0,28,0,0,0,28
02/23/2023,ATW,WI,AGL,CE,Federal Contract Tower,17,16,6,0,39,0,2,2,0,4,17,18,8,0,43,0,0,0,43
02/24/2023,ATW,WI,AGL,CE,Federal Contract Tower,20,25,11,0,56,0,0,30,0,30,20,25,41,0,86,38,0,38,124
02/25/2023,ATW,WI,AGL,CE,Federal Contract Tower,16,22,8,0,46,0,0,19,0,19,16,22,27,0,65,66,0,66,131
02/26/2023,ATW,WI,AGL,CE,Federal Contract Tower,17,24,10,0,51,0,3,43,0,46,17,27,53,0,97,102,0,102,199
02/27/2023,ATW,WI,AGL,CE,Federal Contract Tower,16,24,2,0,42,0,0,0,0,0,16,24,2,0,42,0,0,0,42
02/28/2023,ATW,WI,AGL,CE,Federal Contract Tower,18,29,17,0,64,0,0,0,0,0,18,29,17,0,64,64,0,64,128
03/01/2023,ATW,WI,AGL,CE,Federal Contract Tower,22,34,5,0,61,0,0,5,0,5,22,34,10,0,66,24,0,24,90
03/02/2023,ATW,WI,AGL,CE,Federal Contract Tower,22,23,11,0,56,0,0,38,0,38,22,23,49,0,94,88,0,88,182
03/03/2023,ATW,WI,AGL,CE,Federal Contract Tower,20,30,11,0,61,0,0,2,0,2,20,30,13,0,63,0,0,0,63
03/04/2023,ATW,WI,AGL,CE,Federal Contract Tower,15,24,5,0,44,0,0,24,0,24,15,24,29,0,68,14,0,14,82
03/05/2023,ATW,WI,AGL,CE,Federal Contract Tower,19,28,11,0,58,0,2,58,0,60,19,30,69,0,118,66,0,66,184
03/06/2023,ATW,WI,AGL,CE,Federal Contract Tower,21,28,9,0,58,0,0,0,0,0,21,28,9,0,58,0,0,0,58
03/07/2023,ATW,WI,AGL,CE,Federal Contract Tower,14,32,11,0,57,0,5,74,0,79,14,37,85,0,136,84,0,84,220
03/08/2023,ATW,WI,AGL,CE,Federal Contract Tower,22,26,17,0,65,0,0,54,0,54,22,26,71,0,119,58,0,58,177
03/09/2023,ATW,WI,AGL,CE,Federal Contract Tower,23,23,11,0,57,0,0,0,0,0,23,23,11,0,57,26,0,26,83
03/10/2023,ATW,WI,AGL,CE,Federal Contract Tower,21,26,5,0,52,0,0,0,0,0,21,26,5,0,52,0,0,0,52
03/11/2023,ATW,WI,AGL,CE,Federal Contract Tower,16,25,3,0,44,0,0,6,0,6,16,25,9,0,50,62,0,62,112
03/12/2023,ATW,WI,AGL,CE,Federal Contract Tower,16,32,4,0,52,0,0,0,0,0,16,32,4,0,52,0,0,0,52
03/13/2023,ATW,WI,AGL,CE,Federal Contract Tower,18,29,12,0,59,0,0,4,0,4,18,29,16,0,63,2,0,2,65
03/14/2023,ATW,WI,AGL,CE,Federal Contract Tower,15,32,6,1,54,0,0,65,0,65,15,32,71,1,119,82,0,82,201
03/15/2023,ATW,WI,AGL,CE,Federal Contract Tower,23,27,7,0,57,0,6,19,0,25,23,33,26,0,82,8,0,8,90
03/16/2023,ATW,WI,AGL,CE,Federal Contract Tower,25,30,5,0,60,0,0,10,0,10,25,30,15,0,70,2,0,2,72
03/17/2023,ATW,WI,AGL,CE,Federal Contract Tower,22,40,3,0,65,0,0,0,0,0,22,40,3,0,65,0,0,0,65
03/18/2023,ATW,WI,AGL,CE,Federal Contract Tower,19,29,9,1,58,0,0,6,0,6,19,29,15,1,64,22,4,26,90
03/19/2023,ATW,WI,AGL,CE,Federal Contract Tower,22,37,10,0,69,0,2,20,0,22,22,39,30,0,91,12,0,12,103
03/20/2023,ATW,WI,AGL,CE,Federal Contract Tower,19,26,27,0,72,0,0,56,1,57,19,26,83,1,129,44,0,44,173
03/21/2023,ATW,WI,AGL,CE,Federal Contract Tower,16,29,7,2,54,0,0,11,0,11,16,29,18,2,65,30,0,30,95
03/22/2023,ATW,WI,AGL,CE,Federal Contract Tower,24,31,11,1,67,0,0,2,0,2,24,31,13,1,69,0,0,0,69
03/23/2023,ATW,WI,AGL,CE,Federal Contract Tower,22,36,13,0,71,0,0,41,0,41,22,36,54,0,112,90,0,90,202
03/24/2023,ATW,WI,AGL,CE,Federal Contract Tower,19,32,9,0,60,0,4,63,0,67,19,36,72,0,127,102,0,102,229
03/25/2023,ATW,WI,AGL,CE,Federal Contract Tower,10,23,1,0,34,0,2,4,0,6,10,25,5,0,40,8,0,8,48
03/26/2023,ATW,WI,AGL,CE,Federal Contract Tower,21,39,6,0,66,0,0,48,0,48,21,39,54,0,114,72,0,72,186
03/27/2023,ATW,WI,AGL,CE,Federal Contract Tower,21,34,15,0,70,0,0,56,0,56,21,34,71,0,126,38,0,38,164
03/28/2023,ATW,WI,AGL,CE,Federal Contract Tower,14,32,21,1,68,0,0,61,0,61,14,32,82,1,129,78,0,78,207
03/29/2023,ATW,WI,AGL,CE,Federal Contract Tower,24,32,6,0,62,0,0,15,0,15,24,32,21,0,77,34,0,34,111
03/30/2023,ATW,WI,AGL,CE,Federal Contract Tower,30,35,7,0,72,0,0,28,0,28,30,35,35,0,100,54,0,54,154
03/31/2023,ATW,WI,AGL,CE,Federal Contract Tower,22,28,3,0,53,0,0,0,0,0,22,28,3,0,53,0,0,0,53
04/01/2023,ATW,WI,AGL,CE,Federal Contract Tower,19,27,9,0,55,0,0,9,0,9,19,27,18,0,64,2,0,2,66
04/02/2023,ATW,WI,AGL,CE,Federal Contract Tower,25,29,9,0,63,0,0,11,0,11,25,29,20,0,74,0,0,0,74
04/03/2023,ATW,WI,AGL,CE,Federal Contract Tower,19,28,10,0,57,0,0,50,0,50,19,28,60,0,107,58,0,58,165
04/04/2023,ATW,WI,AGL,CE,Federal Contract Tower,14,30,4,0,48,0,0,0,0,0,14,30,4,0,48,0,0,0,48
04/05/2023,ATW,WI,AGL,CE,Federal Contract Tower,20,31,12,0,63,0,0,0,0,0,20,31,12,0,63,4,0,4,67
04/06/2023,ATW,WI,AGL,CE,Federal Contract Tower,27,23,18,0,68,0,0,1,0,1,27,23,19,0,69,0,0,0,69
04/07/2023,ATW,WI,AGL,CE,Federal Contract Tower,22,29,17,0,68,0,0,53,0,53,22,29,70,0,121,44,0,44,165
04/08/2023,ATW,WI,AGL,CE,Federal Contract Tower,17,27,9,0,53,0,0,27,0,27,17,27,36,0,80,44,0,44,124
04/09/2023,ATW,WI,AGL,CE,Federal Contract Tower,21,20,9,0,50,0,0,14,0,14,21,20,23,0,64,0,0,0,64
04/10/2023,ATW,WI,AGL,CE,Federal Contract Tower,22,25,20,0,67,0,0,46,0,46,22,25,66,0,113,38,0,38,151
04/11/2023,ATW,WI,AGL,CE,Federal Contract Tower,13,29,20,0,62,0,0,44,0,44,13,29,64,0,106,38,0,38,144
04/12/2023,ATW,WI,AGL,CE,Federal Contract Tower,19,28,10,0,57,0,0,9,0,9,19,28,19,0,66,12,0,12,78
04/13/2023,ATW,WI,AGL,CE,Federal Contract Tower,23,33,16,0,72,0,0,42,0,42,23,33,58,0,114,72,0,72,186
04/14/2023,ATW,WI,AGL,CE,Federal Contract Tower,21,34,18,0,73,0,0,65,0,65,21,34,83,0,138,106,0,106,244
04/15/2023,ATW,WI,AGL,CE,Federal Contract Tower,12,28,2,0,42,0,0,30,0,30,12,28,32,0,72,54,0,54,126
04/16/2023,ATW,WI,AGL,CE,Federal Contract Tower,22,25,14,0,61,0,0,0,0,0,22,25,14,0,61,0,0,0,61
04/17/2023,ATW,WI,AGL,CE,Federal Contract Tower,16,30,13,0,59,0,0,0,0,0,16,30,13,0,59,0,0,0,59
04/18/2023,ATW,WI,AGL,CE,Federal Contract Tower,11,37,12,0,60,0,0,53,0,53,11,37,65,0,113,72,0,72,185
04/19/2023,ATW,WI,AGL,CE,Federal Contract Tower,22,42,17,0,81,0,0,1,0,1,22,42,18,0,82,0,0,0,82
04/20/2023,ATW,WI,AGL,CE,Federal Contract Tower,25,29,10,0,64,0,0,0,0,0,25,29,10,0,64,22,0,22,86
04/21/2023,ATW,WI,AGL,CE,Federal Contract Tower,19,41,30,0,90,0,0,18,0,18,19,41,48,0,108,6,0,6,114
04/22/2023,ATW,WI,AGL,CE,Federal Contract Tower,14,25,3,0,42,0,0,14,0,14,14,25,17,0,56,14,0,14,70
04/23/2023,ATW,WI,AGL,CE,Federal Contract Tower,21,26,12,0,59,0,0,31,0,31,21,26,43,0,90,78,0,78,168
04/24/2023,ATW,WI,AGL,CE,Federal Contract Tower,18,34,16,0,68,0,3,37,0,40,18,37,53,0,108,58,0,58,166
04/25/2023,ATW,WI,AGL,CE,Federal Contract Tower,11,26,14,0,51,0,9,43,0,52,11,35,57,0,103,86,0,86,189
04/26/2023,ATW,WI,AGL,CE,Federal Contract Tower,18,23,17,0,58,0,0,73,0,73,18,23,90,0,131,146,0,146,277
04/27/2023,ATW,WI,AGL,CE,Federal Contract Tower,21,23,18,0,62,0,0,40,0,40,21,23,58,0,102,82,0,82,184
04/28/2023,ATW,WI,AGL,CE,Federal Contract Tower,21,29,13,0,63,0,0,61,0,61,21,29,74,0,124,120,0,120,244
04/29/2023,ATW,WI,AGL,CE,Federal Contract Tower,15,25,5,0,45,0,0,4,0,4,15,25,9,0,49,28,0,28,77
04/30/2023,ATW,WI,AGL,CE,Federal Contract Tower,18,32,6,0,56,0,0,0,0,0,18,32,6,0,56,0,0,0,56
05/01/2023,ATW,WI,AGL,CE,Federal Contract Tower,22,36,10,0,68,0,0,0,0,0,22,36,10,0,68,0,0,0,68
05/02/2023,ATW,WI,AGL,CE,Federal Contract Tower,11,28,11,0,50,0,0,12,0,12,11,28,23,0,62,6,0,6,68
05/03/2023,ATW,WI,AGL,CE,Federal Contract Tower,19,24,7,2,52,0,0,68,0,68,19,24,75,2,120,154,20,174,294
05/04/2023,ATW,WI,AGL,CE,Federal Contract Tower,24,32,16,0,72,0,0,44,0,44,24,32,60,0,116,124,0,124,240
05/05/2023,ATW,WI,AGL,CE,Federal Contract Tower,22,36,14,0,72,0,0,33,0,33,22,36,47,0,105,110,0,110,215
05/06/2023,ATW,WI,AGL,CE,Federal Contract Tower,18,21,13,0,52,0,0,11,0,11,18,21,24,0,63,68,0,68,131
05/07/2023,ATW,WI,AGL,CE,Federal Contract Tower,19,23,16,0,58,0,3,50,0,53,19,26,66,0,111,134,0,134,245
05/08/2023,ATW,WI,AGL,CE,Federal Contract Tower,22,24,20,0,66,0,0,0,0,0,22,24,20,0,66,0,0,0,66
05/09/2023,ATW,WI,AGL,CE,Federal Contract Tower,19,21,15,0,55,0,0,63,0,63,19,21,78,0,118,102,0,102,220
05/10/2023,ATW,WI,AGL,CE,Federal Contract Tower,19,30,15,0,64,0,0,42,0,42,19,30,57,0,106,106,0,106,212
05/11/2023,ATW,WI,AGL,CE,Federal Contract Tower,25,35,11,2,73,0,0,62,0,62,25,35,73,2,135,96,0,96,231
05/12/2023,ATW,WI,AGL,CE,Federal Contract Tower,25,20,12,0,57,0,0,21,0,21,25,20,33,0,78,14,0,14,92
05/13/2023,ATW,WI,AGL,CE,Federal Contract Tower,22,19,14,0,55,0,0,37,0,37,22,19,51,0,92,24,0,24,116
05/14/2023,ATW,WI,AGL,CE,Federal Contract Tower,20,29,4,0,53,0,0,12,0,12,20,29,16,0,65,52,0,52,117
05/15/2023,ATW,WI,AGL,CE,Federal Contract Tower,20,34,22,0,76,0,1,70,0,71,20,35,92,0,147,124,0,124,271
05/16/2023,ATW,WI,AGL,CE,Federal Contract Tower,13,26,14,0,53,0,2,35,0,37,13,28,49,0,90,84,0,84,174
05/17/2023,ATW,WI,AGL,CE,Federal Contract Tower,24,28,18,0,70,0,0,68,0,68,24,28,86,0,138,92,0,92,230
05/18/2023,ATW,WI,AGL,CE,Federal Contract Tower,19,29,9,0,57,0,3,32,0,35,19,32,41,0,92,30,0,30,122
05/19/2023,ATW,WI,AGL,CE,Federal Contract Tower,22,29,18,0,69,0,1,15,0,16,22,30,33,0,85,36,0,36,121
05/20/2023,ATW,WI,AGL,CE,Federal Contract Tower,17,20,5,0,42,0,0,59,0,59,17,20,64,0,101,62,0,62,163
05/21/2023,ATW,WI,AGL,CE,Federal Contract Tower,14,31,10,0,55,0,3,56,0,59,14,34,66,0,114,70,0,70,184
05/22/2023,ATW,WI,AGL,CE,Federal Contract Tower,22,24,19,0,65,0,3,48,0,51,22,27,67,0,116,60,0,60,176
05/23/2023,ATW,WI,AGL,CE,Federal Contract Tower,14,30,11,0,55,0,2,55,0,57,14,32,66,0,112,108,0,108,220
05/24/2023,ATW,WI,AGL,CE,Federal Contract Tower,21,30,17,0,68,0,2,14,0,16,21,32,31,0,84,2,0,2,86
05/25/2023,ATW,WI,AGL,CE,Federal Contract Tower,21,31,21,1,74,0,0,68,2,70,21,31,89,3,144,74,2,76,220
05/26/2023,ATW,WI,AGL,CE,Federal Contract Tower,22,24,13,0,59,0,0,59,0,59,22,24,72,0,118,84,0,84,202
05/27/2023,ATW,WI,AGL,CE,Federal Contract Tower,16,24,3,0,43,0,0,42,0,42,16,24,45,0,85,42,0,42,127
05/28/2023,ATW,WI,AGL,CE,Federal Contract Tower,18,23,2,0,43,0,0,24,0,24,18,23,26,0,67,46,0,46,113
05/29/2023,ATW,WI,AGL,CE,Federal Contract Tower,20,31,2,0,53,0,0,34,0,34,20,31,36,0,87,18,0,18,105
05/30/2023,ATW,WI,AGL,CE,Federal Contract Tower,8,36,17,0,61,0,1,32,0,33,8,37,49,0,94,78,0,78,172
05/31/2023,ATW,WI,AGL,CE,Federal Contract Tower,22,32,17,0,71,0,1,31,0,32,22,33,48,0,103,34,0,34,137
06/01/2023,ATW,WI,AGL,CE,Federal Contract Tower,18,34,11,0,63,0,0,63,0,63,18,34,74,0,126,158,0,158,284
06/02/2023,ATW,WI,AGL,CE,Federal Contract Tower,18,32,15,0,65,0,0,66,0,66,18,32,81,0,131,134,0,134,265
06/03/2023,ATW,WI,AGL,CE,Federal Contract Tower,12,32,5,0,49,0,0,60,0,60,12,32,65,0,109,48,0,48,157
06/04/2023,ATW,WI,AGL,CE,Federal Contract Tower,15,20,16,0,51,0,0,22,0,22,15,20,38,0,73,16,0,16,89
06/05/2023,ATW,WI,AGL,CE,Federal Contract Tower,23,31,15,0,69,0,2,43,0,45,23,33,58,0,114,102,0,102,216
06/06/2023,ATW,WI,AGL,CE,Federal Contract Tower,15,31,9,0,55,0,2,55,0,57,15,33,64,0,112,118,0,118,230
06/07/2023,ATW,WI,AGL,CE,Federal Contract Tower,23,22,16,0,61,0,2,55,0,57,23,24,71,0,118,142,0,142,260
06/08/2023,ATW,WI,AGL,CE,Federal Contract Tower,27,27,3,0,57,0,2,55,0,57,27,29,58,0,114,124,0,124,238
06/09/2023,ATW,WI,AGL,CE,Federal Contract Tower,21,23,4,0,48,0,4,60,0,64,21,27,64,0,112,80,0,80,192
06/10/2023,ATW,WI,AGL,CE,Federal Contract Tower,15,28,13,0,56,0,0,20,0,20,15,28,33,0,76,80,0,80,156
06/11/2023,ATW,WI,AGL,CE,Federal Contract Tower,16,22,6,0,44,0,0,10,0,10,16,22,16,0,54,16,0,16,70
06/12/2023,ATW,WI,AGL,CE,Federal Contract Tower,22,29,24,0,75,0,0,64,0,64,22,29,88,0,139,74,0,74,213
06/13/2023,ATW,WI,AGL,CE,Federal Contract Tower,14,37,14,8,73,0,0,2,0,2,14,37,16,8,75,0,0,0,75
06/14/2023,ATW,WI,AGL,CE,Federal Contract Tower,22,29,30,0,81,0,0,29,0,29,22,29,59,0,110,62,0,62,172
06/15/2023,ATW,WI,AGL,CE,Federal Contract Tower,27,22,11,0,60,0,0,28,0,28,27,22,39,0,88,44,0,44,132
06/16/2023,ATW,WI,AGL,CE,Federal Contract Tower,23,28,26,0,77,0,1,33,0,34,23,29,59,0,111,40,0,40,151
06/17/2023,ATW,WI,AGL,CE,Federal Contract Tower,19,25,13,0,57,0,1,22,0,23,19,26,35,0,80,60,0,60,140
06/18/2023,ATW,WI,AGL,CE,Federal Contract Tower,18,23,4,0,45,0,0,32,0,32,18,23,36,0,77,18,0,18,95
06/19/2023,ATW,WI,AGL,CE,Federal Contract Tower,24,24,18,0,66,0,3,52,0,55,24,27,70,0,121,98,0,98,219
06/20/2023,ATW,WI,AGL,CE,Federal Contract Tower,13,33,12,0,58,0,10,57,0,67,13,43,69,0,125,82,0,82,207
06/21/2023,ATW,WI,AGL,CE,Federal Contract Tower,22,20,15,0,57,0,4,43,0,47,22,24,58,0,104,88,0,88,192
06/22/2023,ATW,WI,AGL,CE,Federal Contract Tower,25,22,11,1,59,0,0,60,0,60,25,22,71,1,119,86,2,88,207
06/23/2023,ATW,WI,AGL,CE,Federal Contract Tower,20,26,13,1,60,0,2,51,0,53,20,28,64,1,113,86,0,86,199
06/24/2023,ATW,WI,AGL,CE,Federal Contract Tower,22,20,3,0,45,0,2,27,0,29,22,22,30,0,74,48,0,48,122
06/25/2023,ATW,WI,AGL,CE,Federal Contract Tower,22,20,4,0,46,0,1,2,0,3,22,21,6,0,49,0,0,0,49
06/26/2023,ATW,WI,AGL,CE,Federal Contract Tower,20,38,16,0,74,0,4,0,0,4,20,42,16,0,78,0,0,0,78
06/27/2023,ATW,WI,AGL,CE,Federal Contract Tower,17,36,18,0,71,0,0,7,0,7,17,36,25,0,78,12,0,12,90
06/28/2023,ATW,WI,AGL,CE,Federal Contract Tower,21,45,21,1,88,0,1,0,0,1,21,46,21,1,89,0,0,0,89
06/29/2023,ATW,WI,AGL,CE,Federal Contract Tower,24,28,22,1,75,0,0,10,0,10,24,28,32,1,85,8,0,8,93
06/30/2023,ATW,WI,AGL,CE,Federal Contract Tower,24,26,19,0,69,0,0,55,0,55,24,26,74,0,124,94,0,94,218
07/01/2023,ATW,WI,AGL,CE,Federal Contract Tower,16,28,12,0,56,0,0,35,0,35,16,28,47,0,91,42,0,42,133
07/02/2023,ATW,WI,AGL,CE,Federal Contract Tower,20,15,12,0,47,0,0,25,0,25,20,15,37,0,72,20,0,20,92
07/03/2023,ATW,WI,AGL,CE,Federal Contract Tower,18,14,7,0,39,0,0,54,0,54,18,14,61,0,93,58,0,58,151
07/04/2023,ATW,WI,AGL,CE,Federal Contract Tower,12,11,3,0,26,0,0,11,0,11,12,11,14,0,37,8,0,8,45
07/05/2023,ATW,WI,AGL,CE,Federal Contract Tower,22,15,8,0,45,0,0,24,0,24,22,15,32,0,69,42,0,42,111
07/06/2023,ATW,WI,AGL,CE,Federal Contract Tower,23,22,20,0,65,0,0,53,2,55,23,22,73,2,120,132,0,132,252
07/07/2023,ATW,WI,AGL,CE,Federal Contract Tower,21,24,19,1,65,0,0,59,0,59,21,24,78,1,124,84,2,86,210
07/08/2023,ATW,WI,AGL,CE,Federal Contract Tower,19,31,21,0,71,0,0,47,0,47,19,31,68,0,118,76,0,76,194
07/09/2023,ATW,WI,AGL,CE,Federal Contract Tower,21,21,11,0,53,0,0,54,0,54,21,21,65,0,107,88,0,88,195
07/10/2023,ATW,WI,AGL,CE,Federal Contract Tower,18,33,14,0,65,0,0,14,0,14,18,33,28,0,79,2,0,2,81
07/11/2023,ATW,WI,AGL,CE,Federal Contract Tower,12,27,13,1,53,0,0,53,0,53,12,27,66,1,106,66,0,66,172
07/12/2023,ATW,WI,AGL,CE,Federal Contract Tower,19,25,16,0,60,0,1,13,0,14,19,26,29,0,74,22,0,22,96
07/13/2023,ATW,WI,AGL,CE,Federal Contract Tower,27,28,14,0,69,0,1,44,0,45,27,29,58,0,114,70,0,70,184
07/14/2023,ATW,WI,AGL,CE,Federal Contract Tower,21,29,12,0,62,0,0,15,0,15,21,29,27,0,77,38,0,38,115
07/15/2023,ATW,WI,AGL,CE,Federal Contract Tower,20,29,11,0,60,0,2,22,0,24,20,31,33,0,84,34,0,34,118
07/16/2023,ATW,WI,AGL,CE,Federal Contract Tower,19,37,9,0,65,0,0,22,0,22,19,37,31,0,87,24,0,24,111
07/17/2023,ATW,WI,AGL,CE,Federal Contract Tower,20,44,22,0,86,0,0,45,0,45,20,44,67,0,131,56,0,56,187
07/18/2023,ATW,WI,AGL,CE,Federal Contract Tower,13,22,23,2,60,0,4,64,0,68,13,26,87,2,128,80,0,80,208
07/19/2023,ATW,WI,AGL,CE,Federal Contract Tower,22,35,24,0,81,0,1,33,0,34,22,36,57,0,115,76,0,76,191
07/20/2023,ATW,WI,AGL,CE,Federal Contract Tower,23,28,21,0,72,0,1,27,0,28,23,29,48,0,100,28,0,28,128
07/21/2023,ATW,WI,AGL,CE,Federal Contract Tower,20,32,17,1,70,0,0,93,0,93,20,32,110,1,163,86,0,86,249
07/22/2023,ATW,WI,AGL,CE,Federal Contract Tower,18,35,38,0,91,0,0,114,0,114,18,35,152,0,205,0,0,0,205
07/23/2023,ATW,WI,AGL,CE,Federal Contract Tower,27,23,110,0,160,0,0,357,0,357,27,23,467,0,517,0,0,0,517
07/24/2023,ATW,WI,AGL,CE,Federal Contract Tower,20,50,80,0,150,0,4,184,0,188,20,54,264,0,338,0,0,0,338
07/25/2023,ATW,WI,AGL,CE,Federal Contract Tower,15,49,94,1,159,8,166,0,0,174,23,215,94,1,333,0,0,0,333
07/26/2023,ATW,WI,AGL,CE,Federal Contract Tower,23,37,125,4,189,0,0,109,3,112,23,37,234,7,301,0,0,0,301
07/27/2023,ATW,WI,AGL,CE,Federal Contract Tower,27,46,155,2,230,0,0,180,0,180,27,46,335,2,410,0,0,0,410
07/28/2023,ATW,WI,AGL,CE,Federal Contract Tower,20,42,74,4,140,0,0,122,0,122,20,42,196,4,262,0,0,0,262
07/29/2023,ATW,WI,AGL,CE,Federal Contract Tower,18,34,50,0,102,0,2,119,0,121,18,36,169,0,223,0,0,0,223
07/30/2023,ATW,WI,AGL,CE,Federal Contract Tower,28,32,70,5,135,0,0,143,0,143,28,32,213,5,278,0,6,6,284
07/31/2023,ATW,WI,AGL,CE,Federal Contract Tower,23,35,27,0,85,0,6,70,0,76,23,41,97,0,161,32,0,32,193
08/01/2023,ATW,WI,AGL,CE,Federal Contract Tower,13,24,11,0,48,0,0,54,0,54,13,24,65,0,102,72,0,72,174
08/02/2023,ATW,WI,AGL,CE,Federal Contract Tower,20,31,9,0,60,0,0,48,0,48,20,31,57,0,108,40,0,40,148
08/03/2023,ATW,WI,AGL,CE,Federal Contract Tower,28,17,13,0,58,0,0,43,0,43,28,17,56,0,101,52,0,52,153
08/04/2023,ATW,WI,AGL,CE,Federal Contract Tower,19,32,23,3,77,0,1,44,1,46,19,33,67,4,123,60,2,62,185
08/05/2023,ATW,WI,AGL,CE,Federal Contract Tower,20,22,4,0,46,0,0,32,0,32,20,22,36,0,78,12,0,12,90
08/06/2023,ATW,WI,AGL,CE,Federal Contract Tower,15,26,15,0,56,0,0,31,0,31,15,26,46,0,87,26,0,26,113
08/07/2023,ATW,WI,AGL,CE,Federal Contract Tower,20,26,25,0,71,0,0,50,0,50,20,26,75,0,121,80,0,80,201
08/08/2023,ATW,WI,AGL,CE,Federal Contract Tower,14,27,10,0,51,0,0,33,2,35,14,27,43,2,86,36,0,36,122
08/09/2023,ATW,WI,AGL,CE,Federal Contract Tower,21,25,19,0,65,0,1,19,0,20,21,26,38,0,85,26,0,26,111
08/10/2023,ATW,WI,AGL,CE,Federal Contract Tower,28,25,12,0,65,0,0,32,0,32,28,25,44,0,97,84,0,84,181
08/11/2023,ATW,WI,AGL,CE,Federal Contract Tower,24,19,7,0,50,0,0,10,0,10,24,19,17,0,60,22,0,22,82
08/12/2023,ATW,WI,AGL,CE,Federal Contract Tower,16,22,9,0,47,0,1,23,0,24,16,23,32,0,71,8,0,8,79
08/13/2023,ATW,WI,AGL,CE,Federal Contract Tower,22,30,12,0,64,0,2,25,0,27,22,32,37,0,91,22,0,22,113
08/14/2023,ATW,WI,AGL,CE,Federal Contract Tower,19,23,13,0,55,0,0,1,0,1,19,23,14,0,56,0,0,0,56
08/15/2023,ATW,WI,AGL,CE,Federal Contract Tower,18,36,15,0,69,0,0,30,1,31,18,36,45,1,100,6,0,6,106
08/16/2023,ATW,WI,AGL,CE,Federal Contract Tower,26,20,19,0,65,0,1,23,0,24,26,21,42,0,89,6,0,6,95
08/17/2023,ATW,WI,AGL,CE,Federal Contract Tower,30,30,12,0,72,1,0,21,0,22,31,30,33,0,94,8,0,8,102
08/18/2023,ATW,WI,AGL,CE,Federal Contract Tower,18,23,10,0,51,0,0,76,0,76,18,23,86,0,127,106,0,106,233
08/19/2023,ATW,WI,AGL,CE,Federal Contract Tower,14,25,5,0,44,0,0,36,0,36,14,25,41,0,80,40,0,40,120
08/20/2023,ATW,WI,AGL,CE,Federal Contract Tower,22,23,7,0,52,0,0,48,0,48,22,23,55,0,100,66,0,66,166
08/21/2023,ATW,WI,AGL,CE,Federal Contract Tower,21,25,17,0,63,0,0,44,0,44,21,25,61,0,107,56,2,58,165
08/22/2023,ATW,WI,AGL,CE,Federal Contract Tower,18,21,26,0,65,0,1,49,0,50,18,22,75,0,115,60,0,60,175
08/23/2023,ATW,WI,AGL,CE,Federal Contract Tower,24,19,16,0,59,0,0,19,0,19,24,19,35,0,78,38,0,38,116
08/24/2023,ATW,WI,AGL,CE,Federal Contract Tower,28,23,23,0,74,0,0,9,0,9,28,23,32,0,83,8,0,8,91
08/25/2023,ATW,WI,AGL,CE,Federal Contract Tower,19,24,27,0,70,0,0,26,0,26,19,24,53,0,96,10,0,10,106
08/26/2023,ATW,WI,AGL,CE,Federal Contract Tower,15,26,10,0,51,0,0,11,0,11,15,26,21,0,62,6,0,6,68
08/27/2023,ATW,WI,AGL,CE,Federal Contract Tower,24,23,3,0,50,0,0,45,0,45,24,23,48,0,95,26,0,26,121
08/28/2023,ATW,WI,AGL,CE,Federal Contract Tower,21,29,27,0,77,0,4,35,0,39,21,33,62,0,116,46,0,46,162
08/30/2023,ATW,WI,AGL,CE,Federal Contract Tower,24,20,11,0,55,0,0,48,0,48,24,20,59,0,103,58,0,58,161
08/31/2023,ATW,WI,AGL,CE,Federal Contract Tower,30,21,18,1,70,0,0,60,0,60,30,21,78,1,130,96,0,96,226
