01/01/2000,CRP,TX,ASW,CE,Towers with Radar,8,7,10,0,25,10,8,15,0,33,18,15,25,0,58,23,0,23,81
01/02/2000,CRP,TX,ASW,CE,Towers with Radar,13,13,17,2,45,18,13,33,0,64,31,26,50,2,109,54,0,54,163
01/03/2000,CRP,TX,ASW,CE,Towers with Radar,19,19,24,7,69,11,30,23,0,64,30,49,47,7,133,26,40,66,199
01/04/2000,CRP,TX,ASW,CE,Towers with Radar,19,19,24,11,73,15,18,35,0,68,34,37,59,11,141,5,56,61,202
01/05/2000,CRP,TX,ASW,CE,Towers with Radar,34,37,55,70,196,0,0,42,0,42,34,37,97,70,238,48,200,248,486
01/06/2000,CRP,TX,ASW,CE,Towers with Radar,32,37,68,74,211,0,0,31,0,31,32,37,99,74,242,44,175,219,461
01/07/2000,CRP,TX,ASW,CE,Towers with Radar,34,42,56,51,183,0,1,2,0,3,34,43,58,51,186,36,76,112,298
01/08/2000,CRP,TX,ASW,CE,Towers with Radar,16,17,20,1,54,8,5,20,0,33,24,22,40,1,87,44,30,74,161
01/09/2000,CRP,TX,ASW,CE,Towers with Radar,15,16,21,4,56,10,2,44,0,56,25,18,65,4,112,200,40,240,352
01/10/2000,CRP,TX,ASW,CE,Towers with Radar,32,33,44,4,113,5,0,36,0,41,37,33,80,4,154,27,156,183,337
01/11/2000,CRP,TX,ASW,CE,Towers with Radar,40,41,55,27,163,0,3,61,0,64,40,44,116,27,227,114,244,358,585
01/12/2000,CRP,TX,ASW,CE,Towers with Radar,33,46,71,63,213,0,0,35,0,35,33,46,106,63,248,44,186,230,478
01/13/2000,CRP,TX,ASW,CE,Towers with Radar,39,44,67,63,213,0,0,51,0,51,39,44,118,63,264,12,118,130,394
01/14/2000,CRP,TX,ASW,CE,Towers with Radar,34,45,65,48,192,0,0,15,0,15,34,45,80,48,207,2,166,168,375
01/15/2000,CRP,TX,ASW,CE,Towers with Radar,15,15,21,13,64,13,16,84,0,113,28,31,105,13,177,186,0,186,363
01/16/2000,CRP,TX,ASW,CE,Towers with Radar,16,17,23,3,59,13,21,48,0,82,29,38,71,3,141,74,6,80,221
01/17/2000,CRP,TX,ASW,CE,Towers with Radar,18,19,25,16,78,14,12,52,0,78,32,31,77,16,156,33,24,57,213
01/18/2000,CRP,TX,ASW,CE,Towers with Radar,26,39,56,89,210,0,0,12,27,39,26,39,68,116,249,13,280,293,542
01/19/2000,CRP,TX,ASW,CE,Towers with Radar,34,37,54,54,179,0,0,33,0,33,34,37,87,54,212,12,208,220,432
01/20/2000,CRP,TX,ASW,CE,Towers with Radar,27,47,65,44,183,0,10,18,0,28,27,57,83,44,211,4,134,138,349
01/21/2000,CRP,TX,ASW,CE,Towers with Radar,36,38,69,47,190,0,0,17,0,17,36,38,86,47,207,70,110,180,387
01/22/2000,CRP,TX,ASW,CE,Towers with Radar,12,12,18,10,52,19,12,51,0,82,31,24,69,10,134,118,34,152,286
01/23/2000,CRP,TX,ASW,CE,Towers with Radar,15,15,21,5,56,13,6,36,0,55,28,21,57,5,111,80,10,90,201
01/24/2000,CRP,TX,ASW,CE,Towers with Radar,34,35,49,52,170,0,1,40,0,41,34,36,89,52,211,52,108,160,371
01/25/2000,CRP,TX,ASW,CE,Towers with Radar,32,32,44,59,167,0,3,52,0,55,32,35,96,59,222,57,152,209,431
01/26/2000,CRP,TX,ASW,CE,Towers with Radar,31,43,60,53,187,0,0,22,0,22,31,43,82,53,209,23,82,105,314
01/27/2000,CRP,TX,ASW,CE,Towers with Radar,28,30,43,35,136,0,0,2,0,2,28,30,45,35,138,8,56,64,202
01/28/2000,CRP,TX,ASW,CE,Towers with Radar,30,36,59,58,183,0,0,28,0,28,30,36,87,58,211,25,110,135,346
01/29/2000,CRP,TX,ASW,CE,Towers with Radar,15,15,21,5,56,12,11,14,0,37,27,26,35,5,93,72,0,72,165
01/30/2000,CRP,TX,ASW,CE,Towers with Radar,30,17,23,9,79,1,1,24,0,26,31,18,47,9,105,12,14,26,131
01/31/2000,CRP,TX,ASW,CE,Towers with Radar,33,41,64,61,199,0,0,9,0,9,33,41,73,61,208,0,140,140,348
02/01/2000,CRP,TX,ASW,CE,Towers with Radar,38,40,55,42,175,0,10,6,0,16,38,50,61,42,191,14,96,110,301
02/02/2000,CRP,TX,ASW,CE,Towers with Radar,27,23,31,11,92,6,13,12,0,31,33,36,43,11,123,0,18,18,141
02/03/2000,CRP,TX,ASW,CE,Towers with Radar,34,39,56,23,152,0,0,52,0,52,34,39,108,23,204,58,274,332,536
02/04/2000,CRP,TX,ASW,CE,Towers with Radar,34,32,44,21,131,0,7,51,0,58,34,39,95,21,189,60,60,120,309
02/05/2000,CRP,TX,ASW,CE,Towers with Radar,16,13,17,16,62,14,14,63,0,91,30,27,80,16,153,138,24,162,315
02/06/2000,CRP,TX,ASW,CE,Towers with Radar,21,17,23,36,97,8,0,57,0,65,29,17,80,36,162,138,110,248,410
02/07/2000,CRP,TX,ASW,CE,Towers with Radar,35,37,51,37,160,0,0,22,0,22,35,37,73,37,182,14,174,188,370
02/08/2000,CRP,TX,ASW,CE,Towers with Radar,37,33,45,71,186,0,4,55,0,59,37,37,100,71,245,52,244,296,541
02/09/2000,CRP,TX,ASW,CE,Towers with Radar,32,41,58,79,210,0,0,57,0,57,32,41,115,79,267,46,418,464,731
02/10/2000,CRP,TX,ASW,CE,Towers with Radar,31,37,50,81,199,0,0,43,0,43,31,37,93,81,242,10,184,194,436
02/11/2000,CRP,TX,ASW,CE,Towers with Radar,39,31,47,33,150,0,0,32,0,32,39,31,79,33,182,102,204,306,488
02/12/2000,CRP,TX,ASW,CE,Towers with Radar,18,15,21,26,80,10,13,45,0,68,28,28,66,26,148,86,18,104,252
02/13/2000,CRP,TX,ASW,CE,Towers with Radar,20,17,24,25,86,18,23,52,0,93,38,40,76,25,179,30,40,70,249
02/14/2000,CRP,TX,ASW,CE,Towers with Radar,32,30,40,66,168,5,1,32,0,38,37,31,72,66,206,18,58,76,282
02/15/2000,CRP,TX,ASW,CE,Towers with Radar,30,43,58,93,224,0,4,24,0,28,30,47,82,93,252,22,382,404,656
02/16/2000,CRP,TX,ASW,CE,Towers with Radar,32,52,70,53,207,0,0,6,0,6,32,52,76,53,213,52,174,226,439
02/17/2000,CRP,TX,ASW,CE,Towers with Radar,33,36,57,103,229,0,0,8,20,28,33,36,65,123,257,3,89,92,349
02/18/2000,CRP,TX,ASW,CE,Towers with Radar,35,39,53,42,169,0,10,10,0,20,35,49,63,42,189,6,104,110,299
02/19/2000,CRP,TX,ASW,CE,Towers with Radar,20,19,24,0,63,11,20,42,0,73,31,39,66,0,136,38,0,38,174
02/20/2000,CRP,TX,ASW,CE,Towers with Radar,18,17,23,7,65,13,0,37,0,50,31,17,60,7,115,26,18,44,159
02/21/2000,CRP,TX,ASW,CE,Towers with Radar,24,22,30,10,86,11,17,22,0,50,35,39,52,10,136,44,20,64,200
02/22/2000,CRP,TX,ASW,CE,Towers with Radar,26,37,51,90,204,0,5,22,7,34,26,42,73,97,238,6,282,288,526
02/23/2000,CRP,TX,ASW,CE,Towers with Radar,33,37,62,63,195,0,0,31,0,31,33,37,93,63,226,32,202,234,460
02/24/2000,CRP,TX,ASW,CE,Towers with Radar,46,40,56,84,226,3,0,23,0,26,49,40,79,84,252,34,170,204,456
02/25/2000,CRP,TX,ASW,CE,Towers with Radar,28,35,49,64,176,0,0,19,0,19,28,35,68,64,195,16,178,194,389
02/26/2000,CRP,TX,ASW,CE,Towers with Radar,17,16,21,19,73,9,9,49,0,67,26,25,70,19,140,31,108,139,279
02/27/2000,CRP,TX,ASW,CE,Towers with Radar,20,17,24,20,81,49,5,79,0,133,69,22,103,20,214,48,96,144,358
02/28/2000,CRP,TX,ASW,CE,Towers with Radar,38,34,48,49,169,0,14,36,0,50,38,48,84,49,219,44,142,186,405
02/29/2000,CRP,TX,ASW,CE,Towers with Radar,34,37,52,93,216,0,3,35,37,75,34,40,87,130,291,38,126,164,455
03/01/2000,CRP,TX,ASW,CE,Towers with Radar,33,38,60,32,163,0,2,9,0,11,33,40,69,32,174,16,182,198,372
03/02/2000,CRP,TX,ASW,CE,Towers with Radar,29,31,51,60,171,0,8,41,0,49,29,39,92,60,220,28,118,146,366
03/03/2000,CRP,TX,ASW,CE,Towers with Radar,35,36,57,43,171,0,6,37,0,43,35,42,94,43,214,32,84,116,330
03/04/2000,CRP,TX,ASW,CE,Towers with Radar,17,12,20,11,60,12,20,45,0,77,29,32,65,11,137,62,18,80,217
03/05/2000,CRP,TX,ASW,CE,Towers with Radar,18,15,22,10,65,13,8,48,0,69,31,23,70,10,134,92,12,104,238
03/06/2000,CRP,TX,ASW,CE,Towers with Radar,36,30,48,44,158,0,7,22,0,29,36,37,70,44,187,20,174,194,381
03/07/2000,CRP,TX,ASW,CE,Towers with Radar,27,38,58,68,191,0,9,15,0,24,27,47,73,68,215,5,146,151,366
03/08/2000,CRP,TX,ASW,CE,Towers with Radar,35,40,63,35,173,0,13,22,0,35,35,53,85,35,208,42,204,246,454
03/09/2000,CRP,TX,ASW,CE,Towers with Radar,48,39,61,63,211,7,4,21,0,32,55,43,82,63,243,71,191,262,505
03/10/2000,CRP,TX,ASW,CE,Towers with Radar,23,28,42,43,136,0,6,29,0,35,23,34,71,43,171,42,218,260,431
03/11/2000,CRP,TX,ASW,CE,Towers with Radar,16,13,20,17,66,23,9,44,0,76,39,22,64,17,142,30,34,64,206
03/12/2000,CRP,TX,ASW,CE,Towers with Radar,16,13,20,36,85,19,10,65,17,111,35,23,85,53,196,68,100,168,364
03/13/2000,CRP,TX,ASW,CE,Towers with Radar,32,39,62,76,209,0,6,15,0,21,32,45,77,76,230,30,138,168,398
03/14/2000,CRP,TX,ASW,CE,Towers with Radar,19,16,24,14,73,7,6,9,0,22,26,22,33,14,95,1,18,19,114
03/15/2000,CRP,TX,ASW,CE,Towers with Radar,41,33,52,31,157,6,6,33,0,45,47,39,85,31,202,32,166,198,400
03/16/2000,CRP,TX,ASW,CE,Towers with Radar,41,36,56,72,205,0,1,29,0,30,41,37,85,72,235,28,228,256,491
03/17/2000,CRP,TX,ASW,CE,Towers with Radar,43,37,58,21,159,0,17,1,0,18,43,54,59,21,177,52,52,104,281
03/18/2000,CRP,TX,ASW,CE,Towers with Radar,15,12,19,0,46,23,14,9,0,46,38,26,28,0,92,78,0,78,170
03/19/2000,CRP,TX,ASW,CE,Towers with Radar,15,13,19,5,52,13,16,49,0,78,28,29,68,5,130,86,18,104,234
03/20/2000,CRP,TX,ASW,CE,Towers with Radar,37,29,46,85,197,1,4,15,6,26,38,33,61,91,223,4,314,318,541
03/21/2000,CRP,TX,ASW,CE,Towers with Radar,39,33,67,48,187,0,0,0,0,0,39,33,67,48,187,12,152,164,351
03/22/2000,CRP,TX,ASW,CE,Towers with Radar,33,41,59,53,186,0,0,0,0,0,33,41,59,53,186,8,105,113,299
03/23/2000,CRP,TX,ASW,CE,Towers with Radar,46,36,57,41,180,7,2,0,0,9,53,38,57,41,189,24,190,214,403
03/24/2000,CRP,TX,ASW,CE,Towers with Radar,41,35,56,17,149,0,6,31,0,37,41,41,87,17,186,32,186,218,404
03/25/2000,CRP,TX,ASW,CE,Towers with Radar,16,13,21,3,53,24,19,47,0,90,40,32,68,3,143,121,12,133,276
03/26/2000,CRP,TX,ASW,CE,Towers with Radar,19,15,24,21,79,24,10,46,0,80,43,25,70,21,159,76,148,224,383
03/27/2000,CRP,TX,ASW,CE,Towers with Radar,38,35,66,98,237,0,0,32,0,32,38,35,98,98,269,3,176,179,448
03/28/2000,CRP,TX,ASW,CE,Towers with Radar,32,35,56,80,203,0,1,46,0,47,32,36,102,80,250,26,212,238,488
03/29/2000,CRP,TX,ASW,CE,Towers with Radar,30,36,58,31,155,0,1,46,0,47,30,37,104,31,202,40,134,174,376
03/30/2000,CRP,TX,ASW,CE,Towers with Radar,37,29,48,26,140,0,19,50,0,69,37,48,98,26,209,18,104,122,331
03/31/2000,CRP,TX,ASW,CE,Towers with Radar,35,31,50,17,133,0,0,39,0,39,35,31,89,17,172,24,46,70,242
04/01/2000,CRP,TX,ASW,CE,Towers with Radar,18,17,24,16,75,11,11,35,0,57,29,28,59,16,132,52,12,64,196
04/02/2000,CRP,TX,ASW,CE,Towers with Radar,16,14,21,4,55,17,12,0,0,29,33,26,21,4,84,4,4,8,92
04/03/2000,CRP,TX,ASW,CE,Towers with Radar,32,33,55,32,152,0,0,1,0,1,32,33,56,32,153,19,215,234,387
04/04/2000,CRP,TX,ASW,CE,Towers with Radar,32,32,23,53,140,0,11,76,0,87,32,43,99,53,227,60,270,330,557
04/05/2000,CRP,TX,ASW,CE,Towers with Radar,32,40,35,46,153,10,0,54,0,64,42,40,89,46,217,73,262,335,552
04/06/2000,CRP,TX,ASW,CE,Towers with Radar,35,33,42,38,148,0,0,65,0,65,35,33,107,38,213,54,177,231,444
04/07/2000,CRP,TX,ASW,CE,Towers with Radar,34,40,47,110,231,3,0,37,27,67,37,40,84,137,298,22,108,130,428
04/08/2000,CRP,TX,ASW,CE,Towers with Radar,32,33,25,14,104,0,0,36,0,36,32,33,61,14,140,15,22,37,177
04/09/2000,CRP,TX,ASW,CE,Towers with Radar,48,27,28,27,130,6,3,46,0,55,54,30,74,27,185,26,30,56,241
04/10/2000,CRP,TX,ASW,CE,Towers with Radar,32,30,50,101,213,0,5,18,0,23,32,35,68,101,236,20,134,154,390
04/11/2000,CRP,TX,ASW,CE,Towers with Radar,24,32,55,0,111,0,5,22,0,27,24,37,77,0,138,4,245,249,387
04/12/2000,CRP,TX,ASW,CE,Towers with Radar,32,26,38,34,130,0,0,9,0,9,32,26,47,34,139,0,94,94,233
04/13/2000,CRP,TX,ASW,CE,Towers with Radar,32,35,61,61,189,0,6,27,0,33,32,41,88,61,222,70,166,236,458
04/14/2000,CRP,TX,ASW,CE,Towers with Radar,33,36,53,25,147,0,0,64,0,64,33,36,117,25,211,56,116,172,383
04/15/2000,CRP,TX,ASW,CE,Towers with Radar,26,27,26,3,82,1,0,34,15,50,27,27,60,18,132,34,18,52,184
04/16/2000,CRP,TX,ASW,CE,Towers with Radar,27,22,39,23,111,0,5,38,1,44,27,27,77,24,155,122,134,256,411
04/17/2000,CRP,TX,ASW,CE,Towers with Radar,28,30,45,110,213,0,12,27,0,39,28,42,72,110,252,8,284,292,544
04/18/2000,CRP,TX,ASW,CE,Towers with Radar,29,35,39,72,175,2,8,30,0,40,31,43,69,72,215,8,118,126,341
04/19/2000,CRP,TX,ASW,CE,Towers with Radar,31,28,44,42,145,0,12,20,0,32,31,40,64,42,177,6,202,208,385
04/20/2000,CRP,TX,ASW,CE,Towers with Radar,37,37,61,112,247,0,4,59,0,63,37,41,120,112,310,31,188,219,529
04/21/2000,CRP,TX,ASW,CE,Towers with Radar,45,31,28,36,140,3,5,77,0,85,48,36,105,36,225,23,184,207,432
04/22/2000,CRP,TX,ASW,CE,Towers with Radar,35,24,18,2,79,0,0,61,0,61,35,24,79,2,140,44,36,80,220
04/23/2000,CRP,TX,ASW,CE,Towers with Radar,30,24,18,0,72,0,9,45,1,55,30,33,63,1,127,60,0,60,187
04/24/2000,CRP,TX,ASW,CE,Towers with Radar,27,31,37,43,138,3,5,40,0,48,30,36,77,43,186,18,192,210,396
04/25/2000,CRP,TX,ASW,CE,Towers with Radar,24,36,19,81,160,0,16,66,0,82,24,52,85,81,242,29,214,243,485
04/26/2000,CRP,TX,ASW,CE,Towers with Radar,34,35,47,83,199,0,13,87,0,100,34,48,134,83,299,14,175,189,488
04/27/2000,CRP,TX,ASW,CE,Towers with Radar,29,31,41,43,144,0,6,51,0,57,29,37,92,43,201,15,134,149,350
04/28/2000,CRP,TX,ASW,CE,Towers with Radar,28,33,65,59,185,3,12,41,0,56,31,45,106,59,241,20,86,106,347
04/29/2000,CRP,TX,ASW,CE,Towers with Radar,25,20,42,3,90,0,10,34,7,51,25,30,76,10,141,48,12,60,201
04/30/2000,CRP,TX,ASW,CE,Towers with Radar,17,15,19,8,59,10,13,11,0,34,27,28,30,8,93,2,8,10,103
05/01/2000,CRP,TX,ASW,CE,Towers with Radar,33,23,43,34,133,0,15,15,0,30,33,38,58,34,163,0,224,224,387
05/02/2000,CRP,TX,ASW,CE,Towers with Radar,39,30,19,4,92,3,2,8,0,13,42,32,27,4,105,10,0,10,115
05/03/2000,CRP,TX,ASW,CE,Towers with Radar,27,35,75,95,232,4,10,16,0,30,31,45,91,95,262,19,192,211,473
05/04/2000,CRP,TX,ASW,CE,Towers with Radar,40,34,58,46,178,0,0,16,0,16,40,34,74,46,194,50,68,118,312
05/05/2000,CRP,TX,ASW,CE,Towers with Radar,33,30,53,52,168,0,16,45,0,61,33,46,98,52,229,38,182,220,449
05/06/2000,CRP,TX,ASW,CE,Towers with Radar,13,12,17,8,50,13,21,25,0,59,26,33,42,8,109,22,34,56,165
05/07/2000,CRP,TX,ASW,CE,Towers with Radar,24,27,39,16,106,0,9,23,0,32,24,36,62,16,138,74,70,144,282
05/08/2000,CRP,TX,ASW,CE,Towers with Radar,32,30,43,29,134,2,6,18,0,26,34,36,61,29,160,18,240,258,418
05/09/2000,CRP,TX,ASW,CE,Towers with Radar,28,34,52,54,168,0,18,23,0,41,28,52,75,54,209,23,120,143,352
05/10/2000,CRP,TX,ASW,CE,Towers with Radar,30,39,60,40,169,4,5,33,0,42,34,44,93,40,211,20,184,204,415
05/11/2000,CRP,TX,ASW,CE,Towers with Radar,35,34,67,38,174,8,5,22,0,35,43,39,89,38,209,22,58,80,289
05/12/2000,CRP,TX,ASW,CE,Towers with Radar,32,36,46,25,139,0,5,43,0,48,32,41,89,25,187,50,130,180,367
05/13/2000,CRP,TX,ASW,CE,Towers with Radar,25,25,20,0,70,3,3,46,0,52,28,28,66,0,122,60,6,66,188
05/14/2000,CRP,TX,ASW,CE,Towers with Radar,34,26,22,10,92,3,4,24,0,31,37,30,46,10,123,20,32,52,175
05/15/2000,CRP,TX,ASW,CE,Towers with Radar,31,31,42,63,167,0,11,50,0,61,31,42,92,63,228,48,212,260,488
05/16/2000,CRP,TX,ASW,CE,Towers with Radar,30,34,30,69,163,0,17,51,0,68,30,51,81,69,231,26,314,340,571
05/17/2000,CRP,TX,ASW,CE,Towers with Radar,31,35,43,69,178,0,10,56,0,66,31,45,99,69,244,17,328,345,589
05/18/2000,CRP,TX,ASW,CE,Towers with Radar,25,40,47,77,189,3,0,23,0,26,28,40,70,77,215,10,112,122,337
05/19/2000,CRP,TX,ASW,CE,Towers with Radar,47,31,62,74,214,0,23,15,0,38,47,54,77,74,252,14,150,164,416
05/20/2000,CRP,TX,ASW,CE,Towers with Radar,30,27,41,6,104,0,5,22,0,27,30,32,63,6,131,148,66,214,345
05/21/2000,CRP,TX,ASW,CE,Towers with Radar,30,20,24,16,90,5,7,34,3,49,35,27,58,19,139,90,42,132,271
05/22/2000,CRP,TX,ASW,CE,Towers with Radar,30,30,47,56,163,0,13,53,0,66,30,43,100,56,229,36,160,196,425
05/23/2000,CRP,TX,ASW,CE,Towers with Radar,30,51,35,71,187,0,13,62,0,75,30,64,97,71,262,73,174,247,509
05/24/2000,CRP,TX,ASW,CE,Towers with Radar,37,36,58,75,206,3,5,35,0,43,40,41,93,75,249,14,230,244,493
05/25/2000,CRP,TX,ASW,CE,Towers with Radar,32,34,53,67,186,2,2,25,0,29,34,36,78,67,215,34,248,282,497
05/26/2000,CRP,TX,ASW,CE,Towers with Radar,34,31,63,23,151,0,11,21,0,32,34,42,84,23,183,18,108,126,309
05/27/2000,CRP,TX,ASW,CE,Towers with Radar,21,19,34,7,81,1,11,14,4,30,22,30,48,11,111,44,4,48,159
05/28/2000,CRP,TX,ASW,CE,Towers with Radar,25,25,36,1,87,0,6,19,1,26,25,31,55,2,113,82,0,82,195
05/29/2000,CRP,TX,ASW,CE,Towers with Radar,33,28,37,6,104,1,0,45,4,50,34,28,82,10,154,48,4,52,206
05/30/2000,CRP,TX,ASW,CE,Towers with Radar,35,32,27,78,172,3,11,61,0,75,38,43,88,78,247,60,153,213,460
05/31/2000,CRP,TX,ASW,CE,Towers with Radar,33,40,41,51,165,0,8,60,0,68,33,48,101,51,233,50,230,280,513
06/01/2000,CRP,TX,ASW,CE,Towers with Radar,35,36,37,59,167,12,0,64,0,76,47,36,101,59,243,157,136,293,536
06/02/2000,CRP,TX,ASW,CE,Towers with Radar,31,34,43,32,140,9,15,37,0,61,40,49,80,32,201,71,78,149,350
06/03/2000,CRP,TX,ASW,CE,Towers with Radar,26,23,30,16,95,0,12,20,0,32,26,35,50,16,127,296,60,356,483
06/04/2000,CRP,TX,ASW,CE,Towers with Radar,33,28,38,25,124,3,2,43,2,50,36,30,81,27,174,426,38,464,638
06/05/2000,CRP,TX,ASW,CE,Towers with Radar,38,51,34,74,197,0,0,15,0,15,38,51,49,74,212,86,276,362,574
06/06/2000,CRP,TX,ASW,CE,Towers with Radar,28,43,45,95,211,0,19,55,0,74,28,62,100,95,285,23,119,142,427
06/07/2000,CRP,TX,ASW,CE,Towers with Radar,28,34,51,55,168,0,14,40,0,54,28,48,91,55,222,22,342,364,586
06/08/2000,CRP,TX,ASW,CE,Towers with Radar,30,30,35,60,155,1,20,65,0,86,31,50,100,60,241,0,16,16,257
06/09/2000,CRP,TX,ASW,CE,Towers with Radar,29,33,37,16,115,1,11,31,0,43,30,44,68,16,158,24,72,96,254
06/10/2000,CRP,TX,ASW,CE,Towers with Radar,28,23,21,2,74,0,22,6,3,31,28,45,27,5,105,34,16,50,155
06/11/2000,CRP,TX,ASW,CE,Towers with Radar,15,15,16,11,57,43,42,63,0,148,58,57,79,11,205,112,14,126,331
06/12/2000,CRP,TX,ASW,CE,Towers with Radar,31,32,33,41,137,1,11,45,0,57,32,43,78,41,194,28,142,170,364
06/13/2000,CRP,TX,ASW,CE,Towers with Radar,41,38,41,109,229,13,5,27,0,45,54,43,68,109,274,25,148,173,447
06/14/2000,CRP,TX,ASW,CE,Towers with Radar,32,37,52,141,262,11,0,18,0,29,43,37,70,141,291,8,262,270,561
06/15/2000,CRP,TX,ASW,CE,Towers with Radar,40,41,47,72,200,9,0,24,0,33,49,41,71,72,233,82,163,245,478
06/16/2000,CRP,TX,ASW,CE,Towers with Radar,31,44,47,96,218,1,3,30,0,34,32,47,77,96,252,6,90,96,348
06/17/2000,CRP,TX,ASW,CE,Towers with Radar,26,21,22,2,71,2,13,31,0,46,28,34,53,2,117,90,12,102,219
06/18/2000,CRP,TX,ASW,CE,Towers with Radar,31,25,31,13,100,5,0,21,0,26,36,25,52,13,126,38,4,42,168
06/19/2000,CRP,TX,ASW,CE,Towers with Radar,34,34,37,133,238,0,4,30,0,34,34,38,67,133,272,60,116,176,448
06/20/2000,CRP,TX,ASW,CE,Towers with Radar,53,43,50,117,263,1,0,31,0,32,54,43,81,117,295,65,237,302,597
06/21/2000,CRP,TX,ASW,CE,Towers with Radar,38,36,45,127,246,0,9,45,0,54,38,45,90,127,300,28,116,144,444
06/22/2000,CRP,TX,ASW,CE,Towers with Radar,31,42,47,70,190,0,0,44,0,44,31,42,91,70,234,66,162,228,462
06/23/2000,CRP,TX,ASW,CE,Towers with Radar,32,34,38,37,141,1,11,61,0,73,33,45,99,37,214,54,262,316,530
06/24/2000,CRP,TX,ASW,CE,Towers with Radar,26,23,19,8,76,0,14,49,0,63,26,37,68,8,139,44,4,48,187
06/25/2000,CRP,TX,ASW,CE,Towers with Radar,30,25,35,2,92,4,0,53,0,57,34,25,88,2,149,96,20,116,265
06/26/2000,CRP,TX,ASW,CE,Towers with Radar,26,37,29,92,184,0,4,39,0,43,26,41,68,92,227,42,108,150,377
06/27/2000,CRP,TX,ASW,CE,Towers with Radar,26,30,54,90,200,0,9,60,0,69,26,39,114,90,269,18,214,232,501
06/28/2000,CRP,TX,ASW,CE,Towers with Radar,43,34,35,115,227,0,9,57,0,66,43,43,92,115,293,22,270,292,585
06/29/2000,CRP,TX,ASW,CE,Towers with Radar,31,33,36,36,136,0,6,32,0,38,31,39,68,36,174,44,360,404,578
06/30/2000,CRP,TX,ASW,CE,Towers with Radar,34,27,56,36,153,0,13,68,0,81,34,40,124,36,234,48,216,264,498
07/01/2000,CRP,TX,ASW,CE,Towers with Radar,43,29,40,5,117,10,0,44,0,54,53,29,84,5,171,52,46,98,269
07/02/2000,CRP,TX,ASW,CE,Towers with Radar,23,17,30,2,72,5,7,33,5,50,28,24,63,7,122,10,34,44,166
07/03/2000,CRP,TX,ASW,CE,Towers with Radar,33,32,58,36,159,0,7,19,0,26,33,39,77,36,185,53,16,69,254
07/04/2000,CRP,TX,ASW,CE,Towers with Radar,17,23,15,2,57,5,0,48,8,61,22,23,63,10,118,6,4,10,128
07/05/2000,CRP,TX,ASW,CE,Towers with Radar,30,49,31,44,154,1,0,45,0,46,31,49,76,44,200,10,180,190,390
07/06/2000,CRP,TX,ASW,CE,Towers with Radar,33,41,33,69,176,1,8,44,0,53,34,49,77,69,229,11,145,156,385
07/07/2000,CRP,TX,ASW,CE,Towers with Radar,30,44,30,52,156,0,18,57,0,75,30,62,87,52,231,36,228,264,495
07/08/2000,CRP,TX,ASW,CE,Towers with Radar,26,31,28,17,102,5,9,59,1,74,31,40,87,18,176,40,50,90,266
07/09/2000,CRP,TX,ASW,CE,Towers with Radar,29,22,13,18,82,8,10,49,0,67,37,32,62,18,149,44,8,52,201
07/10/2000,CRP,TX,ASW,CE,Towers with Radar,38,32,25,98,193,0,12,23,0,35,38,44,48,98,228,28,154,182,410
07/11/2000,CRP,TX,ASW,CE,Towers with Radar,35,35,48,46,164,0,27,24,0,51,35,62,72,46,215,12,194,206,421
07/12/2000,CRP,TX,ASW,CE,Towers with Radar,32,41,49,43,165,0,4,54,0,58,32,45,103,43,223,87,154,241,464
07/13/2000,CRP,TX,ASW,CE,Towers with Radar,34,35,34,23,126,0,19,58,0,77,34,54,92,23,203,34,144,178,381
07/14/2000,CRP,TX,ASW,CE,Towers with Radar,42,40,29,34,145,0,12,55,0,67,42,52,84,34,212,42,130,172,384
07/15/2000,CRP,TX,ASW,CE,Towers with Radar,45,20,15,13,93,11,22,42,0,75,56,42,57,13,168,62,8,70,238
07/16/2000,CRP,TX,ASW,CE,Towers with Radar,42,17,11,32,102,1,17,40,0,58,43,34,51,32,160,60,72,132,292
07/17/2000,CRP,TX,ASW,CE,Towers with Radar,36,37,30,85,188,0,11,46,0,57,36,48,76,85,245,18,208,226,471
07/18/2000,CRP,TX,ASW,CE,Towers with Radar,26,43,38,69,176,0,20,30,0,50,26,63,68,69,226,56,344,400,626
07/19/2000,CRP,TX,ASW,CE,Towers with Radar,26,46,41,75,188,2,3,69,0,74,28,49,110,75,262,28,78,106,368
07/20/2000,CRP,TX,ASW,CE,Towers with Radar,27,34,36,50,147,0,16,62,0,78,27,50,98,50,225,24,270,294,519
07/21/2000,CRP,TX,ASW,CE,Towers with Radar,30,40,38,25,133,0,23,67,0,90,30,63,105,25,223,100,294,394,617
07/22/2000,CRP,TX,ASW,CE,Towers with Radar,25,36,20,11,92,2,7,47,0,56,27,43,67,11,148,66,56,122,270
07/23/2000,CRP,TX,ASW,CE,Towers with Radar,38,26,29,4,97,0,10,42,0,52,38,36,71,4,149,40,16,56,205
07/24/2000,CRP,TX,ASW,CE,Towers with Radar,31,38,33,130,232,0,14,38,0,52,31,52,71,130,284,80,202,282,566
07/25/2000,CRP,TX,ASW,CE,Towers with Radar,33,47,51,59,190,0,0,34,0,34,33,47,85,59,224,88,232,320,544
07/26/2000,CRP,TX,ASW,CE,Towers with Radar,40,40,37,87,204,0,9,32,0,41,40,49,69,87,245,120,256,376,621
07/27/2000,CRP,TX,ASW,CE,Towers with Radar,32,46,41,79,198,0,11,39,0,50,32,57,80,79,248,44,130,174,422
07/28/2000,CRP,TX,ASW,CE,Towers with Radar,51,55,26,44,176,0,0,61,0,61,51,55,87,44,237,48,132,180,417
07/29/2000,CRP,TX,ASW,CE,Towers with Radar,49,24,25,0,98,0,28,40,0,68,49,52,65,0,166,44,16,60,226
07/30/2000,CRP,TX,ASW,CE,Towers with Radar,37,29,33,13,112,3,5,18,0,26,40,34,51,13,138,25,28,53,191
07/31/2000,CRP,TX,ASW,CE,Towers with Radar,31,35,30,48,144,2,16,23,0,41,33,51,53,48,185,0,163,163,348
08/01/2000,CRP,TX,ASW,CE,Towers with Radar,35,43,42,119,239,0,21,28,0,49,35,64,70,119,288,109,226,335,623
08/02/2000,CRP,TX,ASW,CE,Towers with Radar,35,37,56,87,215,1,7,28,0,36,36,44,84,87,251,74,158,232,483
08/03/2000,CRP,TX,ASW,CE,Towers with Radar,27,47,35,42,151,4,2,76,0,82,31,49,111,42,233,72,252,324,557
08/04/2000,CRP,TX,ASW,CE,Towers with Radar,32,41,24,74,171,0,6,51,0,57,32,47,75,74,228,55,196,251,479
08/05/2000,CRP,TX,ASW,CE,Towers with Radar,24,41,11,14,90,2,5,35,0,42,26,46,46,14,132,40,26,66,198
08/06/2000,CRP,TX,ASW,CE,Towers with Radar,25,28,17,2,72,5,0,29,0,34,30,28,46,2,106,38,10,48,154
08/07/2000,CRP,TX,ASW,CE,Towers with Radar,32,42,38,51,163,0,4,26,0,30,32,46,64,51,193,10,87,97,290
08/08/2000,CRP,TX,ASW,CE,Towers with Radar,29,39,46,59,173,0,17,22,0,39,29,56,68,59,212,111,176,287,499
08/09/2000,CRP,TX,ASW,CE,Towers with Radar,26,46,35,28,135,0,11,25,0,36,26,57,60,28,171,26,96,122,293
08/10/2000,CRP,TX,ASW,CE,Towers with Radar,24,47,53,37,161,0,6,17,0,23,24,53,70,37,184,10,78,88,272
08/11/2000,CRP,TX,ASW,CE,Towers with Radar,39,38,40,41,158,0,20,60,0,80,39,58,100,41,238,12,48,60,298
08/12/2000,CRP,TX,ASW,CE,Towers with Radar,19,17,16,3,55,0,11,54,0,65,19,28,70,3,120,88,3,91,211
08/13/2000,CRP,TX,ASW,CE,Towers with Radar,25,25,28,8,86,0,10,41,2,53,25,35,69,10,139,50,0,50,189
08/14/2000,CRP,TX,ASW,CE,Towers with Radar,29,46,50,124,249,2,5,15,0,22,31,51,65,124,271,0,196,196,467
08/15/2000,CRP,TX,ASW,CE,Towers with Radar,32,41,30,47,150,7,0,7,0,14,39,41,37,47,164,24,56,80,244
08/16/2000,CRP,TX,ASW,CE,Towers with Radar,27,42,30,63,162,0,8,55,0,63,27,50,85,63,225,8,86,94,319
08/17/2000,CRP,TX,ASW,CE,Towers with Radar,27,38,62,43,170,0,14,36,0,50,27,52,98,43,220,70,74,144,364
08/18/2000,CRP,TX,ASW,CE,Towers with Radar,26,42,35,30,133,0,3,64,0,67,26,45,99,30,200,34,90,124,324
08/19/2000,CRP,TX,ASW,CE,Towers with Radar,25,27,20,4,76,0,3,45,2,50,25,30,65,6,126,4,0,4,130
08/20/2000,CRP,TX,ASW,CE,Towers with Radar,26,22,28,2,78,0,3,49,0,52,26,25,77,2,130,76,12,88,218
08/21/2000,CRP,TX,ASW,CE,Towers with Radar,27,38,47,53,165,6,0,28,0,34,33,38,75,53,199,14,106,120,319
08/22/2000,CRP,TX,ASW,CE,Towers with Radar,46,42,39,100,227,0,14,33,0,47,46,56,72,100,274,36,62,98,372
08/23/2000,CRP,TX,ASW,CE,Towers with Radar,42,46,60,87,235,0,2,17,0,19,42,48,77,87,254,2,82,84,338
08/24/2000,CRP,TX,ASW,CE,Towers with Radar,32,55,53,97,237,1,0,33,0,34,33,55,86,97,271,20,67,87,358
08/25/2000,CRP,TX,ASW,CE,Towers with Radar,33,37,42,44,156,0,9,64,0,73,33,46,106,44,229,40,34,74,303
08/26/2000,CRP,TX,ASW,CE,Towers with Radar,22,26,20,8,76,10,0,33,0,43,32,26,53,8,119,32,32,64,183
08/27/2000,CRP,TX,ASW,CE,Towers with Radar,28,23,30,21,102,0,8,32,0,40,28,31,62,21,142,44,32,76,218
08/28/2000,CRP,TX,ASW,CE,Towers with Radar,35,42,44,94,215,0,0,14,0,14,35,42,58,94,229,12,114,126,355
08/29/2000,CRP,TX,ASW,CE,Towers with Radar,28,55,22,45,150,4,0,41,0,45,32,55,63,45,195,74,122,196,391
08/30/2000,CRP,TX,ASW,CE,Towers with Radar,32,55,23,53,163,2,3,43,0,48,34,58,66,53,211,47,86,133,344
08/31/2000,CRP,TX,ASW,CE,Towers with Radar,30,37,40,44,151,0,0,81,0,81,30,37,121,44,232,70,132,202,434
09/01/2000,CRP,TX,ASW,CE,Towers with Radar,30,70,42,21,163,3,3,73,0,79,33,73,115,21,242,100,168,268,510
09/02/2000,CRP,TX,ASW,CE,Towers with Radar,19,22,24,2,67,2,2,38,0,42,21,24,62,2,109,66,0,66,175
09/03/2000,CRP,TX,ASW,CE,Towers with Radar,21,21,25,9,76,0,3,40,2,45,21,24,65,11,121,12,12,24,145
09/04/2000,CRP,TX,ASW,CE,Towers with Radar,27,28,21,3,79,0,7,35,5,47,27,35,56,8,126,76,6,82,208
09/05/2000,CRP,TX,ASW,CE,Towers with Radar,31,38,38,49,156,0,15,67,0,82,31,53,105,49,238,62,66,128,366
09/06/2000,CRP,TX,ASW,CE,Towers with Radar,24,45,22,67,158,0,5,42,0,47,24,50,64,67,205,8,94,102,307
09/07/2000,CRP,TX,ASW,CE,Towers with Radar,26,49,49,61,185,0,6,39,0,45,26,55,88,61,230,6,198,204,434
09/08/2000,CRP,TX,ASW,CE,Towers with Radar,29,56,37,37,159,3,1,23,0,27,32,57,60,37,186,8,72,80,266
09/09/2000,CRP,TX,ASW,CE,Towers with Radar,22,48,18,8,96,36,0,35,0,71,58,48,53,8,167,59,2,61,228
09/10/2000,CRP,TX,ASW,CE,Towers with Radar,35,31,44,7,117,2,6,8,6,22,37,37,52,13,139,34,10,44,183
09/11/2000,CRP,TX,ASW,CE,Towers with Radar,31,58,29,92,210,5,13,46,0,64,36,71,75,92,274,42,178,220,494
09/12/2000,CRP,TX,ASW,CE,Towers with Radar,33,44,60,52,189,0,7,36,0,43,33,51,96,52,232,40,84,124,356
09/13/2000,CRP,TX,ASW,CE,Towers with Radar,33,43,55,42,173,0,8,19,0,27,33,51,74,42,200,7,105,112,312
09/14/2000,CRP,TX,ASW,CE,Towers with Radar,25,52,69,30,176,0,0,34,0,34,25,52,103,30,210,32,90,122,332
09/15/2000,CRP,TX,ASW,CE,Towers with Radar,24,51,51,37,163,3,3,44,0,50,27,54,95,37,213,14,134,148,361
09/16/2000,CRP,TX,ASW,CE,Towers with Radar,20,28,25,8,81,0,15,48,0,63,20,43,73,8,144,72,40,112,256
09/17/2000,CRP,TX,ASW,CE,Towers with Radar,25,24,38,18,105,0,10,50,8,68,25,34,88,26,173,64,6,70,243
09/18/2000,CRP,TX,ASW,CE,Towers with Radar,24,46,20,59,149,0,9,59,0,68,24,55,79,59,217,40,144,184,401
09/19/2000,CRP,TX,ASW,CE,Towers with Radar,25,49,38,38,150,0,17,53,0,70,25,66,91,38,220,40,197,237,457
09/20/2000,CRP,TX,ASW,CE,Towers with Radar,35,46,49,97,227,1,0,49,0,50,36,46,98,97,277,60,156,216,493
09/21/2000,CRP,TX,ASW,CE,Towers with Radar,35,43,62,67,207,18,0,27,0,45,53,43,89,67,252,33,82,115,367
09/22/2000,CRP,TX,ASW,CE,Towers with Radar,31,55,48,63,197,2,2,30,0,34,33,57,78,63,231,26,146,172,403
09/23/2000,CRP,TX,ASW,CE,Towers with Radar,25,37,16,4,82,0,0,17,4,21,25,37,33,8,103,60,40,100,203
09/24/2000,CRP,TX,ASW,CE,Towers with Radar,21,34,40,11,106,0,8,26,1,35,21,42,66,12,141,26,22,48,189
09/25/2000,CRP,TX,ASW,CE,Towers with Radar,30,43,55,41,169,0,0,39,0,39,30,43,94,41,208,2,122,124,332
09/26/2000,CRP,TX,ASW,CE,Towers with Radar,31,45,40,114,230,0,8,44,0,52,31,53,84,114,282,38,86,124,406
09/27/2000,CRP,TX,ASW,CE,Towers with Radar,25,50,43,49,167,4,6,62,0,72,29,56,105,49,239,52,90,142,381
09/28/2000,CRP,TX,ASW,CE,Towers with Radar,27,46,41,24,138,0,8,64,0,72,27,54,105,24,210,60,106,166,376
09/29/2000,CRP,TX,ASW,CE,Towers with Radar,31,48,30,21,130,0,13,65,0,78,31,61,95,21,208,92,104,196,404
09/30/2000,CRP,TX,ASW,CE,Towers with Radar,21,37,15,0,73,1,21,52,0,74,22,58,67,0,147,68,0,68,215
10/01/2000,CRP,TX,ASW,CE,Towers with Radar,23,31,28,2,84,1,15,41,0,57,24,46,69,2,141,64,2,66,207
10/02/2000,CRP,TX,ASW,CE,Towers with Radar,28,50,48,40,166,1,13,18,0,32,29,63,66,40,198,12,128,140,338
10/03/2000,CRP,TX,ASW,CE,Towers with Radar,31,54,53,44,182,4,17,44,0,65,35,71,97,44,247,20,172,192,439
10/04/2000,CRP,TX,ASW,CE,Towers with Radar,31,56,45,94,226,1,0,57,2,60,32,56,102,96,286,32,158,190,476
10/05/2000,CRP,TX,ASW,CE,Towers with Radar,26,62,44,72,204,2,0,52,0,54,28,62,96,72,258,106,134,240,498
10/06/2000,CRP,TX,ASW,CE,Towers with Radar,30,51,37,17,135,0,31,18,0,49,30,82,55,17,184,40,42,82,266
10/07/2000,CRP,TX,ASW,CE,Towers with Radar,26,29,36,4,95,0,13,0,4,17,26,42,36,8,112,20,0,20,132
10/08/2000,CRP,TX,ASW,CE,Towers with Radar,41,24,27,2,94,6,0,0,5,11,47,24,27,7,105,0,0,0,105
10/09/2000,CRP,TX,ASW,CE,Towers with Radar,32,42,64,13,151,0,6,5,0,11,32,48,69,13,162,14,0,14,176
10/10/2000,CRP,TX,ASW,CE,Towers with Radar,27,52,50,68,197,0,5,16,0,21,27,57,66,68,218,32,116,148,366
10/11/2000,CRP,TX,ASW,CE,Towers with Radar,24,50,72,25,171,0,0,0,0,0,24,50,72,25,171,20,38,58,229
10/12/2000,CRP,TX,ASW,CE,Towers with Radar,24,58,59,41,182,0,0,41,0,41,24,58,100,41,223,125,159,284,507
10/13/2000,CRP,TX,ASW,CE,Towers with Radar,28,60,48,64,200,0,0,50,0,50,28,60,98,64,250,76,206,282,532
10/14/2000,CRP,TX,ASW,CE,Towers with Radar,29,48,53,10,140,0,12,31,7,50,29,60,84,17,190,34,0,34,224
10/15/2000,CRP,TX,ASW,CE,Towers with Radar,24,46,29,10,109,1,11,23,2,37,25,57,52,12,146,46,2,48,194
10/16/2000,CRP,TX,ASW,CE,Towers with Radar,33,72,59,130,294,0,17,41,0,58,33,89,100,130,352,4,322,326,678
10/17/2000,CRP,TX,ASW,CE,Towers with Radar,28,45,37,111,221,4,0,42,0,46,32,45,79,111,267,20,298,318,585
10/18/2000,CRP,TX,ASW,CE,Towers with Radar,29,45,58,43,175,0,6,42,0,48,29,51,100,43,223,38,283,321,544
10/19/2000,CRP,TX,ASW,CE,Towers with Radar,26,54,58,47,185,3,17,45,0,65,29,71,103,47,250,36,330,366,616
10/20/2000,CRP,TX,ASW,CE,Towers with Radar,24,52,45,66,187,3,4,43,0,50,27,56,88,66,237,52,162,214,451
10/21/2000,CRP,TX,ASW,CE,Towers with Radar,44,27,21,2,94,0,8,32,0,40,44,35,53,2,134,88,4,92,226
10/22/2000,CRP,TX,ASW,CE,Towers with Radar,28,27,26,52,133,5,0,13,0,18,33,27,39,52,151,4,20,24,175
10/23/2000,CRP,TX,ASW,CE,Towers with Radar,26,50,47,61,184,0,5,30,0,35,26,55,77,61,219,40,108,148,367
10/24/2000,CRP,TX,ASW,CE,Towers with Radar,30,56,54,41,181,11,9,28,0,48,41,65,82,41,229,36,328,364,593
10/25/2000,CRP,TX,ASW,CE,Towers with Radar,29,48,59,47,183,0,0,26,0,26,29,48,85,47,209,40,116,156,365
10/26/2000,CRP,TX,ASW,CE,Towers with Radar,29,55,44,53,181,0,5,45,0,50,29,60,89,53,231,8,186,194,425
10/27/2000,CRP,TX,ASW,CE,Towers with Radar,27,40,34,91,192,3,11,45,0,59,30,51,79,91,251,30,150,180,431
10/28/2000,CRP,TX,ASW,CE,Towers with Radar,27,26,40,5,98,5,5,26,0,36,32,31,66,5,134,52,4,56,190
10/29/2000,CRP,TX,ASW,CE,Towers with Radar,28,39,49,7,123,0,9,15,0,24,28,48,64,7,147,28,2,30,177
10/30/2000,CRP,TX,ASW,CE,Towers with Radar,35,55,80,89,259,2,0,77,0,79,37,55,157,89,338,74,197,271,609
10/31/2000,CRP,TX,ASW,CE,Towers with Radar,27,53,54,91,225,0,10,26,0,36,27,63,80,91,261,12,235,247,508
11/01/2000,CRP,TX,ASW,CE,Towers with Radar,35,53,60,52,200,27,0,33,0,60,62,53,93,52,260,56,149,205,465
11/02/2000,CRP,TX,ASW,CE,Towers with Radar,44,55,54,83,236,12,0,25,0,37,56,55,79,83,273,32,88,120,393
11/03/2000,CRP,TX,ASW,CE,Towers with Radar,27,45,55,42,169,0,11,40,0,51,27,56,95,42,220,16,240,256,476
11/04/2000,CRP,TX,ASW,CE,Towers with Radar,30,29,24,6,89,3,2,5,17,27,33,31,29,23,116,0,0,0,116
11/05/2000,CRP,TX,ASW,CE,Towers with Radar,35,26,32,11,104,0,1,11,0,12,35,27,43,11,116,50,88,138,254
11/06/2000,CRP,TX,ASW,CE,Towers with Radar,34,38,47,64,183,0,17,35,0,52,34,55,82,64,235,8,127,135,370
11/07/2000,CRP,TX,ASW,CE,Towers with Radar,33,52,57,83,225,4,19,17,0,40,37,71,74,83,265,50,136,186,451
11/08/2000,CRP,TX,ASW,CE,Towers with Radar,22,44,56,6,128,0,6,0,0,6,22,50,56,6,134,0,179,179,313
11/09/2000,CRP,TX,ASW,CE,Towers with Radar,27,45,35,58,165,2,9,76,7,94,29,54,111,65,259,110,120,230,489
11/10/2000,CRP,TX,ASW,CE,Towers with Radar,29,49,52,9,139,0,1,45,3,49,29,50,97,12,188,76,10,86,274
11/11/2000,CRP,TX,ASW,CE,Towers with Radar,25,30,27,0,82,0,2,15,1,18,25,32,42,1,100,52,0,52,152
11/12/2000,CRP,TX,ASW,CE,Towers with Radar,37,20,21,3,81,0,8,8,15,31,37,28,29,18,112,52,40,92,204
11/13/2000,CRP,TX,ASW,CE,Towers with Radar,36,50,54,99,239,0,0,11,0,11,36,50,65,99,250,42,228,270,520
11/14/2000,CRP,TX,ASW,CE,Towers with Radar,29,58,54,40,181,0,14,48,0,62,29,72,102,40,243,28,286,314,557
11/15/2000,CRP,TX,ASW,CE,Towers with Radar,34,56,68,66,224,0,0,7,0,7,34,56,75,66,231,64,152,216,447
11/16/2000,CRP,TX,ASW,CE,Towers with Radar,27,41,62,49,179,6,0,7,0,13,33,41,69,49,192,50,144,194,386
11/17/2000,CRP,TX,ASW,CE,Towers with Radar,29,52,59,33,173,0,0,0,0,0,29,52,59,33,173,14,38,52,225
11/18/2000,CRP,TX,ASW,CE,Towers with Radar,23,33,25,5,86,0,0,0,2,2,23,33,25,7,88,2,0,2,90
11/19/2000,CRP,TX,ASW,CE,Towers with Radar,17,25,24,22,88,13,5,37,0,55,30,30,61,22,143,8,64,72,215
11/20/2000,CRP,TX,ASW,CE,Towers with Radar,30,38,47,112,227,0,9,72,0,81,30,47,119,112,308,94,206,300,608
11/21/2000,CRP,TX,ASW,CE,Towers with Radar,26,49,47,69,191,1,0,91,0,92,27,49,138,69,283,32,106,138,421
11/22/2000,CRP,TX,ASW,CE,Towers with Radar,32,46,44,52,174,8,1,52,0,61,40,47,96,52,235,4,160,164,399
11/23/2000,CRP,TX,ASW,CE,Towers with Radar,20,28,16,0,64,0,3,0,0,3,20,31,16,0,67,2,0,2,69
11/24/2000,CRP,TX,ASW,CE,Towers with Radar,16,32,33,2,83,0,9,26,0,35,16,41,59,2,118,5,22,27,145
11/25/2000,CRP,TX,ASW,CE,Towers with Radar,28,25,16,2,71,0,13,43,0,56,28,38,59,2,127,34,0,34,161
11/26/2000,CRP,TX,ASW,CE,Towers with Radar,28,24,42,8,102,1,0,0,2,3,29,24,42,10,105,10,4,14,119
11/27/2000,CRP,TX,ASW,CE,Towers with Radar,29,47,39,47,162,0,5,36,0,41,29,52,75,47,203,52,193,245,448
11/28/2000,CRP,TX,ASW,CE,Towers with Radar,32,54,52,111,249,0,10,35,0,45,32,64,87,111,294,42,228,270,564
11/29/2000,CRP,TX,ASW,CE,Towers with Radar,29,49,64,25,167,7,7,30,0,44,36,56,94,25,211,26,152,178,389
11/30/2000,CRP,TX,ASW,CE,Towers with Radar,28,63,53,35,179,0,10,22,0,32,28,73,75,35,211,16,194,210,421
12/01/2000,CRP,TX,ASW,CE,Towers with Radar,38,52,66,19,175,0,0,12,0,12,38,52,78,19,187,68,248,316,503
12/02/2000,CRP,TX,ASW,CE,Towers with Radar,32,29,35,2,98,0,9,34,4,47,32,38,69,6,145,6,2,8,153
12/03/2000,CRP,TX,ASW,CE,Towers with Radar,20,25,26,6,77,21,1,18,0,40,41,26,44,6,117,0,16,16,133
12/04/2000,CRP,TX,ASW,CE,Towers with Radar,33,36,55,46,170,0,0,13,0,13,33,36,68,46,183,12,312,324,507
12/05/2000,CRP,TX,ASW,CE,Towers with Radar,26,38,63,95,222,0,9,32,0,41,26,47,95,95,263,10,348,358,621
12/06/2000,CRP,TX,ASW,CE,Towers with Radar,32,43,56,44,175,0,12,17,0,29,32,55,73,44,204,12,266,278,482
12/07/2000,CRP,TX,ASW,CE,Towers with Radar,26,46,49,52,173,0,17,45,0,62,26,63,94,52,235,31,226,257,492
12/08/2000,CRP,TX,ASW,CE,Towers with Radar,36,44,56,31,167,0,0,61,0,61,36,44,117,31,228,102,46,148,376
12/09/2000,CRP,TX,ASW,CE,Towers with Radar,19,23,25,9,76,8,11,88,0,107,27,34,113,9,183,18,44,62,245
12/10/2000,CRP,TX,ASW,CE,Towers with Radar,25,30,41,15,111,0,1,13,0,14,25,31,54,15,125,38,50,88,213
12/11/2000,CRP,TX,ASW,CE,Towers with Radar,32,41,48,84,205,1,4,50,0,55,33,45,98,84,260,16,240,256,516
12/12/2000,CRP,TX,ASW,CE,Towers with Radar,21,38,37,66,162,0,4,3,0,7,21,42,40,66,169,2,114,116,285
12/13/2000,CRP,TX,ASW,CE,Towers with Radar,27,47,63,36,173,0,0,8,0,8,27,47,71,36,181,11,116,127,308
12/14/2000,CRP,TX,ASW,CE,Towers with Radar,49,51,66,24,190,0,0,0,0,0,49,51,66,24,190,14,62,76,266
12/15/2000,CRP,TX,ASW,CE,Towers with Radar,27,32,34,0,93,4,13,14,0,31,31,45,48,0,124,12,0,12,136
12/16/2000,CRP,TX,ASW,CE,Towers with Radar,19,30,40,3,92,0,4,28,0,32,19,34,68,3,124,32,4,36,160
12/17/2000,CRP,TX,ASW,CE,Towers with Radar,25,29,31,37,122,13,6,28,0,47,38,35,59,37,169,12,40,52,221
12/18/2000,CRP,TX,ASW,CE,Towers with Radar,26,50,55,36,167,0,0,33,0,33,26,50,88,36,200,30,326,356,556
12/19/2000,CRP,TX,ASW,CE,Towers with Radar,31,40,46,79,196,8,16,55,0,79,39,56,101,79,275,54,338,392,667
12/20/2000,CRP,TX,ASW,CE,Towers with Radar,32,59,63,78,232,0,4,38,0,42,32,63,101,78,274,26,254,280,554
12/21/2000,CRP,TX,ASW,CE,Towers with Radar,31,49,53,59,192,0,24,32,0,56,31,73,85,59,248,12,234,246,494
12/22/2000,CRP,TX,ASW,CE,Towers with Radar,26,61,36,10,133,3,0,32,0,35,29,61,68,10,168,10,34,44,212
12/23/2000,CRP,TX,ASW,CE,Towers with Radar,28,34,32,0,94,0,2,19,0,21,28,36,51,0,115,23,0,23,138
12/24/2000,CRP,TX,ASW,CE,Towers with Radar,24,19,31,0,74,5,0,0,0,5,29,19,31,0,79,0,0,0,79
12/25/2000,CRP,TX,ASW,CE,Towers with Radar,23,23,17,0,63,4,0,3,0,7,27,23,20,0,70,8,0,8,78
12/26/2000,CRP,TX,ASW,CE,Towers with Radar,26,37,33,9,105,0,14,8,1,23,26,51,41,10,128,12,26,38,166
12/27/2000,CRP,TX,ASW,CE,Towers with Radar,29,30,27,10,96,2,0,28,0,30,31,30,55,10,126,0,62,62,188
12/28/2000,CRP,TX,ASW,CE,Towers with Radar,33,34,34,30,131,8,0,53,0,61,41,34,87,30,192,32,96,128,320
12/29/2000,CRP,TX,ASW,CE,Towers with Radar,29,34,36,46,145,11,7,46,6,70,40,41,82,52,215,72,126,198,413
12/30/2000,CRP,TX,ASW,CE,Towers with Radar,28,32,32,0,92,8,0,57,0,65,36,32,89,0,157,20,0,20,177
12/31/2000,CRP,TX,ASW,CE,Towers with Radar,26,22,20,0,68,0,0,0,0,0,26,22,20,0,68,4,0,4,72
01/01/2001,CRP,TX,ASW,CE,Towers with Radar,15,21,24,0,60,0,6,0,0,6,15,27,24,0,66,0,0,0,66
01/02/2001,CRP,TX,ASW,CE,Towers with Radar,37,22,39,2,100,0,10,16,0,26,37,32,55,2,126,0,0,0,126
01/03/2001,CRP,TX,ASW,CE,Towers with Radar,28,47,49,52,176,0,2,49,0,51,28,49,98,52,227,36,170,206,433
01/04/2001,CRP,TX,ASW,CE,Towers with Radar,28,40,45,45,158,0,11,32,0,43,28,51,77,45,201,59,284,343,544
01/05/2001,CRP,TX,ASW,CE,Towers with Radar,28,47,33,38,146,0,7,62,0,69,28,54,95,38,215,32,236,268,483
01/06/2001,CRP,TX,ASW,CE,Towers with Radar,24,26,40,20,110,0,0,23,0,23,24,26,63,20,133,44,58,102,235
01/07/2001,CRP,TX,ASW,CE,Towers with Radar,18,20,22,13,73,12,12,26,0,50,30,32,48,13,123,0,4,4,127
01/08/2001,CRP,TX,ASW,CE,Towers with Radar,29,41,46,43,159,0,0,7,0,7,29,41,53,43,166,6,252,258,424
01/09/2001,CRP,TX,ASW,CE,Towers with Radar,28,36,42,92,198,1,6,42,0,49,29,42,84,92,247,13,502,515,762
01/10/2001,CRP,TX,ASW,CE,Towers with Radar,28,37,56,2,123,2,7,3,0,12,30,44,59,2,135,0,34,34,169
01/11/2001,CRP,TX,ASW,CE,Towers with Radar,28,39,54,59,180,0,0,31,0,31,28,39,85,59,211,0,340,340,551
01/12/2001,CRP,TX,ASW,CE,Towers with Radar,35,34,53,50,172,0,11,2,0,13,35,45,55,50,185,12,146,158,343
01/13/2001,CRP,TX,ASW,CE,Towers with Radar,24,24,31,5,84,4,1,4,0,9,28,25,35,5,93,39,28,67,160
01/14/2001,CRP,TX,ASW,CE,Towers with Radar,26,32,26,7,91,0,2,29,0,31,26,34,55,7,122,84,24,108,230
01/15/2001,CRP,TX,ASW,CE,Towers with Radar,40,47,44,9,140,0,0,21,0,21,40,47,65,9,161,118,14,132,293
01/16/2001,CRP,TX,ASW,CE,Towers with Radar,24,38,63,11,136,0,7,0,0,7,24,45,63,11,143,0,0,0,143
01/17/2001,CRP,TX,ASW,CE,Towers with Radar,25,34,53,3,115,0,7,0,0,7,25,41,53,3,122,12,24,36,158
01/18/2001,CRP,TX,ASW,CE,Towers with Radar,28,41,39,20,128,9,0,0,0,9,37,41,39,20,137,0,76,76,213
01/19/2001,CRP,TX,ASW,CE,Towers with Radar,27,55,33,28,143,4,1,52,0,57,31,56,85,28,200,8,262,270,470
01/20/2001,CRP,TX,ASW,CE,Towers with Radar,26,22,26,11,85,0,6,87,0,93,26,28,113,11,178,94,42,136,314
01/21/2001,CRP,TX,ASW,CE,Towers with Radar,23,25,17,45,110,0,6,54,0,60,23,31,71,45,170,42,24,66,236
01/22/2001,CRP,TX,ASW,CE,Towers with Radar,23,31,23,23,100,6,8,50,0,64,29,39,73,23,164,24,172,196,360
01/23/2001,CRP,TX,ASW,CE,Towers with Radar,28,43,47,51,169,0,3,58,0,61,28,46,105,51,230,24,179,203,433
01/24/2001,CRP,TX,ASW,CE,Towers with Radar,30,31,57,85,203,1,10,13,0,24,31,41,70,85,227,36,310,346,573
01/25/2001,CRP,TX,ASW,CE,Towers with Radar,23,46,72,40,181,0,6,42,0,48,23,52,114,40,229,8,166,174,403
01/26/2001,CRP,TX,ASW,CE,Towers with Radar,26,41,46,98,211,0,5,33,0,38,26,46,79,98,249,24,296,320,569
01/27/2001,CRP,TX,ASW,CE,Towers with Radar,22,41,21,22,106,2,0,14,0,16,24,41,35,22,122,52,76,128,250
01/28/2001,CRP,TX,ASW,CE,Towers with Radar,16,17,22,9,64,17,0,14,0,31,33,17,36,9,95,22,32,54,149
01/29/2001,CRP,TX,ASW,CE,Towers with Radar,24,37,47,47,155,0,0,25,0,25,24,37,72,47,180,38,284,322,502
01/30/2001,CRP,TX,ASW,CE,Towers with Radar,32,32,26,84,174,5,16,63,0,84,37,48,89,84,258,66,192,258,516
01/31/2001,CRP,TX,ASW,CE,Towers with Radar,43,45,56,41,185,6,0,35,0,41,49,45,91,41,226,36,120,156,382
02/01/2001,CRP,TX,ASW,CE,Towers with Radar,36,35,71,31,173,0,13,44,0,57,36,48,115,31,230,78,112,190,420
02/02/2001,CRP,TX,ASW,CE,Towers with Radar,42,52,66,57,217,6,0,31,0,37,48,52,97,57,254,14,60,74,328
02/03/2001,CRP,TX,ASW,CE,Towers with Radar,48,21,25,7,101,0,0,63,2,65,48,21,88,9,166,25,8,33,199
02/04/2001,CRP,TX,ASW,CE,Towers with Radar,27,29,44,16,116,0,13,50,9,72,27,42,94,25,188,40,30,70,258
02/05/2001,CRP,TX,ASW,CE,Towers with Radar,24,38,39,44,145,0,12,46,0,58,24,50,85,44,203,38,222,260,463
02/06/2001,CRP,TX,ASW,CE,Towers with Radar,25,40,47,96,208,3,0,47,9,59,28,40,94,105,267,46,178,224,491
02/07/2001,CRP,TX,ASW,CE,Towers with Radar,32,38,71,28,169,0,0,3,0,3,32,38,74,28,172,28,76,104,276
02/08/2001,CRP,TX,ASW,CE,Towers with Radar,30,40,77,66,213,0,0,8,0,8,30,40,85,66,221,19,50,69,290
02/09/2001,CRP,TX,ASW,CE,Towers with Radar,35,56,68,41,200,0,13,8,0,21,35,69,76,41,221,18,136,154,375
02/10/2001,CRP,TX,ASW,CE,Towers with Radar,51,26,23,1,101,0,0,16,0,16,51,26,39,1,117,50,4,54,171
02/11/2001,CRP,TX,ASW,CE,Towers with Radar,17,22,28,2,69,7,19,5,0,31,24,41,33,2,100,16,8,24,124
02/12/2001,CRP,TX,ASW,CE,Towers with Radar,25,31,49,0,105,2,0,0,0,2,27,31,49,0,107,0,0,0,107
02/13/2001,CRP,TX,ASW,CE,Towers with Radar,25,23,54,35,137,0,6,13,0,19,25,29,67,35,156,10,52,62,218
02/14/2001,CRP,TX,ASW,CE,Towers with Radar,25,30,48,60,163,4,0,24,0,28,29,30,72,60,191,8,232,240,431
02/15/2001,CRP,TX,ASW,CE,Towers with Radar,26,49,67,46,188,0,0,0,0,0,26,49,67,46,188,4,114,118,306
02/16/2001,CRP,TX,ASW,CE,Towers with Radar,25,52,67,34,178,2,0,33,0,35,27,52,100,34,213,64,144,208,421
02/17/2001,CRP,TX,ASW,CE,Towers with Radar,19,38,21,17,95,0,0,54,0,54,19,38,75,17,149,44,48,92,241
02/18/2001,CRP,TX,ASW,CE,Towers with Radar,21,44,31,5,101,0,0,67,4,71,21,44,98,9,172,97,18,115,287
02/19/2001,CRP,TX,ASW,CE,Towers with Radar,26,40,40,5,111,0,0,30,0,30,26,40,70,5,141,49,12,61,202
02/20/2001,CRP,TX,ASW,CE,Towers with Radar,31,44,84,69,228,2,0,12,0,14,33,44,96,69,242,40,205,245,487
02/21/2001,CRP,TX,ASW,CE,Towers with Radar,28,38,72,60,198,0,18,14,0,32,28,56,86,60,230,12,168,180,410
02/22/2001,CRP,TX,ASW,CE,Towers with Radar,29,39,76,21,165,0,1,0,0,1,29,40,76,21,166,2,30,32,198
02/23/2001,CRP,TX,ASW,CE,Towers with Radar,31,42,67,28,168,0,6,11,0,17,31,48,78,28,185,0,124,124,309
02/24/2001,CRP,TX,ASW,CE,Towers with Radar,26,36,27,6,95,0,5,18,4,27,26,41,45,10,122,18,74,92,214
02/25/2001,CRP,TX,ASW,CE,Towers with Radar,30,35,40,16,121,4,0,12,0,16,34,35,52,16,137,32,46,78,215
02/26/2001,CRP,TX,ASW,CE,Towers with Radar,37,33,47,38,155,0,0,8,0,8,37,33,55,38,163,42,144,186,349
02/27/2001,CRP,TX,ASW,CE,Towers with Radar,24,47,49,74,194,0,0,19,0,19,24,47,68,74,213,38,156,194,407
02/28/2001,CRP,TX,ASW,CE,Towers with Radar,28,43,53,9,133,0,0,0,0,0,28,43,53,9,133,26,40,66,199
03/01/2001,CRP,TX,ASW,CE,Towers with Radar,21,54,46,28,149,0,4,0,0,4,21,58,46,28,153,0,18,18,171
03/02/2001,CRP,TX,ASW,CE,Towers with Radar,23,54,51,39,167,4,0,0,0,4,27,54,51,39,171,6,32,38,209
03/03/2001,CRP,TX,ASW,CE,Towers with Radar,22,42,39,11,114,0,16,0,0,16,22,58,39,11,130,10,18,28,158
03/04/2001,CRP,TX,ASW,CE,Towers with Radar,8,14,13,13,48,13,23,48,0,84,21,37,61,13,132,52,16,68,200
03/05/2001,CRP,TX,ASW,CE,Towers with Radar,25,51,23,0,99,5,0,73,0,78,30,51,96,0,177,86,222,308,485
03/06/2001,CRP,TX,ASW,CE,Towers with Radar,32,51,34,59,176,0,19,52,0,71,32,70,86,59,247,38,248,286,533
03/07/2001,CRP,TX,ASW,CE,Towers with Radar,24,56,41,105,226,2,0,41,0,43,26,56,82,105,269,49,118,167,436
03/08/2001,CRP,TX,ASW,CE,Towers with Radar,31,46,61,60,198,2,5,12,0,19,33,51,73,60,217,50,116,166,383
03/09/2001,CRP,TX,ASW,CE,Towers with Radar,31,49,59,30,169,1,7,48,0,56,32,56,107,30,225,42,112,154,379
03/10/2001,CRP,TX,ASW,CE,Towers with Radar,19,36,28,10,93,7,5,38,1,51,26,41,66,11,144,36,0,36,180
03/11/2001,CRP,TX,ASW,CE,Towers with Radar,21,29,32,28,110,1,0,3,0,4,22,29,35,28,114,0,78,78,192
03/12/2001,CRP,TX,ASW,CE,Towers with Radar,24,51,36,41,152,5,0,55,0,60,29,51,91,41,212,26,102,128,340
03/13/2001,CRP,TX,ASW,CE,Towers with Radar,30,52,51,42,175,0,0,70,0,70,30,52,121,42,245,68,168,236,481
03/14/2001,CRP,TX,ASW,CE,Towers with Radar,24,39,62,25,150,0,8,22,0,30,24,47,84,25,180,28,94,122,302
03/15/2001,CRP,TX,ASW,CE,Towers with Radar,25,47,61,41,174,0,25,43,0,68,25,72,104,41,242,59,200,259,501
03/16/2001,CRP,TX,ASW,CE,Towers with Radar,30,46,39,31,146,0,15,74,0,89,30,61,113,31,235,14,276,290,525
03/17/2001,CRP,TX,ASW,CE,Towers with Radar,21,28,33,3,85,6,2,31,0,39,27,30,64,3,124,6,0,6,130
03/18/2001,CRP,TX,ASW,CE,Towers with Radar,23,41,32,12,108,0,0,11,0,11,23,41,43,12,119,22,24,46,165
03/19/2001,CRP,TX,ASW,CE,Towers with Radar,29,52,38,16,135,1,0,51,0,52,30,52,89,16,187,72,108,180,367
03/20/2001,CRP,TX,ASW,CE,Towers with Radar,25,39,35,53,152,0,6,45,0,51,25,45,80,53,203,48,206,254,457
03/21/2001,CRP,TX,ASW,CE,Towers with Radar,26,45,44,100,215,1,25,78,0,104,27,70,122,100,319,22,152,174,493
03/22/2001,CRP,TX,ASW,CE,Towers with Radar,23,52,38,58,171,5,15,66,0,86,28,67,104,58,257,18,188,206,463
03/23/2001,CRP,TX,ASW,CE,Towers with Radar,31,43,32,67,173,0,15,57,0,72,31,58,89,67,245,32,328,360,605
03/24/2001,CRP,TX,ASW,CE,Towers with Radar,27,32,36,2,97,0,14,34,0,48,27,46,70,2,145,25,16,41,186
03/25/2001,CRP,TX,ASW,CE,Towers with Radar,23,28,31,4,86,0,10,28,0,38,23,38,59,4,124,58,0,58,182
03/26/2001,CRP,TX,ASW,CE,Towers with Radar,35,42,27,64,168,6,0,31,0,37,41,42,58,64,205,8,218,226,431
03/27/2001,CRP,TX,ASW,CE,Towers with Radar,25,31,46,8,110,4,6,4,0,14,29,37,50,8,124,0,74,74,198
03/28/2001,CRP,TX,ASW,CE,Towers with Radar,37,34,37,28,136,5,0,0,0,5,42,34,37,28,141,0,0,0,141
03/29/2001,CRP,TX,ASW,CE,Towers with Radar,33,36,53,64,186,0,10,15,0,25,33,46,68,64,211,29,227,256,467
03/30/2001,CRP,TX,ASW,CE,Towers with Radar,34,35,73,39,181,0,5,28,0,33,34,40,101,39,214,36,264,300,514
03/31/2001,CRP,TX,ASW,CE,Towers with Radar,22,26,36,13,97,0,0,42,0,42,22,26,78,13,139,70,42,112,251
04/01/2001,CRP,TX,ASW,CE,Towers with Radar,24,32,27,11,94,0,7,35,0,42,24,39,62,11,136,8,12,20,156
04/02/2001,CRP,TX,ASW,CE,Towers with Radar,23,45,62,45,175,0,0,8,0,8,23,45,70,45,183,40,148,188,371
04/03/2001,CRP,TX,ASW,CE,Towers with Radar,28,45,76,79,228,3,12,11,0,26,31,57,87,79,254,24,112,136,390
04/04/2001,CRP,TX,ASW,CE,Towers with Radar,29,48,81,53,211,7,4,8,0,19,36,52,89,53,230,18,74,92,322
04/05/2001,CRP,TX,ASW,CE,Towers with Radar,25,44,71,63,203,7,0,29,0,36,32,44,100,63,239,20,32,52,291
04/06/2001,CRP,TX,ASW,CE,Towers with Radar,41,53,58,63,215,2,10,21,0,33,43,63,79,63,248,2,84,86,334
04/07/2001,CRP,TX,ASW,CE,Towers with Radar,36,28,33,16,113,0,17,14,8,39,36,45,47,24,152,12,42,54,206
04/08/2001,CRP,TX,ASW,CE,Towers with Radar,27,31,23,40,121,0,9,7,0,16,27,40,30,40,137,0,50,50,187
04/09/2001,CRP,TX,ASW,CE,Towers with Radar,24,40,44,50,158,0,1,26,0,27,24,41,70,50,185,26,118,144,329
04/10/2001,CRP,TX,ASW,CE,Towers with Radar,22,42,55,68,187,0,6,10,0,16,22,48,65,68,203,4,128,132,335
04/11/2001,CRP,TX,ASW,CE,Towers with Radar,26,42,62,55,185,1,0,3,0,4,27,42,65,55,189,30,88,118,307
04/12/2001,CRP,TX,ASW,CE,Towers with Radar,25,46,67,70,208,3,6,17,0,26,28,52,84,70,234,24,124,148,382
04/13/2001,CRP,TX,ASW,CE,Towers with Radar,28,33,67,60,188,0,3,8,0,11,28,36,75,60,199,24,188,212,411
04/14/2001,CRP,TX,ASW,CE,Towers with Radar,19,25,22,2,68,0,10,48,0,58,19,35,70,2,126,32,0,32,158
04/15/2001,CRP,TX,ASW,CE,Towers with Radar,22,26,23,0,71,5,0,20,0,25,27,26,43,0,96,22,10,32,128
04/16/2001,CRP,TX,ASW,CE,Towers with Radar,31,29,49,43,152,0,15,25,0,40,31,44,74,43,192,21,122,143,335
04/17/2001,CRP,TX,ASW,CE,Towers with Radar,28,50,69,55,202,0,13,6,0,19,28,63,75,55,221,32,168,200,421
04/18/2001,CRP,TX,ASW,CE,Towers with Radar,23,46,53,97,219,0,30,51,0,81,23,76,104,97,300,33,246,279,579
04/19/2001,CRP,TX,ASW,CE,Towers with Radar,30,35,76,67,208,0,14,13,1,28,30,49,89,68,236,20,40,60,296
04/20/2001,CRP,TX,ASW,CE,Towers with Radar,37,32,63,11,143,0,13,32,0,45,37,45,95,11,188,76,30,106,294
04/21/2001,CRP,TX,ASW,CE,Towers with Radar,22,41,40,9,112,0,7,29,0,36,22,48,69,9,148,28,12,40,188
04/22/2001,CRP,TX,ASW,CE,Towers with Radar,35,39,37,3,114,3,0,14,4,21,38,39,51,7,135,12,0,12,147
04/23/2001,CRP,TX,ASW,CE,Towers with Radar,26,56,41,65,188,4,0,16,0,20,30,56,57,65,208,46,110,156,364
04/24/2001,CRP,TX,ASW,CE,Towers with Radar,26,44,75,71,216,8,0,28,0,36,34,44,103,71,252,10,184,194,446
04/25/2001,CRP,TX,ASW,CE,Towers with Radar,24,51,50,112,237,3,4,90,0,97,27,55,140,112,334,84,217,301,635
04/26/2001,CRP,TX,ASW,CE,Towers with Radar,24,35,49,85,193,0,10,76,0,86,24,45,125,85,279,44,262,306,585
04/27/2001,CRP,TX,ASW,CE,Towers with Radar,28,43,47,71,189,0,3,40,0,43,28,46,87,71,232,8,160,168,400
04/28/2001,CRP,TX,ASW,CE,Towers with Radar,20,26,33,24,103,4,2,55,0,61,24,28,88,24,164,104,70,174,338
04/29/2001,CRP,TX,ASW,CE,Towers with Radar,24,32,15,30,101,0,4,48,0,52,24,36,63,30,153,16,8,24,177
04/30/2001,CRP,TX,ASW,CE,Towers with Radar,24,51,36,57,168,1,8,37,0,46,25,59,73,57,214,38,194,232,446
05/01/2001,CRP,TX,ASW,CE,Towers with Radar,23,43,51,32,149,1,0,59,0,60,24,43,110,32,209,40,187,227,436
05/02/2001,CRP,TX,ASW,CE,Towers with Radar,20,46,64,48,178,0,0,69,0,69,20,46,133,48,247,92,156,248,495
05/03/2001,CRP,TX,ASW,CE,Towers with Radar,29,39,73,28,169,0,8,32,0,40,29,47,105,28,209,21,153,174,383
05/04/2001,CRP,TX,ASW,CE,Towers with Radar,27,42,52,68,189,0,5,76,0,81,27,47,128,68,270,6,174,180,450
05/05/2001,CRP,TX,ASW,CE,Towers with Radar,22,42,14,36,114,0,0,29,0,29,22,42,43,36,143,28,111,139,282
05/06/2001,CRP,TX,ASW,CE,Towers with Radar,21,41,37,38,137,1,1,25,0,27,22,42,62,38,164,37,22,59,223
05/07/2001,CRP,TX,ASW,CE,Towers with Radar,25,41,33,31,130,1,0,67,0,68,26,41,100,31,198,73,212,285,483
05/08/2001,CRP,TX,ASW,CE,Towers with Radar,26,40,51,53,170,1,7,78,0,86,27,47,129,53,256,51,296,347,603
05/09/2001,CRP,TX,ASW,CE,Towers with Radar,30,48,57,46,181,0,0,118,0,118,30,48,175,46,299,65,247,312,611
05/10/2001,CRP,TX,ASW,CE,Towers with Radar,27,48,56,34,165,0,0,88,0,88,27,48,144,34,253,118,181,299,552
05/11/2001,CRP,TX,ASW,CE,Towers with Radar,28,46,50,42,166,0,4,71,0,75,28,50,121,42,241,74,143,217,458
05/12/2001,CRP,TX,ASW,CE,Towers with Radar,20,27,28,20,95,0,7,78,0,85,20,34,106,20,180,27,84,111,291
05/13/2001,CRP,TX,ASW,CE,Towers with Radar,20,32,7,28,87,1,10,36,0,47,21,42,43,28,134,24,117,141,275
05/14/2001,CRP,TX,ASW,CE,Towers with Radar,25,38,24,30,117,0,1,74,0,75,25,39,98,30,192,5,294,299,491
05/15/2001,CRP,TX,ASW,CE,Towers with Radar,22,47,53,44,166,0,0,81,0,81,22,47,134,44,247,41,294,335,582
05/16/2001,CRP,TX,ASW,CE,Towers with Radar,24,47,33,39,143,2,1,76,0,79,26,48,109,39,222,24,197,221,443
05/17/2001,CRP,TX,ASW,CE,Towers with Radar,24,47,54,47,172,0,0,68,0,68,24,47,122,47,240,0,244,244,484
05/18/2001,CRP,TX,ASW,CE,Towers with Radar,23,39,48,35,145,0,18,78,0,96,23,57,126,35,241,42,94,136,377
05/19/2001,CRP,TX,ASW,CE,Towers with Radar,18,43,32,33,126,0,0,41,0,41,18,43,73,33,167,72,60,132,299
05/20/2001,CRP,TX,ASW,CE,Towers with Radar,23,46,21,38,128,0,0,38,0,38,23,46,59,38,166,27,46,73,239
05/21/2001,CRP,TX,ASW,CE,Towers with Radar,22,46,47,23,138,0,0,33,0,33,22,46,80,23,171,36,150,186,357
05/22/2001,CRP,TX,ASW,CE,Towers with Radar,25,51,38,46,160,0,0,96,0,96,25,51,134,46,256,57,215,272,528
05/23/2001,CRP,TX,ASW,CE,Towers with Radar,31,49,38,73,191,0,0,114,0,114,31,49,152,73,305,74,230,304,609
05/24/2001,CRP,TX,ASW,CE,Towers with Radar,26,48,38,44,156,0,0,90,0,90,26,48,128,44,246,113,342,455,701
05/25/2001,CRP,TX,ASW,CE,Towers with Radar,24,42,34,45,145,0,5,102,0,107,24,47,136,45,252,95,152,247,499
05/26/2001,CRP,TX,ASW,CE,Towers with Radar,17,42,15,20,94,0,0,50,0,50,17,42,65,20,144,49,46,95,239
05/27/2001,CRP,TX,ASW,CE,Towers with Radar,18,21,21,18,78,0,8,33,0,41,18,29,54,18,119,16,42,58,177
05/28/2001,CRP,TX,ASW,CE,Towers with Radar,22,29,24,7,82,0,4,50,5,59,22,33,74,12,141,7,2,9,150
05/29/2001,CRP,TX,ASW,CE,Towers with Radar,23,34,45,35,137,0,10,96,0,106,23,44,141,35,243,18,220,238,481
05/30/2001,CRP,TX,ASW,CE,Towers with Radar,26,36,47,47,156,0,4,78,0,82,26,40,125,47,238,68,290,358,596
05/31/2001,CRP,TX,ASW,CE,Towers with Radar,24,32,44,55,155,0,8,76,0,84,24,40,120,55,239,96,296,392,631
06/01/2001,CRP,TX,ASW,CE,Towers with Radar,24,38,55,41,158,1,6,82,0,89,25,44,137,41,247,94,198,292,539
06/02/2001,CRP,TX,ASW,CE,Towers with Radar,18,30,24,35,107,1,8,85,0,94,19,38,109,35,201,75,138,213,414
06/03/2001,CRP,TX,ASW,CE,Towers with Radar,23,27,40,34,124,0,6,78,0,84,23,33,118,34,208,12,60,72,280
06/04/2001,CRP,TX,ASW,CE,Towers with Radar,26,40,35,49,150,0,5,68,0,73,26,45,103,49,223,38,238,276,499
06/05/2001,CRP,TX,ASW,CE,Towers with Radar,33,37,43,29,142,0,10,54,0,64,33,47,97,29,206,83,177,260,466
06/06/2001,CRP,TX,ASW,CE,Towers with Radar,29,41,46,30,146,0,4,60,0,64,29,45,106,30,210,36,153,189,399
06/07/2001,CRP,TX,ASW,CE,Towers with Radar,27,35,46,30,138,0,2,72,0,74,27,37,118,30,212,101,81,182,394
06/08/2001,CRP,TX,ASW,CE,Towers with Radar,26,45,61,37,169,0,0,50,0,50,26,45,111,37,219,35,56,91,310
06/09/2001,CRP,TX,ASW,CE,Towers with Radar,18,15,18,12,63,0,8,27,13,48,18,23,45,25,111,12,6,18,129
06/10/2001,CRP,TX,ASW,CE,Towers with Radar,19,35,20,8,82,0,0,37,12,49,19,35,57,20,131,47,38,85,216
06/11/2001,CRP,TX,ASW,CE,Towers with Radar,24,36,34,69,163,0,2,90,0,92,24,38,124,69,255,45,139,184,439
06/12/2001,CRP,TX,ASW,CE,Towers with Radar,24,34,37,39,134,0,4,87,0,91,24,38,124,39,225,67,204,271,496
06/13/2001,CRP,TX,ASW,CE,Towers with Radar,29,42,52,29,152,0,0,81,0,81,29,42,133,29,233,102,212,314,547
06/14/2001,CRP,TX,ASW,CE,Towers with Radar,31,38,55,43,167,0,5,60,0,65,31,43,115,43,232,75,161,236,468
06/15/2001,CRP,TX,ASW,CE,Towers with Radar,28,38,45,21,132,0,0,71,0,71,28,38,116,21,203,28,90,118,321
06/16/2001,CRP,TX,ASW,CE,Towers with Radar,19,41,22,33,115,0,0,153,0,153,19,41,175,33,268,51,64,115,383
06/17/2001,CRP,TX,ASW,CE,Towers with Radar,25,30,45,16,116,0,9,66,0,75,25,39,111,16,191,72,30,102,293
06/18/2001,CRP,TX,ASW,CE,Towers with Radar,24,41,37,48,150,0,7,102,0,109,24,48,139,48,259,84,101,185,444
06/19/2001,CRP,TX,ASW,CE,Towers with Radar,24,46,48,57,175,0,7,115,0,122,24,53,163,57,297,31,152,183,480
06/20/2001,CRP,TX,ASW,CE,Towers with Radar,22,41,56,54,173,0,5,84,0,89,22,46,140,54,262,71,210,281,543
06/21/2001,CRP,TX,ASW,CE,Towers with Radar,19,46,41,44,150,0,4,97,0,101,19,50,138,44,251,71,356,427,678
06/22/2001,CRP,TX,ASW,CE,Towers with Radar,22,38,46,36,142,0,5,73,0,78,22,43,119,36,220,47,168,215,435
06/23/2001,CRP,TX,ASW,CE,Towers with Radar,20,38,18,40,116,0,10,69,5,84,20,48,87,45,200,24,54,78,278
06/24/2001,CRP,TX,ASW,CE,Towers with Radar,25,34,22,29,110,0,1,52,0,53,25,35,74,29,163,56,92,148,311
06/25/2001,CRP,TX,ASW,CE,Towers with Radar,26,36,48,37,147,0,9,56,0,65,26,45,104,37,212,39,184,223,435
06/26/2001,CRP,TX,ASW,CE,Towers with Radar,30,49,39,51,169,0,4,58,0,62,30,53,97,51,231,46,212,258,489
06/27/2001,CRP,TX,ASW,CE,Towers with Radar,25,49,37,31,142,0,0,84,0,84,25,49,121,31,226,162,194,356,582
06/28/2001,CRP,TX,ASW,CE,Towers with Radar,29,57,51,34,171,0,0,73,0,73,29,57,124,34,244,112,157,269,513
06/29/2001,CRP,TX,ASW,CE,Towers with Radar,28,52,33,48,161,0,0,78,0,78,28,52,111,48,239,28,120,148,387
06/30/2001,CRP,TX,ASW,CE,Towers with Radar,19,43,24,43,129,0,0,79,0,79,19,43,103,43,208,35,150,185,393
07/01/2001,CRP,TX,ASW,CE,Towers with Radar,24,37,15,20,96,1,0,28,0,29,25,37,43,20,125,65,33,98,223
07/02/2001,CRP,TX,ASW,CE,Towers with Radar,25,35,30,18,108,2,1,33,6,42,27,36,63,24,150,60,60,120,270
07/03/2001,CRP,TX,ASW,CE,Towers with Radar,30,40,50,30,150,0,0,40,0,40,30,40,90,30,190,110,82,192,382
07/04/2001,CRP,TX,ASW,CE,Towers with Radar,17,31,10,0,58,3,10,76,2,91,20,41,86,2,149,52,11,63,212
07/05/2001,CRP,TX,ASW,CE,Towers with Radar,26,30,46,20,122,0,4,78,0,82,26,34,124,20,204,50,112,162,366
07/06/2001,CRP,TX,ASW,CE,Towers with Radar,22,34,27,43,126,0,9,58,0,67,22,43,85,43,193,3,191,194,387
07/07/2001,CRP,TX,ASW,CE,Towers with Radar,18,32,31,11,92,0,3,31,0,34,18,35,62,11,126,45,17,62,188
07/08/2001,CRP,TX,ASW,CE,Towers with Radar,24,28,19,6,77,1,2,51,0,54,25,30,70,6,131,28,25,53,184
07/09/2001,CRP,TX,ASW,CE,Towers with Radar,21,44,37,16,118,1,0,48,0,49,22,44,85,16,167,19,374,393,560
07/10/2001,CRP,TX,ASW,CE,Towers with Radar,22,38,35,31,126,0,6,72,0,78,22,44,107,31,204,28,207,235,439
07/11/2001,CRP,TX,ASW,CE,Towers with Radar,28,39,38,24,129,0,7,63,0,70,28,46,101,24,199,69,206,275,474
07/12/2001,CRP,TX,ASW,CE,Towers with Radar,25,44,62,42,173,0,7,84,0,91,25,51,146,42,264,53,347,400,664
07/13/2001,CRP,TX,ASW,CE,Towers with Radar,21,40,49,17,127,1,10,49,0,60,22,50,98,17,187,21,138,159,346
07/14/2001,CRP,TX,ASW,CE,Towers with Radar,24,33,16,35,108,0,5,30,6,41,24,38,46,41,149,8,40,48,197
07/15/2001,CRP,TX,ASW,CE,Towers with Radar,24,54,18,6,102,1,5,56,7,69,25,59,74,13,171,11,6,17,188
07/16/2001,CRP,TX,ASW,CE,Towers with Radar,28,49,37,26,140,0,6,42,0,48,28,55,79,26,188,40,173,213,401
07/17/2001,CRP,TX,ASW,CE,Towers with Radar,26,53,46,22,147,0,0,39,0,39,26,53,85,22,186,13,179,192,378
07/18/2001,CRP,TX,ASW,CE,Towers with Radar,29,49,30,24,132,0,0,61,0,61,29,49,91,24,193,44,249,293,486
07/19/2001,CRP,TX,ASW,CE,Towers with Radar,25,44,33,21,123,0,6,68,0,74,25,50,101,21,197,38,247,285,482
07/20/2001,CRP,TX,ASW,CE,Towers with Radar,25,40,20,39,124,0,7,55,0,62,25,47,75,39,186,9,167,176,362
07/21/2001,CRP,TX,ASW,CE,Towers with Radar,17,34,43,18,112,0,11,28,0,39,17,45,71,18,151,58,60,118,269
07/22/2001,CRP,TX,ASW,CE,Towers with Radar,23,32,15,12,82,0,11,33,0,44,23,43,48,12,126,87,19,106,232
07/23/2001,CRP,TX,ASW,CE,Towers with Radar,23,45,34,14,116,0,0,46,0,46,23,45,80,14,162,38,148,186,348
07/24/2001,CRP,TX,ASW,CE,Towers with Radar,24,54,33,37,148,0,0,58,0,58,24,54,91,37,206,42,280,322,528
07/25/2001,CRP,TX,ASW,CE,Towers with Radar,25,48,55,27,155,0,6,55,0,61,25,54,110,27,216,78,104,182,398
07/26/2001,CRP,TX,ASW,CE,Towers with Radar,27,38,32,41,138,0,10,42,0,52,27,48,74,41,190,18,146,164,354
07/27/2001,CRP,TX,ASW,CE,Towers with Radar,29,38,26,23,116,0,4,57,0,61,29,42,83,23,177,36,50,86,263
07/28/2001,CRP,TX,ASW,CE,Towers with Radar,20,43,26,11,100,0,0,41,0,41,20,43,67,11,141,39,8,47,188
07/29/2001,CRP,TX,ASW,CE,Towers with Radar,22,37,13,18,90,0,3,37,0,40,22,40,50,18,130,31,46,77,207
07/30/2001,CRP,TX,ASW,CE,Towers with Radar,24,40,28,29,121,0,5,63,0,68,24,45,91,29,189,16,69,85,274
07/31/2001,CRP,TX,ASW,CE,Towers with Radar,25,42,42,49,158,0,2,51,0,53,25,44,93,49,211,22,281,303,514
08/01/2001,CRP,TX,ASW,CE,Towers with Radar,29,44,42,43,158,0,1,60,0,61,29,45,102,43,219,63,203,266,485
08/02/2001,CRP,TX,ASW,CE,Towers with Radar,29,43,33,42,147,0,0,64,0,64,29,43,97,42,211,99,213,312,523
08/03/2001,CRP,TX,ASW,CE,Towers with Radar,20,42,35,23,120,1,0,34,0,35,21,42,69,23,155,21,80,101,256
08/04/2001,CRP,TX,ASW,CE,Towers with Radar,20,33,24,12,89,2,4,28,0,34,22,37,52,12,123,16,25,41,164
08/05/2001,CRP,TX,ASW,CE,Towers with Radar,23,29,34,10,96,1,5,38,0,44,24,34,72,10,140,26,42,68,208
08/06/2001,CRP,TX,ASW,CE,Towers with Radar,22,35,40,30,127,1,2,38,0,41,23,37,78,30,168,32,190,222,390
08/07/2001,CRP,TX,ASW,CE,Towers with Radar,26,43,28,42,139,0,6,34,0,40,26,49,62,42,179,18,246,264,443
08/08/2001,CRP,TX,ASW,CE,Towers with Radar,22,52,40,44,158,1,0,49,0,50,23,52,89,44,208,30,161,191,399
08/09/2001,CRP,TX,ASW,CE,Towers with Radar,28,52,54,28,162,0,0,56,0,56,28,52,110,28,218,61,242,303,521
08/10/2001,CRP,TX,ASW,CE,Towers with Radar,25,42,40,41,148,0,7,67,0,74,25,49,107,41,222,19,183,202,424
08/11/2001,CRP,TX,ASW,CE,Towers with Radar,21,36,28,26,111,0,4,41,0,45,21,40,69,26,156,50,28,78,234
08/12/2001,CRP,TX,ASW,CE,Towers with Radar,27,28,15,12,82,0,5,50,0,55,27,33,65,12,137,24,23,47,184
08/13/2001,CRP,TX,ASW,CE,Towers with Radar,30,49,36,41,156,0,0,52,0,52,30,49,88,41,208,78,253,331,539
08/14/2001,CRP,TX,ASW,CE,Towers with Radar,29,55,30,33,147,0,0,47,0,47,29,55,77,33,194,50,199,249,443
08/15/2001,CRP,TX,ASW,CE,Towers with Radar,25,49,52,80,206,0,0,49,0,49,25,49,101,80,255,98,234,332,587
08/16/2001,CRP,TX,ASW,CE,Towers with Radar,27,44,36,82,189,0,0,57,0,57,27,44,93,82,246,54,227,281,527
08/17/2001,CRP,TX,ASW,CE,Towers with Radar,22,47,45,47,161,0,0,81,0,81,22,47,126,47,242,26,160,186,428
08/18/2001,CRP,TX,ASW,CE,Towers with Radar,17,36,46,32,131,0,6,36,0,42,17,42,82,32,173,96,65,161,334
08/19/2001,CRP,TX,ASW,CE,Towers with Radar,23,33,42,20,118,0,5,23,0,28,23,38,65,20,146,46,49,95,241
08/20/2001,CRP,TX,ASW,CE,Towers with Radar,23,45,28,21,117,0,1,40,0,41,23,46,68,21,158,12,166,178,336
08/21/2001,CRP,TX,ASW,CE,Towers with Radar,22,47,34,30,133,0,0,54,0,54,22,47,88,30,187,41,204,245,432
08/22/2001,CRP,TX,ASW,CE,Towers with Radar,28,49,35,42,154,0,0,62,0,62,28,49,97,42,216,40,273,313,529
08/23/2001,CRP,TX,ASW,CE,Towers with Radar,26,45,51,27,149,0,0,47,0,47,26,45,98,27,196,42,169,211,407
08/24/2001,CRP,TX,ASW,CE,Towers with Radar,26,49,40,13,128,0,0,65,0,65,26,49,105,13,193,30,125,155,348
08/25/2001,CRP,TX,ASW,CE,Towers with Radar,22,35,16,22,95,0,0,40,0,40,22,35,56,22,135,18,69,87,222
08/26/2001,CRP,TX,ASW,CE,Towers with Radar,28,43,43,11,125,0,2,17,0,19,28,45,60,11,144,50,17,67,211
08/27/2001,CRP,TX,ASW,CE,Towers with Radar,32,40,27,16,115,0,12,35,0,47,32,52,62,16,162,10,99,109,271
08/28/2001,CRP,TX,ASW,CE,Towers with Radar,26,33,47,9,115,0,1,18,0,19,26,34,65,9,134,2,103,105,239
08/29/2001,CRP,TX,ASW,CE,Towers with Radar,24,48,36,9,117,0,0,8,0,8,24,48,44,9,125,34,92,126,251
08/30/2001,CRP,TX,ASW,CE,Towers with Radar,24,46,45,23,138,0,1,7,0,8,24,47,52,23,146,8,66,74,220
08/31/2001,CRP,TX,ASW,CE,Towers with Radar,26,45,33,9,113,0,0,10,0,10,26,45,43,9,123,12,30,42,165
09/01/2001,CRP,TX,ASW,CE,Towers with Radar,17,32,10,31,90,0,8,24,0,32,17,40,34,31,122,6,88,94,216
09/02/2001,CRP,TX,ASW,CE,Towers with Radar,17,23,14,10,64,0,1,8,0,9,17,24,22,10,73,34,6,40,113
09/03/2001,CRP,TX,ASW,CE,Towers with Radar,19,41,25,11,96,0,4,36,8,48,19,45,61,19,144,17,2,19,163
09/04/2001,CRP,TX,ASW,CE,Towers with Radar,24,44,37,26,131,0,5,28,0,33,24,49,65,26,164,7,139,146,310
09/05/2001,CRP,TX,ASW,CE,Towers with Radar,23,54,53,45,175,0,0,20,0,20,23,54,73,45,195,6,242,248,443
09/06/2001,CRP,TX,ASW,CE,Towers with Radar,25,51,38,65,179,0,0,49,0,49,25,51,87,65,228,63,236,299,527
09/07/2001,CRP,TX,ASW,CE,Towers with Radar,28,46,49,47,170,0,0,36,0,36,28,46,85,47,206,51,131,182,388
09/08/2001,CRP,TX,ASW,CE,Towers with Radar,24,36,25,21,106,0,1,35,0,36,24,37,60,21,142,20,60,80,222
09/09/2001,CRP,TX,ASW,CE,Towers with Radar,31,30,33,9,103,0,6,12,0,18,31,36,45,9,121,39,19,58,179
09/10/2001,CRP,TX,ASW,CE,Towers with Radar,28,44,51,35,158,0,5,22,0,27,28,49,73,35,185,24,226,250,435
09/11/2001,CRP,TX,ASW,CE,Towers with Radar,6,15,11,9,41,0,0,3,0,3,6,15,14,9,44,16,50,66,110
09/12/2001,CRP,TX,ASW,CE,Towers with Radar,0,5,0,0,5,0,1,0,0,1,0,6,0,0,6,0,0,0,6
09/13/2001,CRP,TX,ASW,CE,Towers with Radar,1,16,1,15,33,0,3,0,0,3,1,19,1,15,36,0,24,24,60
09/14/2001,CRP,TX,ASW,CE,Towers with Radar,16,43,13,36,108,0,7,1,0,8,16,50,14,36,116,2,219,221,337
09/15/2001,CRP,TX,ASW,CE,Towers with Radar,16,31,21,3,71,0,9,0,2,11,16,40,21,5,82,10,5,15,97
09/16/2001,CRP,TX,ASW,CE,Towers with Radar,22,30,19,6,77,0,7,2,0,9,22,37,21,6,86,0,6,6,92
09/17/2001,CRP,TX,ASW,CE,Towers with Radar,22,45,45,40,152,0,6,0,0,6,22,51,45,40,158,2,294,296,454
09/18/2001,CRP,TX,ASW,CE,Towers with Radar,19,43,62,51,175,0,4,5,0,9,19,47,67,51,184,3,194,197,381
09/19/2001,CRP,TX,ASW,CE,Towers with Radar,26,57,55,33,171,0,0,0,0,0,26,57,55,33,171,20,194,214,385
09/20/2001,CRP,TX,ASW,CE,Towers with Radar,22,59,73,28,182,0,0,8,0,8,22,59,81,28,190,38,184,222,412
09/21/2001,CRP,TX,ASW,CE,Towers with Radar,36,49,59,25,169,0,3,7,0,10,36,52,66,25,179,24,150,174,353
09/22/2001,CRP,TX,ASW,CE,Towers with Radar,16,37,21,7,81,0,0,6,0,6,16,37,27,7,87,22,25,47,134
09/23/2001,CRP,TX,ASW,CE,Towers with Radar,20,27,35,13,95,0,2,24,0,26,20,29,59,13,121,42,17,59,180
09/24/2001,CRP,TX,ASW,CE,Towers with Radar,22,49,28,38,137,0,2,20,0,22,22,51,48,38,159,21,179,200,359
09/25/2001,CRP,TX,ASW,CE,Towers with Radar,25,44,38,33,140,0,11,33,0,44,25,55,71,33,184,24,221,245,429
09/26/2001,CRP,TX,ASW,CE,Towers with Radar,24,38,62,40,164,0,4,58,0,62,24,42,120,40,226,62,301,363,589
09/27/2001,CRP,TX,ASW,CE,Towers with Radar,22,43,45,19,129,0,4,54,0,58,22,47,99,19,187,12,148,160,347
09/28/2001,CRP,TX,ASW,CE,Towers with Radar,22,38,57,12,129,0,4,37,0,41,22,42,94,12,170,32,65,97,267
09/29/2001,CRP,TX,ASW,CE,Towers with Radar,14,28,30,0,72,0,5,65,2,72,14,33,95,2,144,16,30,46,190
09/30/2001,CRP,TX,ASW,CE,Towers with Radar,19,32,24,2,77,0,3,59,0,62,19,35,83,2,139,26,14,40,179
10/01/2001,CRP,TX,ASW,CE,Towers with Radar,25,38,15,47,125,1,13,42,0,56,26,51,57,47,181,6,157,163,344
10/02/2001,CRP,TX,ASW,CE,Towers with Radar,24,39,27,51,141,1,8,54,0,63,25,47,81,51,204,6,158,164,368
10/03/2001,CRP,TX,ASW,CE,Towers with Radar,26,37,60,43,166,1,6,47,0,54,27,43,107,43,220,33,248,281,501
10/04/2001,CRP,TX,ASW,CE,Towers with Radar,24,38,54,42,158,1,8,29,0,38,25,46,83,42,196,34,341,375,571
10/05/2001,CRP,TX,ASW,CE,Towers with Radar,28,49,46,21,144,1,0,28,0,29,29,49,74,21,173,14,137,151,324
10/06/2001,CRP,TX,ASW,CE,Towers with Radar,18,29,33,3,83,1,3,14,0,18,19,32,47,3,101,12,6,18,119
10/07/2001,CRP,TX,ASW,CE,Towers with Radar,20,27,27,0,74,0,3,38,0,41,20,30,65,0,115,2,0,2,117
10/08/2001,CRP,TX,ASW,CE,Towers with Radar,25,36,33,10,104,0,9,22,0,31,25,45,55,10,135,2,6,8,143
10/09/2001,CRP,TX,ASW,CE,Towers with Radar,23,46,55,45,169,0,0,38,0,38,23,46,93,45,207,16,217,233,440
10/10/2001,CRP,TX,ASW,CE,Towers with Radar,22,59,44,32,157,0,0,36,0,36,22,59,80,32,193,48,224,272,465
10/11/2001,CRP,TX,ASW,CE,Towers with Radar,28,49,52,14,143,0,0,26,0,26,28,49,78,14,169,31,144,175,344
10/12/2001,CRP,TX,ASW,CE,Towers with Radar,33,44,75,36,188,0,6,8,0,14,33,50,83,36,202,47,98,145,347
10/13/2001,CRP,TX,ASW,CE,Towers with Radar,22,30,15,6,73,0,5,21,1,27,22,35,36,7,100,14,4,18,118
10/14/2001,CRP,TX,ASW,CE,Towers with Radar,20,30,23,13,86,0,7,64,0,71,20,37,87,13,157,18,82,100,257
10/15/2001,CRP,TX,ASW,CE,Towers with Radar,27,34,26,35,122,0,10,55,0,65,27,44,81,35,187,31,215,246,433
10/16/2001,CRP,TX,ASW,CE,Towers with Radar,24,41,47,32,144,2,6,53,0,61,26,47,100,32,205,12,255,267,472
10/17/2001,CRP,TX,ASW,CE,Towers with Radar,23,49,48,40,160,0,0,50,0,50,23,49,98,40,210,4,203,207,417
10/18/2001,CRP,TX,ASW,CE,Towers with Radar,25,42,38,50,155,0,9,72,0,81,25,51,110,50,236,19,164,183,419
10/19/2001,CRP,TX,ASW,CE,Towers with Radar,24,38,48,29,139,0,10,64,0,74,24,48,112,29,213,24,173,197,410
10/20/2001,CRP,TX,ASW,CE,Towers with Radar,13,30,12,12,67,0,20,39,0,59,13,50,51,12,126,2,13,15,141
10/21/2001,CRP,TX,ASW,CE,Towers with Radar,20,27,32,8,87,0,2,55,0,57,20,29,87,8,144,25,19,44,188
10/22/2001,CRP,TX,ASW,CE,Towers with Radar,23,44,46,31,144,0,4,37,0,41,23,48,83,31,185,9,197,206,391
10/23/2001,CRP,TX,ASW,CE,Towers with Radar,24,44,52,33,153,0,8,47,0,55,24,52,99,33,208,4,152,156,364
10/24/2001,CRP,TX,ASW,CE,Towers with Radar,24,38,45,43,150,0,11,42,0,53,24,49,87,43,203,38,214,252,455
10/25/2001,CRP,TX,ASW,CE,Towers with Radar,23,43,28,39,133,0,7,36,0,43,23,50,64,39,176,8,258,266,442
10/26/2001,CRP,TX,ASW,CE,Towers with Radar,26,38,28,29,121,0,5,60,0,65,26,43,88,29,186,1,118,119,305
10/27/2001,CRP,TX,ASW,CE,Towers with Radar,16,27,14,12,69,0,4,44,4,52,16,31,58,16,121,16,12,28,149
10/28/2001,CRP,TX,ASW,CE,Towers with Radar,13,30,21,23,87,0,7,34,0,41,13,37,55,23,128,0,16,16,144
10/29/2001,CRP,TX,ASW,CE,Towers with Radar,24,34,34,35,127,0,6,56,0,62,24,40,90,35,189,22,221,243,432
10/30/2001,CRP,TX,ASW,CE,Towers with Radar,23,35,50,40,148,0,2,60,0,62,23,37,110,40,210,36,161,197,407
10/31/2001,CRP,TX,ASW,CE,Towers with Radar,17,44,30,39,130,0,2,42,0,44,17,46,72,39,174,18,254,272,446
11/01/2001,CRP,TX,ASW,CE,Towers with Radar,18,45,37,39,139,0,5,38,0,43,18,50,75,39,182,12,272,284,466
11/02/2001,CRP,TX,ASW,CE,Towers with Radar,17,46,32,35,130,3,8,41,0,52,20,54,73,35,182,25,155,180,362
11/03/2001,CRP,TX,ASW,CE,Towers with Radar,10,37,36,20,103,0,8,29,0,37,10,45,65,20,140,22,122,144,284
11/04/2001,CRP,TX,ASW,CE,Towers with Radar,12,36,13,15,76,0,1,38,0,39,12,37,51,15,115,16,8,24,139
11/05/2001,CRP,TX,ASW,CE,Towers with Radar,20,45,33,36,134,0,10,42,0,52,20,55,75,36,186,10,252,262,448
11/06/2001,CRP,TX,ASW,CE,Towers with Radar,20,46,47,43,156,0,12,58,0,70,20,58,105,43,226,32,198,230,456
11/07/2001,CRP,TX,ASW,CE,Towers with Radar,20,48,45,44,157,0,9,35,0,44,20,57,80,44,201,35,248,283,484
11/08/2001,CRP,TX,ASW,CE,Towers with Radar,19,50,51,47,167,0,5,50,0,55,19,55,101,47,222,50,230,280,502
11/09/2001,CRP,TX,ASW,CE,Towers with Radar,18,41,56,19,134,0,1,14,0,15,18,42,70,19,149,2,52,54,203
11/10/2001,CRP,TX,ASW,CE,Towers with Radar,10,38,24,14,86,0,5,35,0,40,10,43,59,14,126,14,60,74,200
11/11/2001,CRP,TX,ASW,CE,Towers with Radar,12,34,33,17,96,0,3,22,1,26,12,37,55,18,122,18,71,89,211
11/12/2001,CRP,TX,ASW,CE,Towers with Radar,19,38,48,10,115,1,3,17,5,26,20,41,65,15,141,21,115,136,277
11/13/2001,CRP,TX,ASW,CE,Towers with Radar,18,45,58,56,177,0,1,34,0,35,18,46,92,56,212,26,284,310,522
11/14/2001,CRP,TX,ASW,CE,Towers with Radar,17,40,78,21,156,0,4,22,0,26,17,44,100,21,182,16,77,93,275
11/15/2001,CRP,TX,ASW,CE,Towers with Radar,24,44,43,14,125,0,0,0,0,0,24,44,43,14,125,14,143,157,282
11/16/2001,CRP,TX,ASW,CE,Towers with Radar,21,39,31,2,93,1,4,1,3,9,22,43,32,5,102,0,2,2,104
11/17/2001,CRP,TX,ASW,CE,Towers with Radar,8,19,21,21,69,4,13,28,0,45,12,32,49,21,114,46,18,64,178
11/18/2001,CRP,TX,ASW,CE,Towers with Radar,12,30,43,13,98,0,4,44,2,50,12,34,87,15,148,51,10,61,209
11/19/2001,CRP,TX,ASW,CE,Towers with Radar,20,36,42,26,124,0,4,42,0,46,20,40,84,26,170,28,141,169,339
11/20/2001,CRP,TX,ASW,CE,Towers with Radar,18,39,49,41,147,0,5,28,0,33,18,44,77,41,180,18,202,220,400
11/21/2001,CRP,TX,ASW,CE,Towers with Radar,20,51,59,21,151,0,4,42,0,46,20,55,101,21,197,14,69,83,280
11/22/2001,CRP,TX,ASW,CE,Towers with Radar,12,26,12,1,51,0,4,46,0,50,12,30,58,1,101,29,0,29,130
11/23/2001,CRP,TX,ASW,CE,Towers with Radar,13,27,37,5,82,0,2,35,0,37,13,29,72,5,119,6,12,18,137
11/24/2001,CRP,TX,ASW,CE,Towers with Radar,10,33,30,12,85,0,4,63,1,68,10,37,93,13,153,70,4,74,227
11/25/2001,CRP,TX,ASW,CE,Towers with Radar,14,31,28,17,90,0,3,63,5,71,14,34,91,22,161,0,80,80,241
11/26/2001,CRP,TX,ASW,CE,Towers with Radar,20,44,46,32,142,0,5,27,0,32,20,49,73,32,174,10,142,152,326
11/27/2001,CRP,TX,ASW,CE,Towers with Radar,17,42,51,16,126,0,0,6,0,6,17,42,57,16,132,0,161,161,293
11/28/2001,CRP,TX,ASW,CE,Towers with Radar,18,35,41,18,112,0,2,0,0,2,18,37,41,18,114,4,155,159,273
11/29/2001,CRP,TX,ASW,CE,Towers with Radar,20,46,55,30,151,0,6,54,0,60,20,52,109,30,211,31,190,221,432
11/30/2001,CRP,TX,ASW,CE,Towers with Radar,18,43,52,35,148,0,0,59,0,59,18,43,111,35,207,40,144,184,391
12/01/2001,CRP,TX,ASW,CE,Towers with Radar,10,28,35,35,108,1,6,23,0,30,11,34,58,35,138,2,45,47,185
12/02/2001,CRP,TX,ASW,CE,Towers with Radar,14,31,52,15,112,0,2,1,0,3,14,33,53,15,115,2,12,14,129
12/03/2001,CRP,TX,ASW,CE,Towers with Radar,17,40,48,24,129,0,2,2,0,4,17,42,50,24,133,12,96,108,241
12/04/2001,CRP,TX,ASW,CE,Towers with Radar,21,43,41,64,169,0,7,19,0,26,21,50,60,64,195,6,352,358,553
12/05/2001,CRP,TX,ASW,CE,Towers with Radar,19,49,63,57,188,0,5,47,0,52,19,54,110,57,240,23,274,297,537
12/06/2001,CRP,TX,ASW,CE,Towers with Radar,18,41,62,18,139,0,6,29,0,35,18,47,91,18,174,21,138,159,333
12/07/2001,CRP,TX,ASW,CE,Towers with Radar,18,58,58,37,171,0,2,34,0,36,18,60,92,37,207,48,124,172,379
12/08/2001,CRP,TX,ASW,CE,Towers with Radar,10,32,19,0,61,0,5,2,0,7,10,37,21,0,68,4,0,4,72
12/09/2001,CRP,TX,ASW,CE,Towers with Radar,9,28,26,41,104,1,12,44,0,57,10,40,70,41,161,11,136,147,308
12/10/2001,CRP,TX,ASW,CE,Towers with Radar,17,49,20,43,129,0,4,53,0,57,17,53,73,43,186,10,208,218,404
12/11/2001,CRP,TX,ASW,CE,Towers with Radar,15,44,49,15,123,0,3,0,0,3,15,47,49,15,126,16,102,118,244
12/12/2001,CRP,TX,ASW,CE,Towers with Radar,14,42,50,46,152,0,9,28,0,37,14,51,78,46,189,12,257,269,458
12/13/2001,CRP,TX,ASW,CE,Towers with Radar,14,45,45,24,128,0,3,16,0,19,14,48,61,24,147,6,129,135,282
12/14/2001,CRP,TX,ASW,CE,Towers with Radar,14,43,37,48,142,1,6,59,0,66,15,49,96,48,208,26,151,177,385
12/15/2001,CRP,TX,ASW,CE,Towers with Radar,7,30,36,31,104,0,4,0,0,4,7,34,36,31,108,18,90,108,216
12/16/2001,CRP,TX,ASW,CE,Towers with Radar,13,34,37,30,114,0,4,11,0,15,13,38,48,30,129,14,40,54,183
12/17/2001,CRP,TX,ASW,CE,Towers with Radar,19,46,57,36,158,0,0,65,0,65,19,46,122,36,223,46,177,223,446
12/18/2001,CRP,TX,ASW,CE,Towers with Radar,17,48,56,30,151,0,5,83,0,88,17,53,139,30,239,20,155,175,414
12/19/2001,CRP,TX,ASW,CE,Towers with Radar,13,43,43,27,126,0,9,87,0,96,13,52,130,27,222,28,189,217,439
12/20/2001,CRP,TX,ASW,CE,Towers with Radar,14,45,38,29,126,0,8,74,0,82,14,53,112,29,208,4,131,135,343
12/21/2001,CRP,TX,ASW,CE,Towers with Radar,14,48,46,25,133,0,6,55,0,61,14,54,101,25,194,2,81,83,277
12/22/2001,CRP,TX,ASW,CE,Towers with Radar,8,31,30,7,76,0,8,21,2,31,8,39,51,9,107,34,6,40,147
12/23/2001,CRP,TX,ASW,CE,Towers with Radar,8,33,16,1,58,0,4,54,0,58,8,37,70,1,116,11,0,11,127
12/24/2001,CRP,TX,ASW,CE,Towers with Radar,9,32,14,1,56,0,4,28,0,32,9,36,42,1,88,16,0,16,104
12/25/2001,CRP,TX,ASW,CE,Towers with Radar,5,25,6,0,36,0,0,19,0,19,5,25,25,0,55,0,14,14,69
12/26/2001,CRP,TX,ASW,CE,Towers with Radar,13,41,34,5,93,0,8,51,3,62,13,49,85,8,155,8,91,99,254
12/27/2001,CRP,TX,ASW,CE,Towers with Radar,14,41,27,12,94,0,13,25,0,38,14,54,52,12,132,46,180,226,358
12/28/2001,CRP,TX,ASW,CE,Towers with Radar,14,42,32,17,105,0,7,59,0,66,14,49,91,17,171,5,36,41,212
12/29/2001,CRP,TX,ASW,CE,Towers with Radar,7,35,23,0,65,0,5,47,0,52,7,40,70,0,117,8,2,10,127
12/30/2001,CRP,TX,ASW,CE,Towers with Radar,6,35,40,2,83,0,7,21,0,28,6,42,61,2,111,6,2,8,119
12/31/2001,CRP,TX,ASW,CE,Towers with Radar,7,35,31,0,73,0,6,8,0,14,7,41,39,0,87,18,0,18,105
01/01/2002,CRP,TX,ASW,CE,Towers with Radar,3,34,11,0,48,1,8,17,3,29,4,42,28,3,77,6,0,6,83
01/02/2002,CRP,TX,ASW,CE,Towers with Radar,14,43,37,12,106,0,7,24,0,31,14,50,61,12,137,43,58,101,238
01/03/2002,CRP,TX,ASW,CE,Towers with Radar,15,45,26,29,115,0,10,55,0,65,15,55,81,29,180,8,273,281,461
01/04/2002,CRP,TX,ASW,CE,Towers with Radar,15,46,40,46,147,1,7,33,0,41,16,53,73,46,188,8,332,340,528
01/05/2002,CRP,TX,ASW,CE,Towers with Radar,7,26,20,5,58,0,3,15,0,18,7,29,35,5,76,12,60,72,148
01/06/2002,CRP,TX,ASW,CE,Towers with Radar,13,28,36,6,83,1,3,65,0,69,14,31,101,6,152,24,4,28,180
01/07/2002,CRP,TX,ASW,CE,Towers with Radar,18,39,31,39,127,0,8,53,0,61,18,47,84,39,188,10,192,202,390
01/08/2002,CRP,TX,ASW,CE,Towers with Radar,17,37,40,40,134,0,8,91,0,99,17,45,131,40,233,19,281,300,533
01/09/2002,CRP,TX,ASW,CE,Towers with Radar,14,44,45,38,141,0,13,51,0,64,14,57,96,38,205,6,217,223,428
01/10/2002,CRP,TX,ASW,CE,Towers with Radar,15,46,24,43,128,0,8,52,0,60,15,54,76,43,188,4,283,287,475
01/11/2002,CRP,TX,ASW,CE,Towers with Radar,15,42,65,23,145,0,7,25,0,32,15,49,90,23,177,4,137,141,318
01/12/2002,CRP,TX,ASW,CE,Towers with Radar,8,32,20,14,74,0,8,42,0,50,8,40,62,14,124,6,32,38,162
01/13/2002,CRP,TX,ASW,CE,Towers with Radar,10,37,39,10,96,0,5,36,0,41,10,42,75,10,137,14,30,44,181
01/14/2002,CRP,TX,ASW,CE,Towers with Radar,17,39,16,32,104,0,0,49,0,49,17,39,65,32,153,25,139,164,317
01/15/2002,CRP,TX,ASW,CE,Towers with Radar,13,45,32,46,136,0,9,61,0,70,13,54,93,46,206,8,255,263,469
01/16/2002,CRP,TX,ASW,CE,Towers with Radar,14,49,45,42,150,0,2,53,0,55,14,51,98,42,205,22,162,184,389
01/17/2002,CRP,TX,ASW,CE,Towers with Radar,14,46,45,17,122,0,0,46,0,46,14,46,91,17,168,20,88,108,276
01/18/2002,CRP,TX,ASW,CE,Towers with Radar,14,53,80,12,159,0,0,0,0,0,14,53,80,12,159,8,10,18,177
01/19/2002,CRP,TX,ASW,CE,Towers with Radar,9,38,23,4,74,0,10,19,0,29,9,48,42,4,103,16,9,25,128
01/20/2002,CRP,TX,ASW,CE,Towers with Radar,10,40,23,4,77,0,2,40,0,42,10,42,63,4,119,20,2,22,141
01/21/2002,CRP,TX,ASW,CE,Towers with Radar,14,42,48,15,119,0,9,31,0,40,14,51,79,15,159,14,21,35,194
01/22/2002,CRP,TX,ASW,CE,Towers with Radar,13,42,63,42,160,0,4,17,0,21,13,46,80,42,181,19,160,179,360
01/23/2002,CRP,TX,ASW,CE,Towers with Radar,14,43,57,25,139,0,2,25,0,27,14,45,82,25,166,0,115,115,281
01/24/2002,CRP,TX,ASW,CE,Towers with Radar,16,55,45,58,174,0,0,17,0,17,16,55,62,58,191,20,217,237,428
01/25/2002,CRP,TX,ASW,CE,Towers with Radar,26,45,45,35,151,0,12,85,0,97,26,57,130,35,248,41,290,331,579
01/26/2002,CRP,TX,ASW,CE,Towers with Radar,13,29,25,15,82,0,14,75,0,89,13,43,100,15,171,28,47,75,246
01/27/2002,CRP,TX,ASW,CE,Towers with Radar,10,33,19,16,78,0,8,62,0,70,10,41,81,16,148,24,21,45,193
01/28/2002,CRP,TX,ASW,CE,Towers with Radar,12,37,50,23,122,0,1,23,0,24,12,38,73,23,146,4,162,166,312
01/29/2002,CRP,TX,ASW,CE,Towers with Radar,14,40,52,31,137,0,4,9,0,13,14,44,61,31,150,8,168,176,326
01/30/2002,CRP,TX,ASW,CE,Towers with Radar,14,45,50,42,151,0,6,11,0,17,14,51,61,42,168,4,97,101,269
01/31/2002,CRP,TX,ASW,CE,Towers with Radar,14,42,39,50,145,0,8,21,0,29,14,50,60,50,174,14,234,248,422
02/01/2002,CRP,TX,ASW,CE,Towers with Radar,14,42,40,37,133,0,10,47,0,57,14,52,87,37,190,12,86,98,288
02/02/2002,CRP,TX,ASW,CE,Towers with Radar,8,30,20,24,82,0,6,52,0,58,8,36,72,24,140,24,71,95,235
02/03/2002,CRP,TX,ASW,CE,Towers with Radar,10,32,38,17,97,0,0,21,0,21,10,32,59,17,118,46,75,121,239
02/04/2002,CRP,TX,ASW,CE,Towers with Radar,14,43,54,35,146,0,10,3,0,13,14,53,57,35,159,20,133,153,312
02/05/2002,CRP,TX,ASW,CE,Towers with Radar,14,48,51,17,130,0,0,1,0,1,14,48,52,17,131,10,54,64,195
02/06/2002,CRP,TX,ASW,CE,Towers with Radar,14,35,68,28,145,0,5,13,0,18,14,40,81,28,163,40,257,297,460
02/07/2002,CRP,TX,ASW,CE,Towers with Radar,14,51,46,37,148,0,13,93,0,106,14,64,139,37,254,41,168,209,463
02/08/2002,CRP,TX,ASW,CE,Towers with Radar,14,48,45,39,146,0,4,53,0,57,14,52,98,39,203,40,104,144,347
02/09/2002,CRP,TX,ASW,CE,Towers with Radar,8,34,18,21,81,0,3,62,0,65,8,37,80,21,146,8,55,63,209
02/10/2002,CRP,TX,ASW,CE,Towers with Radar,12,36,21,15,84,0,2,39,0,41,12,38,60,15,125,34,50,84,209
02/11/2002,CRP,TX,ASW,CE,Towers with Radar,15,45,28,37,125,0,9,60,0,69,15,54,88,37,194,14,197,211,405
02/12/2002,CRP,TX,ASW,CE,Towers with Radar,16,48,35,29,128,0,8,69,0,77,16,56,104,29,205,36,95,131,336
02/13/2002,CRP,TX,ASW,CE,Towers with Radar,15,48,34,33,130,0,17,48,0,65,15,65,82,33,195,13,110,123,318
02/14/2002,CRP,TX,ASW,CE,Towers with Radar,17,42,32,24,115,0,8,50,0,58,17,50,82,24,173,8,142,150,323
02/15/2002,CRP,TX,ASW,CE,Towers with Radar,17,44,33,39,133,0,6,59,0,65,17,50,92,39,198,28,155,183,381
02/16/2002,CRP,TX,ASW,CE,Towers with Radar,9,41,24,20,94,1,5,73,0,79,10,46,97,20,173,68,40,108,281
02/17/2002,CRP,TX,ASW,CE,Towers with Radar,12,39,19,11,81,0,3,65,0,68,12,42,84,11,149,67,22,89,238
02/18/2002,CRP,TX,ASW,CE,Towers with Radar,16,38,42,14,110,0,4,18,0,22,16,42,60,14,132,2,14,16,148
02/19/2002,CRP,TX,ASW,CE,Towers with Radar,17,44,47,23,131,0,8,48,0,56,17,52,95,23,187,3,145,148,335
02/20/2002,CRP,TX,ASW,CE,Towers with Radar,16,43,30,42,131,0,11,88,0,99,16,54,118,42,230,31,155,186,416
02/21/2002,CRP,TX,ASW,CE,Towers with Radar,28,44,57,42,171,1,7,45,0,53,29,51,102,42,224,14,102,116,340
02/22/2002,CRP,TX,ASW,CE,Towers with Radar,18,49,44,49,160,0,7,54,0,61,18,56,98,49,221,14,119,133,354
02/23/2002,CRP,TX,ASW,CE,Towers with Radar,9,35,21,18,83,0,6,58,0,64,9,41,79,18,147,20,38,58,205
02/24/2002,CRP,TX,ASW,CE,Towers with Radar,11,36,14,13,74,0,7,60,3,70,11,43,74,16,144,3,7,10,154
02/25/2002,CRP,TX,ASW,CE,Towers with Radar,17,43,24,43,127,0,5,44,0,49,17,48,68,43,176,4,186,190,366
02/26/2002,CRP,TX,ASW,CE,Towers with Radar,16,45,37,27,125,0,7,34,0,41,16,52,71,27,166,2,167,169,335
02/27/2002,CRP,TX,ASW,CE,Towers with Radar,16,45,52,24,137,0,9,51,0,60,16,54,103,24,197,18,145,163,360
02/28/2002,CRP,TX,ASW,CE,Towers with Radar,15,49,79,14,157,0,7,0,0,7,15,56,79,14,164,20,114,134,298
03/01/2002,CRP,TX,ASW,CE,Towers with Radar,16,45,65,39,165,0,9,11,0,20,16,54,76,39,185,35,147,182,367
03/02/2002,CRP,TX,ASW,CE,Towers with Radar,9,35,19,15,78,0,3,4,0,7,9,38,23,15,85,8,13,21,106
03/03/2002,CRP,TX,ASW,CE,Towers with Radar,12,47,26,18,103,1,4,40,0,45,13,51,66,18,148,12,26,38,186
03/04/2002,CRP,TX,ASW,CE,Towers with Radar,17,42,22,42,123,0,9,87,0,96,17,51,109,42,219,23,198,221,440
03/05/2002,CRP,TX,ASW,CE,Towers with Radar,15,47,54,35,151,0,5,37,0,42,15,52,91,35,193,32,117,149,342
03/06/2002,CRP,TX,ASW,CE,Towers with Radar,17,48,53,37,155,0,7,17,0,24,17,55,70,37,179,24,138,162,341
03/07/2002,CRP,TX,ASW,CE,Towers with Radar,14,49,58,37,158,0,13,48,0,61,14,62,106,37,219,29,191,220,439
03/08/2002,CRP,TX,ASW,CE,Towers with Radar,16,54,59,39,168,0,5,32,0,37,16,59,91,39,205,6,156,162,367
03/09/2002,CRP,TX,ASW,CE,Towers with Radar,9,36,32,10,87,0,7,14,0,21,9,43,46,10,108,0,2,2,110
03/10/2002,CRP,TX,ASW,CE,Towers with Radar,11,43,26,11,91,0,3,31,0,34,11,46,57,11,125,26,40,66,191
03/11/2002,CRP,TX,ASW,CE,Towers with Radar,19,48,43,31,141,0,5,18,0,23,19,53,61,31,164,12,167,179,343
03/12/2002,CRP,TX,ASW,CE,Towers with Radar,24,47,24,41,136,0,13,75,0,88,24,60,99,41,224,45,224,269,493
03/13/2002,CRP,TX,ASW,CE,Towers with Radar,18,56,29,49,152,0,0,80,0,80,18,56,109,49,232,56,181,237,469
03/14/2002,CRP,TX,ASW,CE,Towers with Radar,22,58,42,48,170,0,11,25,0,36,22,69,67,48,206,2,237,239,445
03/15/2002,CRP,TX,ASW,CE,Towers with Radar,16,54,39,46,155,0,8,39,0,47,16,62,78,46,202,28,132,160,362
03/16/2002,CRP,TX,ASW,CE,Towers with Radar,9,41,46,29,125,1,3,14,2,20,10,44,60,31,145,17,4,21,166
03/17/2002,CRP,TX,ASW,CE,Towers with Radar,15,39,25,21,100,0,7,23,0,30,15,46,48,21,130,58,12,70,200
03/18/2002,CRP,TX,ASW,CE,Towers with Radar,16,43,62,51,172,0,6,5,0,11,16,49,67,51,183,22,258,280,463
03/19/2002,CRP,TX,ASW,CE,Towers with Radar,15,47,50,46,158,0,8,20,0,28,15,55,70,46,186,2,154,156,342
03/20/2002,CRP,TX,ASW,CE,Towers with Radar,17,43,36,29,125,0,5,64,0,69,17,48,100,29,194,17,157,174,368
03/21/2002,CRP,TX,ASW,CE,Towers with Radar,17,48,28,37,130,0,15,83,0,98,17,63,111,37,228,21,167,188,416
03/22/2002,CRP,TX,ASW,CE,Towers with Radar,15,47,43,33,138,0,7,76,0,83,15,54,119,33,221,22,180,202,423
03/23/2002,CRP,TX,ASW,CE,Towers with Radar,9,34,29,25,97,0,7,67,0,74,9,41,96,25,171,79,41,120,291
03/24/2002,CRP,TX,ASW,CE,Towers with Radar,11,40,16,28,95,0,5,34,0,39,11,45,50,28,134,10,27,37,171
03/25/2002,CRP,TX,ASW,CE,Towers with Radar,16,43,39,43,141,0,4,8,0,12,16,47,47,43,153,6,256,262,415
03/26/2002,CRP,TX,ASW,CE,Towers with Radar,21,47,37,27,132,0,10,38,0,48,21,57,75,27,180,25,215,240,420
03/27/2002,CRP,TX,ASW,CE,Towers with Radar,21,61,56,29,167,0,0,30,0,30,21,61,86,29,197,30,149,179,376
03/28/2002,CRP,TX,ASW,CE,Towers with Radar,16,47,58,30,151,0,9,47,0,56,16,56,105,30,207,34,169,203,410
03/29/2002,CRP,TX,ASW,CE,Towers with Radar,16,47,51,48,162,0,3,10,0,13,16,50,61,48,175,10,129,139,314
03/30/2002,CRP,TX,ASW,CE,Towers with Radar,11,32,19,3,65,0,5,12,0,17,11,37,31,3,82,6,6,12,94
03/31/2002,CRP,TX,ASW,CE,Towers with Radar,11,45,17,6,79,0,14,54,0,68,11,59,71,6,147,17,10,27,174
04/01/2002,CRP,TX,ASW,CE,Towers with Radar,15,42,34,28,119,1,11,53,0,65,16,53,87,28,184,24,204,228,412
04/02/2002,CRP,TX,ASW,CE,Towers with Radar,15,48,41,40,144,1,9,64,0,74,16,57,105,40,218,42,228,270,488
04/03/2002,CRP,TX,ASW,CE,Towers with Radar,16,51,55,54,176,1,3,27,0,31,17,54,82,54,207,10,258,268,475
04/04/2002,CRP,TX,ASW,CE,Towers with Radar,14,55,81,33,183,1,9,17,0,27,15,64,98,33,210,20,161,181,391
04/05/2002,CRP,TX,ASW,CE,Towers with Radar,16,51,60,48,175,1,10,14,0,25,17,61,74,48,200,19,272,291,491
04/06/2002,CRP,TX,ASW,CE,Towers with Radar,9,34,33,10,86,1,7,5,0,13,10,41,38,10,99,0,10,10,109
04/07/2002,CRP,TX,ASW,CE,Towers with Radar,12,37,35,12,96,0,7,7,0,14,12,44,42,12,110,0,19,19,129
04/08/2002,CRP,TX,ASW,CE,Towers with Radar,20,47,43,33,143,0,9,55,0,64,20,56,98,33,207,38,199,237,444
04/09/2002,CRP,TX,ASW,CE,Towers with Radar,14,47,44,29,134,0,7,44,0,51,14,54,88,29,185,16,143,159,344
04/10/2002,CRP,TX,ASW,CE,Towers with Radar,14,51,58,29,152,0,8,49,0,57,14,59,107,29,209,29,222,251,460
04/11/2002,CRP,TX,ASW,CE,Towers with Radar,14,50,55,30,149,0,9,74,0,83,14,59,129,30,232,63,222,285,517
04/12/2002,CRP,TX,ASW,CE,Towers with Radar,14,62,56,53,185,0,12,60,0,72,14,74,116,53,257,29,204,233,490
04/13/2002,CRP,TX,ASW,CE,Towers with Radar,8,50,27,19,104,0,3,50,0,53,8,53,77,19,157,12,78,90,247
04/14/2002,CRP,TX,ASW,CE,Towers with Radar,12,41,32,19,104,0,7,68,0,75,12,48,100,19,179,26,27,53,232
04/15/2002,CRP,TX,ASW,CE,Towers with Radar,15,49,32,33,129,0,11,38,0,49,15,60,70,33,178,6,164,170,348
04/16/2002,CRP,TX,ASW,CE,Towers with Radar,17,48,51,42,158,2,14,25,0,41,19,62,76,42,199,8,138,146,345
04/17/2002,CRP,TX,ASW,CE,Towers with Radar,14,60,56,60,190,0,4,48,0,52,14,64,104,60,242,2,341,343,585
04/18/2002,CRP,TX,ASW,CE,Towers with Radar,14,43,65,40,162,0,12,47,0,59,14,55,112,40,221,2,212,214,435
04/19/2002,CRP,TX,ASW,CE,Towers with Radar,16,51,56,21,144,0,13,42,0,55,16,64,98,21,199,0,121,121,320
04/20/2002,CRP,TX,ASW,CE,Towers with Radar,8,41,25,31,105,0,7,16,0,23,8,48,41,31,128,11,54,65,193
04/21/2002,CRP,TX,ASW,CE,Towers with Radar,12,40,20,16,88,0,1,48,0,49,12,41,68,16,137,12,30,42,179
04/22/2002,CRP,TX,ASW,CE,Towers with Radar,18,47,47,26,138,0,9,42,0,51,18,56,89,26,189,16,104,120,309
04/23/2002,CRP,TX,ASW,CE,Towers with Radar,21,60,54,30,165,0,0,44,0,44,21,60,98,30,209,36,237,273,482
04/24/2002,CRP,TX,ASW,CE,Towers with Radar,13,48,55,27,143,0,3,61,0,64,13,51,116,27,207,4,153,157,364
04/25/2002,CRP,TX,ASW,CE,Towers with Radar,13,50,74,36,173,0,14,38,0,52,13,64,112,36,225,26,174,200,425
04/26/2002,CRP,TX,ASW,CE,Towers with Radar,15,58,55,55,183,0,4,40,0,44,15,62,95,55,227,22,251,273,500
04/27/2002,CRP,TX,ASW,CE,Towers with Radar,8,42,9,25,84,0,6,49,0,55,8,48,58,25,139,10,28,38,177
04/28/2002,CRP,TX,ASW,CE,Towers with Radar,13,38,25,31,107,0,3,69,0,72,13,41,94,31,179,44,48,92,271
04/29/2002,CRP,TX,ASW,CE,Towers with Radar,14,48,33,32,127,0,10,53,0,63,14,58,86,32,190,47,234,281,471
04/30/2002,CRP,TX,ASW,CE,Towers with Radar,14,51,39,33,137,0,9,50,0,59,14,60,89,33,196,10,233,243,439
05/01/2002,CRP,TX,ASW,CE,Towers with Radar,12,54,65,44,175,1,8,49,0,58,13,62,114,44,233,32,157,189,422
05/02/2002,CRP,TX,ASW,CE,Towers with Radar,13,43,39,27,122,1,8,43,0,52,14,51,82,27,174,16,218,234,408
05/03/2002,CRP,TX,ASW,CE,Towers with Radar,11,53,52,34,150,1,13,45,0,59,12,66,97,34,209,36,209,245,454
05/04/2002,CRP,TX,ASW,CE,Towers with Radar,7,38,47,30,122,1,3,36,0,40,8,41,83,30,162,12,61,73,235
05/05/2002,CRP,TX,ASW,CE,Towers with Radar,10,40,35,22,107,0,10,24,0,34,10,50,59,22,141,16,34,50,191
05/06/2002,CRP,TX,ASW,CE,Towers with Radar,12,43,36,36,127,0,15,34,0,49,12,58,70,36,176,4,269,273,449
05/07/2002,CRP,TX,ASW,CE,Towers with Radar,15,47,37,36,135,0,9,31,0,40,15,56,68,36,175,0,205,205,380
05/08/2002,CRP,TX,ASW,CE,Towers with Radar,15,53,45,41,154,0,5,29,0,34,15,58,74,41,188,33,248,281,469
05/09/2002,CRP,TX,ASW,CE,Towers with Radar,14,46,49,33,142,0,8,61,0,69,14,54,110,33,211,11,188,199,410
05/10/2002,CRP,TX,ASW,CE,Towers with Radar,14,46,54,19,133,0,15,71,0,86,14,61,125,19,219,36,77,113,332
05/11/2002,CRP,TX,ASW,CE,Towers with Radar,8,36,17,15,76,0,10,28,2,40,8,46,45,17,116,2,76,78,194
05/12/2002,CRP,TX,ASW,CE,Towers with Radar,9,37,38,8,92,0,7,29,15,51,9,44,67,23,143,12,115,127,270
05/13/2002,CRP,TX,ASW,CE,Towers with Radar,15,41,31,13,100,0,10,24,0,34,15,51,55,13,134,2,92,94,228
05/14/2002,CRP,TX,ASW,CE,Towers with Radar,15,57,31,50,153,0,11,83,0,94,15,68,114,50,247,10,301,311,558
05/15/2002,CRP,TX,ASW,CE,Towers with Radar,13,45,46,45,149,0,13,58,0,71,13,58,104,45,220,19,208,227,447
05/16/2002,CRP,TX,ASW,CE,Towers with Radar,16,52,46,39,153,1,4,67,0,72,17,56,113,39,225,30,285,315,540
05/17/2002,CRP,TX,ASW,CE,Towers with Radar,13,49,51,44,157,0,0,21,0,21,13,49,72,44,178,61,176,237,415
05/18/2002,CRP,TX,ASW,CE,Towers with Radar,9,37,26,23,95,0,7,27,0,34,9,44,53,23,129,22,53,75,204
05/19/2002,CRP,TX,ASW,CE,Towers with Radar,12,37,25,31,105,0,2,71,1,74,12,39,96,32,179,4,47,51,230
05/20/2002,CRP,TX,ASW,CE,Towers with Radar,15,48,15,44,122,0,12,60,0,72,15,60,75,44,194,6,197,203,397
05/21/2002,CRP,TX,ASW,CE,Towers with Radar,14,48,34,34,130,0,9,61,0,70,14,57,95,34,200,34,137,171,371
05/22/2002,CRP,TX,ASW,CE,Towers with Radar,14,56,46,36,152,0,6,38,0,44,14,62,84,36,196,22,208,230,426
05/23/2002,CRP,TX,ASW,CE,Towers with Radar,13,46,37,30,126,0,9,34,0,43,13,55,71,30,169,6,147,153,322
05/24/2002,CRP,TX,ASW,CE,Towers with Radar,14,46,43,14,117,0,12,52,0,64,14,58,95,14,181,10,52,62,243
05/25/2002,CRP,TX,ASW,CE,Towers with Radar,8,37,24,0,69,0,7,34,4,45,8,44,58,4,114,18,0,18,132
05/26/2002,CRP,TX,ASW,CE,Towers with Radar,10,35,12,3,60,0,3,38,0,41,10,38,50,3,101,0,14,14,115
05/27/2002,CRP,TX,ASW,CE,Towers with Radar,10,41,17,15,83,0,7,53,0,60,10,48,70,15,143,2,33,35,178
05/28/2002,CRP,TX,ASW,CE,Towers with Radar,15,56,38,33,142,0,7,55,0,62,15,63,93,33,204,28,322,350,554
05/29/2002,CRP,TX,ASW,CE,Towers with Radar,14,50,33,29,126,0,8,40,0,48,14,58,73,29,174,4,109,113,287
05/30/2002,CRP,TX,ASW,CE,Towers with Radar,14,47,50,28,139,0,12,59,0,71,14,59,109,28,210,10,179,189,399
05/31/2002,CRP,TX,ASW,CE,Towers with Radar,12,45,36,30,123,0,4,37,0,41,12,49,73,30,164,22,75,97,261
06/01/2002,CRP,TX,ASW,CE,Towers with Radar,9,32,17,6,64,0,4,56,5,65,9,36,73,11,129,4,32,36,165
06/02/2002,CRP,TX,ASW,CE,Towers with Radar,9,36,30,18,93,0,4,48,3,55,9,40,78,21,148,8,14,22,170
06/03/2002,CRP,TX,ASW,CE,Towers with Radar,16,46,28,29,119,0,7,39,0,46,16,53,67,29,165,3,81,84,249
06/04/2002,CRP,TX,ASW,CE,Towers with Radar,13,46,44,41,144,0,7,35,0,42,13,53,79,41,186,45,166,211,397
06/05/2002,CRP,TX,ASW,CE,Towers with Radar,15,49,49,28,141,0,9,58,0,67,15,58,107,28,208,10,258,268,476
06/06/2002,CRP,TX,ASW,CE,Towers with Radar,13,57,49,44,163,0,0,56,0,56,13,57,105,44,219,21,186,207,426
06/07/2002,CRP,TX,ASW,CE,Towers with Radar,15,46,51,38,150,0,8,49,0,57,15,54,100,38,207,46,120,166,373
06/08/2002,CRP,TX,ASW,CE,Towers with Radar,9,38,18,11,76,0,10,49,0,59,9,48,67,11,135,5,71,76,211
06/09/2002,CRP,TX,ASW,CE,Towers with Radar,15,43,20,14,92,0,7,32,0,39,15,50,52,14,131,18,38,56,187
06/10/2002,CRP,TX,ASW,CE,Towers with Radar,15,44,25,31,115,0,7,45,0,52,15,51,70,31,167,14,250,264,431
06/11/2002,CRP,TX,ASW,CE,Towers with Radar,13,52,40,38,143,0,14,43,0,57,13,66,83,38,200,6,156,162,362
06/12/2002,CRP,TX,ASW,CE,Towers with Radar,17,47,41,27,132,0,13,45,0,58,17,60,86,27,190,46,219,265,455
06/13/2002,CRP,TX,ASW,CE,Towers with Radar,13,50,42,18,123,0,11,54,0,65,13,61,96,18,188,18,372,390,578
06/14/2002,CRP,TX,ASW,CE,Towers with Radar,14,55,44,42,155,0,0,50,0,50,14,55,94,42,205,15,167,182,387
06/15/2002,CRP,TX,ASW,CE,Towers with Radar,12,41,17,28,98,0,5,35,0,40,12,46,52,28,138,6,50,56,194
06/16/2002,CRP,TX,ASW,CE,Towers with Radar,13,35,14,13,75,1,5,39,0,45,14,40,53,13,120,0,36,36,156
06/17/2002,CRP,TX,ASW,CE,Towers with Radar,13,47,31,39,130,2,9,69,0,80,15,56,100,39,210,20,158,178,388
06/18/2002,CRP,TX,ASW,CE,Towers with Radar,16,48,35,30,129,0,12,58,0,70,16,60,93,30,199,39,161,200,399
06/19/2002,CRP,TX,ASW,CE,Towers with Radar,13,48,42,29,132,0,10,80,0,90,13,58,122,29,222,56,205,261,483
06/20/2002,CRP,TX,ASW,CE,Towers with Radar,13,46,34,32,125,0,11,64,0,75,13,57,98,32,200,10,250,260,460
06/21/2002,CRP,TX,ASW,CE,Towers with Radar,13,43,44,24,124,0,10,40,0,50,13,53,84,24,174,31,80,111,285
06/22/2002,CRP,TX,ASW,CE,Towers with Radar,11,35,17,19,82,0,7,31,0,38,11,42,48,19,120,9,19,28,148
06/23/2002,CRP,TX,ASW,CE,Towers with Radar,13,45,9,20,87,0,13,53,0,66,13,58,62,20,153,11,25,36,189
06/24/2002,CRP,TX,ASW,CE,Towers with Radar,14,48,22,43,127,0,11,61,0,72,14,59,83,43,199,6,253,259,458
06/25/2002,CRP,TX,ASW,CE,Towers with Radar,14,54,42,42,152,0,6,64,0,70,14,60,106,42,222,20,325,345,567
06/26/2002,CRP,TX,ASW,CE,Towers with Radar,15,48,38,36,137,0,8,62,0,70,15,56,100,36,207,10,180,190,397
06/27/2002,CRP,TX,ASW,CE,Towers with Radar,14,51,22,17,104,0,7,26,0,33,14,58,48,17,137,0,146,146,283
06/28/2002,CRP,TX,ASW,CE,Towers with Radar,14,50,28,15,107,0,12,24,0,36,14,62,52,15,143,14,60,74,217
06/29/2002,CRP,TX,ASW,CE,Towers with Radar,11,37,10,8,66,0,1,5,0,6,11,38,15,8,72,6,32,38,110
06/30/2002,CRP,TX,ASW,CE,Towers with Radar,13,41,9,15,78,0,1,11,0,12,13,42,20,15,90,0,29,29,119
07/01/2002,CRP,TX,ASW,CE,Towers with Radar,16,50,28,31,125,0,4,17,0,21,16,54,45,31,146,4,144,148,294
07/02/2002,CRP,TX,ASW,CE,Towers with Radar,13,48,50,27,138,0,12,11,0,23,13,60,61,27,161,16,116,132,293
07/03/2002,CRP,TX,ASW,CE,Towers with Radar,16,44,50,47,157,0,5,19,0,24,16,49,69,47,181,26,119,145,326
07/04/2002,CRP,TX,ASW,CE,Towers with Radar,9,29,13,7,58,0,7,25,7,39,9,36,38,14,97,24,30,54,151
07/05/2002,CRP,TX,ASW,CE,Towers with Radar,10,37,25,8,80,0,13,43,5,61,10,50,68,13,141,36,42,78,219
07/06/2002,CRP,TX,ASW,CE,Towers with Radar,10,38,13,14,75,0,6,37,7,50,10,44,50,21,125,20,52,72,197
07/07/2002,CRP,TX,ASW,CE,Towers with Radar,13,36,28,9,86,0,4,27,0,31,13,40,55,9,117,8,42,50,167
07/08/2002,CRP,TX,ASW,CE,Towers with Radar,14,44,22,51,131,0,13,35,0,48,14,57,57,51,179,24,306,330,509
07/09/2002,CRP,TX,ASW,CE,Towers with Radar,15,51,24,25,115,0,6,26,0,32,15,57,50,25,147,0,213,213,360
07/10/2002,CRP,TX,ASW,CE,Towers with Radar,13,49,43,32,137,0,9,25,0,34,13,58,68,32,171,0,188,188,359
07/11/2002,CRP,TX,ASW,CE,Towers with Radar,18,43,34,36,131,0,21,71,0,92,18,64,105,36,223,20,262,282,505
07/12/2002,CRP,TX,ASW,CE,Towers with Radar,15,47,33,57,152,0,12,88,0,100,15,59,121,57,252,20,182,202,454
07/13/2002,CRP,TX,ASW,CE,Towers with Radar,21,38,18,47,124,0,5,44,0,49,21,43,62,47,173,27,103,130,303
07/14/2002,CRP,TX,ASW,CE,Towers with Radar,15,30,14,27,86,0,8,40,0,48,15,38,54,27,134,8,45,53,187
07/15/2002,CRP,TX,ASW,CE,Towers with Radar,19,49,19,1,88,0,4,14,5,23,19,53,33,6,111,4,0,4,115
07/16/2002,CRP,TX,ASW,CE,Towers with Radar,0,0,0,0,0,1,2,0,0,3,1,2,0,0,3,0,0,0,3
07/17/2002,CRP,TX,ASW,CE,Towers with Radar,13,42,44,39,138,0,10,46,0,56,13,52,90,39,194,35,243,278,472
07/18/2002,CRP,TX,ASW,CE,Towers with Radar,16,49,40,25,130,0,9,51,0,60,16,58,91,25,190,18,225,243,433
07/19/2002,CRP,TX,ASW,CE,Towers with Radar,14,50,27,36,127,0,10,68,0,78,14,60,95,36,205,20,226,246,451
07/20/2002,CRP,TX,ASW,CE,Towers with Radar,11,42,14,45,112,0,7,52,0,59,11,49,66,45,171,29,115,144,315
07/21/2002,CRP,TX,ASW,CE,Towers with Radar,13,38,18,31,100,0,7,63,0,70,13,45,81,31,170,4,66,70,240
07/22/2002,CRP,TX,ASW,CE,Towers with Radar,14,43,37,28,122,0,6,46,0,52,14,49,83,28,174,25,200,225,399
07/23/2002,CRP,TX,ASW,CE,Towers with Radar,15,46,40,22,123,0,8,78,0,86,15,54,118,22,209,25,270,295,504
07/24/2002,CRP,TX,ASW,CE,Towers with Radar,13,52,38,21,124,0,7,76,0,83,13,59,114,21,207,64,120,184,391
07/25/2002,CRP,TX,ASW,CE,Towers with Radar,14,54,39,25,132,0,12,80,0,92,14,66,119,25,224,41,345,386,610
07/26/2002,CRP,TX,ASW,CE,Towers with Radar,14,47,34,25,120,0,11,70,0,81,14,58,104,25,201,26,112,138,339
07/27/2002,CRP,TX,ASW,CE,Towers with Radar,11,36,23,28,98,0,12,55,0,67,11,48,78,28,165,17,61,78,243
07/28/2002,CRP,TX,ASW,CE,Towers with Radar,13,36,19,24,92,0,5,41,0,46,13,41,60,24,138,13,16,29,167
07/29/2002,CRP,TX,ASW,CE,Towers with Radar,13,47,32,55,147,0,13,63,0,76,13,60,95,55,223,8,256,264,487
07/30/2002,CRP,TX,ASW,CE,Towers with Radar,13,48,39,45,145,0,12,48,0,60,13,60,87,45,205,45,357,402,607
07/31/2002,CRP,TX,ASW,CE,Towers with Radar,14,49,28,30,121,0,6,57,0,63,14,55,85,30,184,24,202,226,410
08/01/2002,CRP,TX,ASW,CE,Towers with Radar,14,50,54,36,154,0,16,53,0,69,14,66,107,36,223,19,255,274,497
08/02/2002,CRP,TX,ASW,CE,Towers with Radar,14,50,31,30,125,0,11,66,0,77,14,61,97,30,202,24,120,144,346
08/03/2002,CRP,TX,ASW,CE,Towers with Radar,13,46,13,18,90,0,7,56,0,63,13,53,69,18,153,16,16,32,185
08/04/2002,CRP,TX,ASW,CE,Towers with Radar,13,41,21,23,98,0,13,44,0,57,13,54,65,23,155,0,57,57,212
08/05/2002,CRP,TX,ASW,CE,Towers with Radar,15,49,30,20,114,0,7,67,0,74,15,56,97,20,188,6,153,159,347
08/06/2002,CRP,TX,ASW,CE,Towers with Radar,14,50,28,23,115,0,12,63,0,75,14,62,91,23,190,13,269,282,472
08/07/2002,CRP,TX,ASW,CE,Towers with Radar,13,47,45,22,127,0,14,70,0,84,13,61,115,22,211,19,262,281,492
08/08/2002,CRP,TX,ASW,CE,Towers with Radar,14,52,39,22,127,0,12,43,0,55,14,64,82,22,182,29,192,221,403
08/09/2002,CRP,TX,ASW,CE,Towers with Radar,14,49,42,12,117,0,20,48,0,68,14,69,90,12,185,24,83,107,292
08/10/2002,CRP,TX,ASW,CE,Towers with Radar,11,39,13,15,78,0,8,44,0,52,11,47,57,15,130,18,31,49,179
08/11/2002,CRP,TX,ASW,CE,Towers with Radar,14,39,27,20,100,0,9,46,0,55,14,48,73,20,155,16,60,76,231
08/12/2002,CRP,TX,ASW,CE,Towers with Radar,14,47,31,34,126,0,9,62,0,71,14,56,93,34,197,22,162,184,381
08/13/2002,CRP,TX,ASW,CE,Towers with Radar,14,53,42,39,148,0,6,58,0,64,14,59,100,39,212,8,284,292,504
08/14/2002,CRP,TX,ASW,CE,Towers with Radar,14,49,35,27,125,0,10,23,0,33,14,59,58,27,158,6,190,196,354
08/15/2002,CRP,TX,ASW,CE,Towers with Radar,20,53,40,28,141,0,8,62,0,70,20,61,102,28,211,8,191,199,410
08/16/2002,CRP,TX,ASW,CE,Towers with Radar,15,60,32,22,129,5,1,51,2,59,20,61,83,24,188,9,29,38,226
08/17/2002,CRP,TX,ASW,CE,Towers with Radar,14,39,13,34,100,0,2,56,3,61,14,41,69,37,161,16,32,48,209
08/18/2002,CRP,TX,ASW,CE,Towers with Radar,12,46,21,12,91,0,9,42,0,51,12,55,63,12,142,36,46,82,224
08/19/2002,CRP,TX,ASW,CE,Towers with Radar,14,46,26,30,116,0,9,36,0,45,14,55,62,30,161,8,133,141,302
08/20/2002,CRP,TX,ASW,CE,Towers with Radar,17,52,32,28,129,0,12,61,0,73,17,64,93,28,202,42,189,231,433
08/21/2002,CRP,TX,ASW,CE,Towers with Radar,14,51,51,26,142,0,7,75,0,82,14,58,126,26,224,19,248,267,491
08/22/2002,CRP,TX,ASW,CE,Towers with Radar,15,56,55,39,165,0,12,69,0,81,15,68,124,39,246,35,219,254,500
08/23/2002,CRP,TX,ASW,CE,Towers with Radar,14,50,39,26,129,0,13,100,0,113,14,63,139,26,242,28,160,188,430
08/24/2002,CRP,TX,ASW,CE,Towers with Radar,11,39,17,21,88,0,4,62,0,66,11,43,79,21,154,31,30,61,215
08/25/2002,CRP,TX,ASW,CE,Towers with Radar,15,45,27,15,102,0,11,78,0,89,15,56,105,15,191,20,21,41,232
08/26/2002,CRP,TX,ASW,CE,Towers with Radar,13,46,28,25,112,0,10,65,0,75,13,56,93,25,187,24,122,146,333
08/27/2002,CRP,TX,ASW,CE,Towers with Radar,11,49,47,38,145,0,8,77,0,85,11,57,124,38,230,70,234,304,534
08/28/2002,CRP,TX,ASW,CE,Towers with Radar,15,47,42,31,135,0,10,45,0,55,15,57,87,31,190,28,174,202,392
08/29/2002,CRP,TX,ASW,CE,Towers with Radar,16,54,49,38,157,0,5,61,0,66,16,59,110,38,223,35,291,326,549
08/30/2002,CRP,TX,ASW,CE,Towers with Radar,13,52,44,37,146,0,12,72,0,84,13,64,116,37,230,36,96,132,362
08/31/2002,CRP,TX,ASW,CE,Towers with Radar,11,42,27,19,99,0,8,45,0,53,11,50,72,19,152,33,24,57,209
09/01/2002,CRP,TX,ASW,CE,Towers with Radar,7,31,8,18,64,1,10,34,0,45,8,41,42,18,109,4,23,27,136
09/02/2002,CRP,TX,ASW,CE,Towers with Radar,12,39,25,27,103,0,16,46,0,62,12,55,71,27,165,61,47,108,273
09/03/2002,CRP,TX,ASW,CE,Towers with Radar,14,51,31,26,122,0,14,48,0,62,14,65,79,26,184,15,232,247,431
09/04/2002,CRP,TX,ASW,CE,Towers with Radar,14,47,44,23,128,0,12,33,0,45,14,59,77,23,173,19,188,207,380
09/05/2002,CRP,TX,ASW,CE,Towers with Radar,11,43,60,24,138,0,7,10,0,17,11,50,70,24,155,20,161,181,336
09/06/2002,CRP,TX,ASW,CE,Towers with Radar,13,53,21,10,97,0,11,54,0,65,13,64,75,10,162,12,101,113,275
09/07/2002,CRP,TX,ASW,CE,Towers with Radar,9,39,11,0,59,1,6,18,0,25,10,45,29,0,84,38,10,48,132
09/08/2002,CRP,TX,ASW,CE,Towers with Radar,11,45,17,11,84,1,5,8,2,16,12,50,25,13,100,0,15,15,115
09/09/2002,CRP,TX,ASW,CE,Towers with Radar,15,43,34,18,110,0,1,10,0,11,15,44,44,18,121,0,230,230,351
09/10/2002,CRP,TX,ASW,CE,Towers with Radar,13,47,60,23,143,0,3,0,0,3,13,50,60,23,146,40,204,244,390
09/11/2002,CRP,TX,ASW,CE,Towers with Radar,12,41,51,45,149,0,14,36,0,50,12,55,87,45,199,10,230,240,439
09/12/2002,CRP,TX,ASW,CE,Towers with Radar,14,53,52,23,142,0,5,52,0,57,14,58,104,23,199,22,126,148,347
09/13/2002,CRP,TX,ASW,CE,Towers with Radar,16,54,35,27,132,0,10,60,0,70,16,64,95,27,202,32,116,148,350
09/14/2002,CRP,TX,ASW,CE,Towers with Radar,9,37,28,21,95,0,0,31,0,31,9,37,59,21,126,31,4,35,161
09/15/2002,CRP,TX,ASW,CE,Towers with Radar,12,39,20,4,75,0,0,0,3,3,12,39,20,7,78,0,5,5,83
09/16/2002,CRP,TX,ASW,CE,Towers with Radar,14,50,32,17,113,1,0,3,0,4,15,50,35,17,117,0,33,33,150
09/17/2002,CRP,TX,ASW,CE,Towers with Radar,16,57,52,20,145,0,0,6,0,6,16,57,58,20,151,0,102,102,253
09/18/2002,CRP,TX,ASW,CE,Towers with Radar,12,55,53,31,151,0,5,60,0,65,12,60,113,31,216,17,195,212,428
09/19/2002,CRP,TX,ASW,CE,Towers with Radar,20,46,65,21,152,0,3,23,0,26,20,49,88,21,178,6,213,219,397
09/20/2002,CRP,TX,ASW,CE,Towers with Radar,17,46,42,20,125,0,16,87,0,103,17,62,129,20,228,8,93,101,329
09/21/2002,CRP,TX,ASW,CE,Towers with Radar,10,35,18,36,99,0,11,78,0,89,10,46,96,36,188,17,69,86,274
09/22/2002,CRP,TX,ASW,CE,Towers with Radar,12,41,16,36,105,0,3,71,0,74,12,44,87,36,179,1,72,73,252
09/23/2002,CRP,TX,ASW,CE,Towers with Radar,14,47,34,43,138,0,8,38,0,46,14,55,72,43,184,0,297,297,481
09/24/2002,CRP,TX,ASW,CE,Towers with Radar,14,53,53,28,148,0,4,61,0,65,14,57,114,28,213,36,185,221,434
09/25/2002,CRP,TX,ASW,CE,Towers with Radar,13,48,38,25,124,0,16,42,0,58,13,64,80,25,182,14,70,84,266
09/26/2002,CRP,TX,ASW,CE,Towers with Radar,16,53,44,31,144,1,11,63,0,75,17,64,107,31,219,18,179,197,416
09/27/2002,CRP,TX,ASW,CE,Towers with Radar,13,49,39,24,125,0,15,68,0,83,13,64,107,24,208,18,96,114,322
09/28/2002,CRP,TX,ASW,CE,Towers with Radar,11,39,25,16,91,0,10,59,0,69,11,49,84,16,160,11,16,27,187
09/29/2002,CRP,TX,ASW,CE,Towers with Radar,13,39,17,19,88,0,11,56,0,67,13,50,73,19,155,13,55,68,223
09/30/2002,CRP,TX,ASW,CE,Towers with Radar,14,47,22,34,117,0,10,23,0,33,14,57,45,34,150,14,186,200,350
10/01/2002,CRP,TX,ASW,CE,Towers with Radar,14,60,41,46,161,1,6,47,0,54,15,66,88,46,215,23,344,367,582
10/02/2002,CRP,TX,ASW,CE,Towers with Radar,13,53,45,34,145,0,12,48,0,60,13,65,93,34,205,0,305,305,510
10/03/2002,CRP,TX,ASW,CE,Towers with Radar,14,46,38,25,123,0,7,41,0,48,14,53,79,25,171,6,272,278,449
10/04/2002,CRP,TX,ASW,CE,Towers with Radar,13,48,34,29,124,0,8,61,0,69,13,56,95,29,193,37,61,98,291
10/05/2002,CRP,TX,ASW,CE,Towers with Radar,10,39,14,14,77,0,7,18,6,31,10,46,32,20,108,4,5,9,117
10/06/2002,CRP,TX,ASW,CE,Towers with Radar,11,43,22,8,84,0,3,56,0,59,11,46,78,8,143,9,45,54,197
10/07/2002,CRP,TX,ASW,CE,Towers with Radar,15,56,35,22,128,0,0,33,0,33,15,56,68,22,161,27,125,152,313
10/08/2002,CRP,TX,ASW,CE,Towers with Radar,13,51,50,47,161,0,13,44,0,57,13,64,94,47,218,20,352,372,590
10/09/2002,CRP,TX,ASW,CE,Towers with Radar,14,53,49,27,143,0,8,32,0,40,14,61,81,27,183,20,232,252,435
10/10/2002,CRP,TX,ASW,CE,Towers with Radar,14,54,69,32,169,0,6,41,0,47,14,60,110,32,216,28,180,208,424
10/11/2002,CRP,TX,ASW,CE,Towers with Radar,14,55,47,36,152,0,6,66,0,72,14,61,113,36,224,32,139,171,395
10/12/2002,CRP,TX,ASW,CE,Towers with Radar,10,37,26,10,83,0,6,59,0,65,10,43,85,10,148,7,2,9,157
10/13/2002,CRP,TX,ASW,CE,Towers with Radar,14,39,42,13,108,0,5,17,0,22,14,44,59,13,130,10,18,28,158
10/14/2002,CRP,TX,ASW,CE,Towers with Radar,14,48,41,12,115,0,6,16,0,22,14,54,57,12,137,2,25,27,164
10/15/2002,CRP,TX,ASW,CE,Towers with Radar,14,57,40,31,142,0,13,72,0,85,14,70,112,31,227,19,112,131,358
10/16/2002,CRP,TX,ASW,CE,Towers with Radar,15,50,38,34,137,1,14,83,0,98,16,64,121,34,235,25,330,355,590
10/17/2002,CRP,TX,ASW,CE,Towers with Radar,16,62,52,26,156,0,0,46,0,46,16,62,98,26,202,14,256,270,472
10/18/2002,CRP,TX,ASW,CE,Towers with Radar,11,52,54,70,187,0,9,30,0,39,11,61,84,70,226,0,347,347,573
10/19/2002,CRP,TX,ASW,CE,Towers with Radar,11,40,20,7,78,0,2,12,0,14,11,42,32,7,92,26,6,32,124
10/20/2002,CRP,TX,ASW,CE,Towers with Radar,12,43,19,6,80,0,4,12,0,16,12,47,31,6,96,0,46,46,142
10/21/2002,CRP,TX,ASW,CE,Towers with Radar,14,51,61,41,167,0,5,27,0,32,14,56,88,41,199,17,266,283,482
10/22/2002,CRP,TX,ASW,CE,Towers with Radar,14,60,48,15,137,0,5,39,0,44,14,65,87,15,181,37,130,167,348
10/23/2002,CRP,TX,ASW,CE,Towers with Radar,15,49,53,33,150,0,7,22,0,29,15,56,75,33,179,0,187,187,366
10/24/2002,CRP,TX,ASW,CE,Towers with Radar,13,49,41,12,115,0,12,8,0,20,13,61,49,12,135,8,45,53,188
10/25/2002,CRP,TX,ASW,CE,Towers with Radar,14,55,35,21,125,0,9,6,0,15,14,64,41,21,140,5,117,122,262
10/26/2002,CRP,TX,ASW,CE,Towers with Radar,11,37,17,0,65,0,3,0,0,3,11,40,17,0,68,2,0,2,70
10/27/2002,CRP,TX,ASW,CE,Towers with Radar,8,42,27,9,86,0,6,5,0,11,8,48,32,9,97,6,6,12,109
10/28/2002,CRP,TX,ASW,CE,Towers with Radar,13,41,40,2,96,0,4,2,0,6,13,45,42,2,102,0,22,22,124
10/29/2002,CRP,TX,ASW,CE,Towers with Radar,15,50,59,47,171,0,8,49,0,57,15,58,108,47,228,100,142,242,470
10/30/2002,CRP,TX,ASW,CE,Towers with Radar,14,55,52,37,158,0,2,68,0,70,14,57,120,37,228,64,229,293,521
10/31/2002,CRP,TX,ASW,CE,Towers with Radar,14,58,41,45,158,0,8,23,0,31,14,66,64,45,189,7,197,204,393
11/01/2002,CRP,TX,ASW,CE,Towers with Radar,14,56,78,29,177,0,9,8,0,17,14,65,86,29,194,8,68,76,270
11/02/2002,CRP,TX,ASW,CE,Towers with Radar,8,41,16,4,69,0,0,0,0,0,8,41,16,4,69,0,0,0,69
11/03/2002,CRP,TX,ASW,CE,Towers with Radar,8,46,29,7,90,0,0,0,0,0,8,46,29,7,90,0,2,2,92
11/04/2002,CRP,TX,ASW,CE,Towers with Radar,14,48,24,4,90,0,0,0,0,0,14,48,24,4,90,0,38,38,128
11/05/2002,CRP,TX,ASW,CE,Towers with Radar,16,38,37,44,135,0,3,55,0,58,16,41,92,44,193,47,231,278,471
11/06/2002,CRP,TX,ASW,CE,Towers with Radar,14,52,39,45,150,0,6,69,0,75,14,58,108,45,225,43,156,199,424
11/07/2002,CRP,TX,ASW,CE,Towers with Radar,14,48,50,28,140,0,8,91,0,99,14,56,141,28,239,14,126,140,379
11/08/2002,CRP,TX,ASW,CE,Towers with Radar,14,51,39,35,139,0,4,75,0,79,14,55,114,35,218,17,176,193,411
11/09/2002,CRP,TX,ASW,CE,Towers with Radar,10,41,24,21,96,0,0,64,0,64,10,41,88,21,160,89,38,127,287
11/10/2002,CRP,TX,ASW,CE,Towers with Radar,8,42,43,17,110,0,7,35,0,42,8,49,78,17,152,14,30,44,196
11/11/2002,CRP,TX,ASW,CE,Towers with Radar,13,40,36,24,113,0,0,43,0,43,13,40,79,24,156,9,32,41,197
11/12/2002,CRP,TX,ASW,CE,Towers with Radar,16,44,26,44,130,0,9,67,0,76,16,53,93,44,206,13,184,197,403
11/13/2002,CRP,TX,ASW,CE,Towers with Radar,15,49,37,27,128,0,10,79,0,89,15,59,116,27,217,37,243,280,497
11/14/2002,CRP,TX,ASW,CE,Towers with Radar,14,50,40,26,130,0,4,28,0,32,14,54,68,26,162,19,249,268,430
11/15/2002,CRP,TX,ASW,CE,Towers with Radar,13,45,49,37,144,0,5,42,0,47,13,50,91,37,191,18,242,260,451
11/16/2002,CRP,TX,ASW,CE,Towers with Radar,8,39,14,22,83,2,4,59,1,66,10,43,73,23,149,20,90,110,259
11/17/2002,CRP,TX,ASW,CE,Towers with Radar,8,42,29,24,103,0,2,62,0,64,8,44,91,24,167,59,14,73,240
11/18/2002,CRP,TX,ASW,CE,Towers with Radar,15,46,32,36,129,0,3,58,0,61,15,49,90,36,190,18,270,288,478
11/19/2002,CRP,TX,ASW,CE,Towers with Radar,12,46,42,32,132,0,3,43,0,46,12,49,85,32,178,42,249,291,469
11/20/2002,CRP,TX,ASW,CE,Towers with Radar,15,58,52,31,156,0,10,39,0,49,15,68,91,31,205,41,225,266,471
11/21/2002,CRP,TX,ASW,CE,Towers with Radar,17,55,64,25,161,0,10,50,0,60,17,65,114,25,221,78,191,269,490
11/22/2002,CRP,TX,ASW,CE,Towers with Radar,15,62,29,49,155,0,0,71,0,71,15,62,100,49,226,12,160,172,398
11/23/2002,CRP,TX,ASW,CE,Towers with Radar,11,39,22,29,101,0,4,59,0,63,11,43,81,29,164,40,33,73,237
11/24/2002,CRP,TX,ASW,CE,Towers with Radar,10,46,35,36,127,0,1,58,0,59,10,47,93,36,186,36,66,102,288
11/25/2002,CRP,TX,ASW,CE,Towers with Radar,13,55,68,34,170,0,5,18,0,23,13,60,86,34,193,26,231,257,450
11/26/2002,CRP,TX,ASW,CE,Towers with Radar,14,52,55,16,137,0,0,2,0,2,14,52,57,16,139,2,68,70,209
11/27/2002,CRP,TX,ASW,CE,Towers with Radar,16,55,53,7,131,0,0,12,0,12,16,55,65,7,143,8,6,14,157
11/28/2002,CRP,TX,ASW,CE,Towers with Radar,9,38,14,0,61,0,2,18,0,20,9,40,32,0,81,0,13,13,94
11/29/2002,CRP,TX,ASW,CE,Towers with Radar,10,38,20,3,71,0,3,31,0,34,10,41,51,3,105,14,13,27,132
11/30/2002,CRP,TX,ASW,CE,Towers with Radar,9,37,25,1,72,0,2,36,0,38,9,39,61,1,110,17,15,32,142
12/01/2002,CRP,TX,ASW,CE,Towers with Radar,9,44,26,0,79,1,2,50,0,53,10,46,76,0,132,24,6,30,162
12/02/2002,CRP,TX,ASW,CE,Towers with Radar,12,44,37,29,122,1,5,23,0,29,13,49,60,29,151,14,186,200,351
12/03/2002,CRP,TX,ASW,CE,Towers with Radar,15,47,23,48,133,1,2,13,0,16,16,49,36,48,149,7,336,343,492
12/04/2002,CRP,TX,ASW,CE,Towers with Radar,13,53,37,15,118,1,2,2,0,5,14,55,39,15,123,2,202,204,327
12/05/2002,CRP,TX,ASW,CE,Towers with Radar,14,49,34,27,124,0,5,27,0,32,14,54,61,27,156,4,181,185,341
12/06/2002,CRP,TX,ASW,CE,Towers with Radar,16,48,40,56,160,0,5,62,0,67,16,53,102,56,227,4,175,179,406
12/07/2002,CRP,TX,ASW,CE,Towers with Radar,10,41,27,18,96,0,6,26,0,32,10,47,53,18,128,14,29,43,171
12/08/2002,CRP,TX,ASW,CE,Towers with Radar,8,42,31,24,105,0,4,5,0,9,8,46,36,24,114,0,32,32,146
12/09/2002,CRP,TX,ASW,CE,Towers with Radar,15,48,24,9,96,0,1,2,0,3,15,49,26,9,99,2,114,116,215
12/10/2002,CRP,TX,ASW,CE,Towers with Radar,14,47,52,33,146,0,4,44,0,48,14,51,96,33,194,43,176,219,413
12/11/2002,CRP,TX,ASW,CE,Towers with Radar,12,54,55,26,147,0,3,42,0,45,12,57,97,26,192,5,166,171,363
12/12/2002,CRP,TX,ASW,CE,Towers with Radar,15,52,53,25,145,0,3,26,0,29,15,55,79,25,174,6,195,201,375
12/13/2002,CRP,TX,ASW,CE,Towers with Radar,13,48,31,59,151,0,7,78,3,88,13,55,109,62,239,9,149,158,397
12/14/2002,CRP,TX,ASW,CE,Towers with Radar,6,39,19,53,117,0,4,54,2,60,6,43,73,55,177,10,169,179,356
12/15/2002,CRP,TX,ASW,CE,Towers with Radar,10,41,19,28,98,0,5,52,0,57,10,46,71,28,155,4,138,142,297
12/16/2002,CRP,TX,ASW,CE,Towers with Radar,12,46,30,18,106,1,6,37,0,44,13,52,67,18,150,12,244,256,406
12/17/2002,CRP,TX,ASW,CE,Towers with Radar,12,49,51,21,133,0,0,39,0,39,12,49,90,21,172,2,205,207,379
12/18/2002,CRP,TX,ASW,CE,Towers with Radar,13,45,42,29,129,0,7,21,0,28,13,52,63,29,157,2,132,134,291
12/19/2002,CRP,TX,ASW,CE,Towers with Radar,12,46,32,19,109,0,2,52,0,54,12,48,84,19,163,2,46,48,211
12/20/2002,CRP,TX,ASW,CE,Towers with Radar,12,53,27,20,112,0,6,86,0,92,12,59,113,20,204,18,135,153,357
12/21/2002,CRP,TX,ASW,CE,Towers with Radar,7,40,22,0,69,0,7,39,2,48,7,47,61,2,117,12,0,12,129
12/22/2002,CRP,TX,ASW,CE,Towers with Radar,5,23,15,2,45,2,17,15,0,34,7,40,30,2,79,0,31,31,110
12/23/2002,CRP,TX,ASW,CE,Towers with Radar,12,55,38,21,126,0,2,7,0,9,12,57,45,21,135,0,80,80,215
12/24/2002,CRP,TX,ASW,CE,Towers with Radar,9,36,15,4,64,0,4,14,0,18,9,40,29,4,82,0,22,22,104
12/25/2002,CRP,TX,ASW,CE,Towers with Radar,3,30,9,0,42,0,5,24,0,29,3,35,33,0,71,2,0,2,73
12/26/2002,CRP,TX,ASW,CE,Towers with Radar,10,49,42,0,101,0,1,3,0,4,10,50,45,0,105,4,0,4,109
12/27/2002,CRP,TX,ASW,CE,Towers with Radar,16,49,24,16,105,0,3,35,0,38,16,52,59,16,143,14,82,96,239
12/28/2002,CRP,TX,ASW,CE,Towers with Radar,7,39,24,2,72,0,2,32,0,34,7,41,56,2,106,28,35,63,169
12/29/2002,CRP,TX,ASW,CE,Towers with Radar,7,52,26,1,86,0,5,12,0,17,7,57,38,1,103,8,4,12,115
12/30/2002,CRP,TX,ASW,CE,Towers with Radar,20,37,24,4,85,0,2,9,0,11,20,39,33,4,96,0,30,30,126
12/31/2002,CRP,TX,ASW,CE,Towers with Radar,10,48,17,3,78,0,3,53,0,56,10,51,70,3,134,8,2,10,144
01/01/2003,CRP,TX,ASW,CE,Towers with Radar,2,37,12,0,51,1,1,35,0,37,3,38,47,0,88,10,0,10,98
01/02/2003,CRP,TX,ASW,CE,Towers with Radar,11,46,30,11,98,0,3,53,0,56,11,49,83,11,154,17,74,91,245
01/03/2003,CRP,TX,ASW,CE,Towers with Radar,13,48,14,19,94,0,9,62,0,71,13,57,76,19,165,8,265,273,438
01/04/2003,CRP,TX,ASW,CE,Towers with Radar,6,37,35,12,90,0,3,58,0,61,6,40,93,12,151,33,90,123,274
01/05/2003,CRP,TX,ASW,CE,Towers with Radar,7,41,27,14,89,0,8,44,8,60,7,49,71,22,149,46,76,122,271
01/06/2003,CRP,TX,ASW,CE,Towers with Radar,12,55,32,42,141,0,3,21,0,24,12,58,53,42,165,6,99,105,270
01/07/2003,CRP,TX,ASW,CE,Towers with Radar,12,39,38,32,121,0,6,45,0,51,12,45,83,32,172,0,203,203,375
01/08/2003,CRP,TX,ASW,CE,Towers with Radar,11,45,61,43,160,0,3,48,0,51,11,48,109,43,211,29,208,237,448
01/09/2003,CRP,TX,ASW,CE,Towers with Radar,12,45,29,22,108,0,3,58,0,61,12,48,87,22,169,4,122,126,295
01/10/2003,CRP,TX,ASW,CE,Towers with Radar,12,42,31,21,106,0,3,60,0,63,12,45,91,21,169,20,70,90,259
01/11/2003,CRP,TX,ASW,CE,Towers with Radar,7,35,23,12,77,0,0,5,0,5,7,35,28,12,82,4,2,6,88
01/12/2003,CRP,TX,ASW,CE,Towers with Radar,7,38,40,3,88,0,0,1,0,1,7,38,41,3,89,0,2,2,91
01/13/2003,CRP,TX,ASW,CE,Towers with Radar,13,45,46,38,142,0,4,14,0,18,13,49,60,38,160,16,101,117,277
01/14/2003,CRP,TX,ASW,CE,Towers with Radar,12,44,62,29,147,0,3,25,0,28,12,47,87,29,175,38,157,195,370
01/15/2003,CRP,TX,ASW,CE,Towers with Radar,11,41,62,35,149,0,1,13,0,14,11,42,75,35,163,33,204,237,400
01/16/2003,CRP,TX,ASW,CE,Towers with Radar,12,53,48,31,144,0,3,29,0,32,12,56,77,31,176,12,168,180,356
01/17/2003,CRP,TX,ASW,CE,Towers with Radar,12,53,45,51,161,1,2,59,0,62,13,55,104,51,223,11,249,260,483
01/18/2003,CRP,TX,ASW,CE,Towers with Radar,6,41,19,18,84,0,6,59,0,65,6,47,78,18,149,8,22,30,179
01/19/2003,CRP,TX,ASW,CE,Towers with Radar,9,44,22,51,126,0,4,35,0,39,9,48,57,51,165,0,79,79,244
01/20/2003,CRP,TX,ASW,CE,Towers with Radar,13,50,35,27,125,0,1,31,0,32,13,51,66,27,157,6,107,113,270
01/21/2003,CRP,TX,ASW,CE,Towers with Radar,12,42,34,30,118,0,7,56,0,63,12,49,90,30,181,8,328,336,517
01/22/2003,CRP,TX,ASW,CE,Towers with Radar,12,48,73,37,170,0,2,0,0,2,12,50,73,37,172,26,141,167,339
01/23/2003,CRP,TX,ASW,CE,Towers with Radar,13,60,54,24,151,0,4,48,0,52,13,64,102,24,203,38,239,277,480
01/24/2003,CRP,TX,ASW,CE,Towers with Radar,11,45,62,22,140,0,1,14,0,15,11,46,76,22,155,22,59,81,236
01/25/2003,CRP,TX,ASW,CE,Towers with Radar,7,34,15,0,56,0,1,0,0,1,7,35,15,0,57,0,0,0,57
01/26/2003,CRP,TX,ASW,CE,Towers with Radar,9,44,23,4,80,0,5,0,0,5,9,49,23,4,85,6,0,6,91
01/27/2003,CRP,TX,ASW,CE,Towers with Radar,14,45,27,7,93,0,0,2,0,2,14,45,29,7,95,0,26,26,121
01/28/2003,CRP,TX,ASW,CE,Towers with Radar,13,41,49,16,119,0,1,2,0,3,13,42,51,16,122,6,69,75,197
01/29/2003,CRP,TX,ASW,CE,Towers with Radar,14,37,34,32,117,0,1,11,0,12,14,38,45,32,129,25,204,229,358
01/30/2003,CRP,TX,ASW,CE,Towers with Radar,13,43,38,31,125,0,7,40,0,47,13,50,78,31,172,68,190,258,430
01/31/2003,CRP,TX,ASW,CE,Towers with Radar,11,48,72,25,156,0,4,31,0,35,11,52,103,25,191,23,250,273,464
02/01/2003,CRP,TX,ASW,CE,Towers with Radar,6,39,39,8,92,1,1,35,0,37,7,40,74,8,129,48,4,52,181
02/02/2003,CRP,TX,ASW,CE,Towers with Radar,6,28,26,18,78,5,14,26,0,45,11,42,52,18,123,44,14,58,181
02/03/2003,CRP,TX,ASW,CE,Towers with Radar,11,45,42,14,112,1,4,26,0,31,12,49,68,14,143,32,162,194,337
02/04/2003,CRP,TX,ASW,CE,Towers with Radar,12,53,31,35,131,0,0,56,0,56,12,53,87,35,187,20,148,168,355
02/05/2003,CRP,TX,ASW,CE,Towers with Radar,12,48,46,13,119,0,2,9,0,11,12,50,55,13,130,6,328,334,464
02/06/2003,CRP,TX,ASW,CE,Towers with Radar,14,49,58,23,144,0,1,10,0,11,14,50,68,23,155,16,106,122,277
02/07/2003,CRP,TX,ASW,CE,Towers with Radar,12,58,47,9,126,0,0,0,0,0,12,58,47,9,126,12,40,52,178
02/08/2003,CRP,TX,ASW,CE,Towers with Radar,7,35,15,5,62,0,2,0,0,2,7,37,15,5,64,0,4,4,68
02/09/2003,CRP,TX,ASW,CE,Towers with Radar,9,38,33,6,86,0,0,9,3,12,9,38,42,9,98,34,0,34,132
02/10/2003,CRP,TX,ASW,CE,Towers with Radar,13,43,34,36,126,0,6,49,0,55,13,49,83,36,181,6,145,151,332
02/11/2003,CRP,TX,ASW,CE,Towers with Radar,11,52,66,46,175,0,0,24,0,24,11,52,90,46,199,55,361,416,615
02/12/2003,CRP,TX,ASW,CE,Towers with Radar,12,50,63,29,154,0,3,0,0,3,12,53,63,29,157,34,93,127,284
02/13/2003,CRP,TX,ASW,CE,Towers with Radar,14,48,46,25,133,0,4,7,0,11,14,52,53,25,144,0,98,98,242
02/14/2003,CRP,TX,ASW,CE,Towers with Radar,14,57,38,42,151,0,3,8,0,11,14,60,46,42,162,4,106,110,272
02/15/2003,CRP,TX,ASW,CE,Towers with Radar,7,35,12,21,75,0,0,29,0,29,7,35,41,21,104,52,82,134,238
02/16/2003,CRP,TX,ASW,CE,Towers with Radar,9,41,12,10,72,0,3,38,8,49,9,44,50,18,121,4,44,48,169
02/17/2003,CRP,TX,ASW,CE,Towers with Radar,12,44,21,20,97,0,1,57,0,58,12,45,78,20,155,52,30,82,237
02/18/2003,CRP,TX,ASW,CE,Towers with Radar,12,41,49,27,129,0,6,36,0,42,12,47,85,27,171,25,144,169,340
02/19/2003,CRP,TX,ASW,CE,Towers with Radar,13,47,62,34,156,0,6,12,0,18,13,53,74,34,174,18,261,279,453
02/20/2003,CRP,TX,ASW,CE,Towers with Radar,12,48,50,27,137,0,0,0,0,0,12,48,50,27,137,6,142,148,285
02/21/2003,CRP,TX,ASW,CE,Towers with Radar,19,54,40,21,134,0,0,9,0,9,19,54,49,21,143,2,75,77,220
02/22/2003,CRP,TX,ASW,CE,Towers with Radar,7,32,34,18,91,0,3,42,15,60,7,35,76,33,151,19,5,24,175
02/23/2003,CRP,TX,ASW,CE,Towers with Radar,9,33,22,31,95,0,3,31,0,34,9,36,53,31,129,19,33,52,181
02/24/2003,CRP,TX,ASW,CE,Towers with Radar,12,43,64,35,154,0,0,1,0,1,12,43,65,35,155,16,118,134,289
02/25/2003,CRP,TX,ASW,CE,Towers with Radar,14,32,29,2,77,0,0,5,2,7,14,32,34,4,84,0,0,0,84
02/26/2003,CRP,TX,ASW,CE,Towers with Radar,12,49,44,8,113,0,1,3,0,4,12,50,47,8,117,0,52,52,169
02/27/2003,CRP,TX,ASW,CE,Towers with Radar,12,51,58,40,161,0,0,4,0,4,12,51,62,40,165,10,236,246,411
02/28/2003,CRP,TX,ASW,CE,Towers with Radar,15,48,71,49,183,0,5,0,0,5,15,53,71,49,188,12,70,82,270
03/01/2003,CRP,TX,ASW,CE,Towers with Radar,3,20,16,13,52,3,16,5,0,24,6,36,21,13,76,0,2,2,78
03/02/2003,CRP,TX,ASW,CE,Towers with Radar,6,23,20,23,72,5,19,20,0,44,11,42,40,23,116,4,6,10,126
03/03/2003,CRP,TX,ASW,CE,Towers with Radar,10,35,27,7,79,4,8,0,0,12,14,43,27,7,91,2,120,122,213
03/04/2003,CRP,TX,ASW,CE,Towers with Radar,12,42,37,6,97,2,0,19,0,21,14,42,56,6,118,4,58,62,180
03/05/2003,CRP,TX,ASW,CE,Towers with Radar,8,26,21,1,56,2,12,6,0,20,10,38,27,1,76,20,6,26,102
03/06/2003,CRP,TX,ASW,CE,Towers with Radar,14,52,52,26,144,0,0,37,0,37,14,52,89,26,181,52,206,258,439
03/07/2003,CRP,TX,ASW,CE,Towers with Radar,14,49,47,46,156,0,0,56,0,56,14,49,103,46,212,48,133,181,393
03/08/2003,CRP,TX,ASW,CE,Towers with Radar,7,40,37,27,111,0,0,18,0,18,7,40,55,27,129,61,77,138,267
03/09/2003,CRP,TX,ASW,CE,Towers with Radar,7,24,20,13,64,4,14,22,0,40,11,38,42,13,104,56,38,94,198
03/10/2003,CRP,TX,ASW,CE,Towers with Radar,13,42,45,42,142,0,0,9,0,9,13,42,54,42,151,24,118,142,293
03/11/2003,CRP,TX,ASW,CE,Towers with Radar,12,43,48,23,126,0,0,5,0,5,12,43,53,23,131,0,124,124,255
03/12/2003,CRP,TX,ASW,CE,Towers with Radar,14,50,44,40,148,0,0,13,0,13,14,50,57,40,161,12,179,191,352
03/13/2003,CRP,TX,ASW,CE,Towers with Radar,14,42,49,63,168,0,4,14,0,18,14,46,63,63,186,18,350,368,554
03/14/2003,CRP,TX,ASW,CE,Towers with Radar,14,53,46,51,164,0,1,28,0,29,14,54,74,51,193,88,253,341,534
03/15/2003,CRP,TX,ASW,CE,Towers with Radar,6,19,17,7,49,1,22,11,0,34,7,41,28,7,83,0,2,2,85
03/16/2003,CRP,TX,ASW,CE,Towers with Radar,7,22,18,28,75,4,14,42,0,60,11,36,60,28,135,47,89,136,271
03/17/2003,CRP,TX,ASW,CE,Towers with Radar,14,47,48,35,144,0,0,7,0,7,14,47,55,35,151,55,116,171,322
03/18/2003,CRP,TX,ASW,CE,Towers with Radar,17,50,53,51,171,0,0,41,0,41,17,50,94,51,212,4,220,224,436
03/19/2003,CRP,TX,ASW,CE,Towers with Radar,16,48,48,25,137,0,0,32,0,32,16,48,80,25,169,8,228,236,405
03/20/2003,CRP,TX,ASW,CE,Towers with Radar,15,45,44,28,132,1,0,56,0,57,16,45,100,28,189,36,219,255,444
03/21/2003,CRP,TX,ASW,CE,Towers with Radar,13,48,43,45,149,0,0,43,0,43,13,48,86,45,192,0,168,168,360
03/22/2003,CRP,TX,ASW,CE,Towers with Radar,5,15,12,5,37,2,20,16,0,38,7,35,28,5,75,0,3,3,78
03/23/2003,CRP,TX,ASW,CE,Towers with Radar,5,20,17,10,52,6,16,76,0,98,11,36,93,10,150,24,21,45,195
03/24/2003,CRP,TX,ASW,CE,Towers with Radar,14,42,45,35,136,0,0,18,0,18,14,42,63,35,154,0,152,152,306
03/25/2003,CRP,TX,ASW,CE,Towers with Radar,14,50,53,43,160,0,0,28,0,28,14,50,81,43,188,24,343,367,555
03/26/2003,CRP,TX,ASW,CE,Towers with Radar,14,53,46,35,148,0,0,68,0,68,14,53,114,35,216,2,173,175,391
03/27/2003,CRP,TX,ASW,CE,Towers with Radar,14,47,54,42,157,0,0,60,0,60,14,47,114,42,217,12,164,176,393
03/28/2003,CRP,TX,ASW,CE,Towers with Radar,14,50,43,50,157,0,1,30,0,31,14,51,73,50,188,9,204,213,401
03/29/2003,CRP,TX,ASW,CE,Towers with Radar,5,18,16,28,67,2,21,39,0,62,7,39,55,28,129,14,92,106,235
03/30/2003,CRP,TX,ASW,CE,Towers with Radar,5,18,15,26,64,6,22,72,0,100,11,40,87,26,164,36,48,84,248
03/31/2003,CRP,TX,ASW,CE,Towers with Radar,15,49,45,58,167,0,0,27,0,27,15,49,72,58,194,3,408,411,605
04/01/2003,CRP,TX,ASW,CE,Towers with Radar,14,43,15,53,125,0,4,39,0,43,14,47,54,53,168,4,288,292,460
04/02/2003,CRP,TX,ASW,CE,Towers with Radar,15,41,32,41,129,0,4,40,0,44,15,45,72,41,173,0,254,254,427
04/03/2003,CRP,TX,ASW,CE,Towers with Radar,14,41,48,55,158,0,1,40,0,41,14,42,88,55,199,0,121,121,320
04/04/2003,CRP,TX,ASW,CE,Towers with Radar,14,44,48,22,128,0,10,32,0,42,14,54,80,22,170,20,20,40,210
04/05/2003,CRP,TX,ASW,CE,Towers with Radar,10,35,29,27,101,0,2,24,0,26,10,37,53,27,127,0,21,21,148
04/06/2003,CRP,TX,ASW,CE,Towers with Radar,10,34,33,19,96,0,3,8,0,11,10,37,41,19,107,50,59,109,216
04/07/2003,CRP,TX,ASW,CE,Towers with Radar,15,43,57,14,129,0,1,0,0,1,15,44,57,14,130,8,66,74,204
04/08/2003,CRP,TX,ASW,CE,Towers with Radar,15,37,37,39,128,0,3,25,0,28,15,40,62,39,156,0,220,220,376
04/09/2003,CRP,TX,ASW,CE,Towers with Radar,15,38,47,34,134,0,3,79,0,82,15,41,126,34,216,29,233,262,478
04/10/2003,CRP,TX,ASW,CE,Towers with Radar,14,43,18,34,109,0,2,65,0,67,14,45,83,34,176,4,353,357,533
04/11/2003,CRP,TX,ASW,CE,Towers with Radar,13,40,42,29,124,0,9,63,0,72,13,49,105,29,196,17,276,293,489
04/12/2003,CRP,TX,ASW,CE,Towers with Radar,8,35,15,16,74,0,5,60,0,65,8,40,75,16,139,18,44,62,201
04/13/2003,CRP,TX,ASW,CE,Towers with Radar,10,36,17,16,79,0,4,61,0,65,10,40,78,16,144,15,114,129,273
04/14/2003,CRP,TX,ASW,CE,Towers with Radar,15,38,43,17,113,0,9,38,0,47,15,47,81,17,160,4,262,266,426
04/15/2003,CRP,TX,ASW,CE,Towers with Radar,13,39,44,28,124,0,2,11,0,13,13,41,55,28,137,13,156,169,306
04/16/2003,CRP,TX,ASW,CE,Towers with Radar,15,42,68,32,157,0,5,16,0,21,15,47,84,32,178,22,177,199,377
04/17/2003,CRP,TX,ASW,CE,Towers with Radar,13,41,67,43,164,0,2,46,0,48,13,43,113,43,212,36,175,211,423
04/18/2003,CRP,TX,ASW,CE,Towers with Radar,14,45,52,24,135,0,5,17,0,22,14,50,69,24,157,8,174,182,339
04/19/2003,CRP,TX,ASW,CE,Towers with Radar,8,34,22,6,70,0,4,6,0,10,8,38,28,6,80,0,19,19,99
04/20/2003,CRP,TX,ASW,CE,Towers with Radar,10,32,32,8,82,0,4,5,0,9,10,36,37,8,91,20,8,28,119
04/21/2003,CRP,TX,ASW,CE,Towers with Radar,14,41,76,8,139,0,1,0,0,1,14,42,76,8,140,21,36,57,197
04/22/2003,CRP,TX,ASW,CE,Towers with Radar,15,40,68,36,159,0,0,8,0,8,15,40,76,36,167,10,180,190,357
04/23/2003,CRP,TX,ASW,CE,Towers with Radar,13,38,88,28,167,0,2,0,0,2,13,40,88,28,169,33,146,179,348
04/24/2003,CRP,TX,ASW,CE,Towers with Radar,15,47,59,13,134,0,6,18,0,24,15,53,77,13,158,10,75,85,243
04/25/2003,CRP,TX,ASW,CE,Towers with Radar,14,40,47,39,140,0,3,79,0,82,14,43,126,39,222,17,100,117,339
04/26/2003,CRP,TX,ASW,CE,Towers with Radar,8,39,20,17,84,0,2,86,21,109,8,41,106,38,193,45,74,119,312
04/27/2003,CRP,TX,ASW,CE,Towers with Radar,11,30,17,25,83,0,6,71,5,82,11,36,88,30,165,39,48,87,252
04/28/2003,CRP,TX,ASW,CE,Towers with Radar,13,51,39,35,138,0,3,22,0,25,13,54,61,35,163,54,306,360,523
04/29/2003,CRP,TX,ASW,CE,Towers with Radar,14,40,69,30,153,0,0,9,0,9,14,40,78,30,162,4,134,138,300
04/30/2003,CRP,TX,ASW,CE,Towers with Radar,15,42,72,34,163,0,2,0,0,2,15,44,72,34,165,23,209,232,397
05/01/2003,CRP,TX,ASW,CE,Towers with Radar,14,47,85,20,166,0,5,0,0,5,14,52,85,20,171,40,70,110,281
05/02/2003,CRP,TX,ASW,CE,Towers with Radar,14,45,68,32,159,0,9,0,0,9,14,54,68,32,168,12,299,311,479
05/03/2003,CRP,TX,ASW,CE,Towers with Radar,7,35,48,28,118,0,1,8,7,16,7,36,56,35,134,16,243,259,393
05/04/2003,CRP,TX,ASW,CE,Towers with Radar,11,38,39,30,118,0,3,10,6,19,11,41,49,36,137,6,138,144,281
05/05/2003,CRP,TX,ASW,CE,Towers with Radar,16,37,45,25,123,0,3,16,0,19,16,40,61,25,142,47,85,132,274
05/06/2003,CRP,TX,ASW,CE,Towers with Radar,14,44,61,36,155,0,3,30,0,33,14,47,91,36,188,85,113,198,386
05/07/2003,CRP,TX,ASW,CE,Towers with Radar,14,44,58,39,155,0,1,27,0,28,14,45,85,39,183,35,244,279,462
05/08/2003,CRP,TX,ASW,CE,Towers with Radar,14,46,56,23,139,0,7,23,0,30,14,53,79,23,169,26,115,141,310
05/09/2003,CRP,TX,ASW,CE,Towers with Radar,14,44,39,37,134,0,2,18,0,20,14,46,57,37,154,22,39,61,215
05/10/2003,CRP,TX,ASW,CE,Towers with Radar,7,30,32,37,106,0,6,8,0,14,7,36,40,37,120,14,313,327,447
05/11/2003,CRP,TX,ASW,CE,Towers with Radar,13,40,22,33,108,0,3,13,0,16,13,43,35,33,124,4,116,120,244
05/12/2003,CRP,TX,ASW,CE,Towers with Radar,14,42,53,39,148,0,10,26,0,36,14,52,79,39,184,26,314,340,524
05/13/2003,CRP,TX,ASW,CE,Towers with Radar,14,43,53,38,148,0,9,54,0,63,14,52,107,38,211,75,408,483,694
05/14/2003,CRP,TX,ASW,CE,Towers with Radar,16,45,68,43,172,0,3,22,0,25,16,48,90,43,197,12,563,575,772
05/15/2003,CRP,TX,ASW,CE,Towers with Radar,18,43,51,52,164,0,7,28,0,35,18,50,79,52,199,28,217,245,444
05/16/2003,CRP,TX,ASW,CE,Towers with Radar,14,43,44,32,133,0,1,40,0,41,14,44,84,32,174,14,219,233,407
05/17/2003,CRP,TX,ASW,CE,Towers with Radar,7,36,33,26,102,0,5,23,8,36,7,41,56,34,138,4,8,12,150
05/18/2003,CRP,TX,ASW,CE,Towers with Radar,16,31,32,9,88,0,2,68,0,70,16,33,100,9,158,21,71,92,250
05/19/2003,CRP,TX,ASW,CE,Towers with Radar,14,38,37,25,114,0,4,54,0,58,14,42,91,25,172,32,249,281,453
05/20/2003,CRP,TX,ASW,CE,Towers with Radar,14,52,51,30,147,0,0,40,0,40,14,52,91,30,187,30,188,218,405
05/21/2003,CRP,TX,ASW,CE,Towers with Radar,14,54,53,20,141,0,0,42,0,42,14,54,95,20,183,47,251,298,481
05/22/2003,CRP,TX,ASW,CE,Towers with Radar,14,46,55,29,144,0,3,38,0,41,14,49,93,29,185,5,112,117,302
05/23/2003,CRP,TX,ASW,CE,Towers with Radar,16,41,44,42,143,0,5,56,0,61,16,46,100,42,204,59,176,235,439
05/24/2003,CRP,TX,ASW,CE,Towers with Radar,7,32,16,10,65,0,3,77,5,85,7,35,93,15,150,85,62,147,297
05/25/2003,CRP,TX,ASW,CE,Towers with Radar,10,23,8,13,54,0,9,48,3,60,10,32,56,16,114,24,42,66,180
05/26/2003,CRP,TX,ASW,CE,Towers with Radar,10,34,34,29,107,0,7,31,0,38,10,41,65,29,145,28,105,133,278
05/27/2003,CRP,TX,ASW,CE,Towers with Radar,14,44,43,18,119,0,14,31,0,45,14,58,74,18,164,11,228,239,403
05/28/2003,CRP,TX,ASW,CE,Towers with Radar,14,40,52,27,133,0,7,40,0,47,14,47,92,27,180,21,311,332,512
05/29/2003,CRP,TX,ASW,CE,Towers with Radar,14,47,51,16,128,0,0,84,0,84,14,47,135,16,212,81,269,350,562
05/30/2003,CRP,TX,ASW,CE,Towers with Radar,14,44,49,28,135,0,5,54,0,59,14,49,103,28,194,60,345,405,599
05/31/2003,CRP,TX,ASW,CE,Towers with Radar,11,41,24,20,96,0,0,64,10,74,11,41,88,30,170,60,23,83,253
06/01/2003,CRP,TX,ASW,CE,Towers with Radar,11,35,27,21,94,0,0,71,1,72,11,35,98,22,166,68,30,98,264
06/02/2003,CRP,TX,ASW,CE,Towers with Radar,11,40,36,35,122,0,1,32,0,33,11,41,68,35,155,46,176,222,377
06/03/2003,CRP,TX,ASW,CE,Towers with Radar,15,51,42,26,134,0,4,39,0,43,15,55,81,26,177,51,370,421,598
06/04/2003,CRP,TX,ASW,CE,Towers with Radar,13,48,40,31,132,0,0,50,0,50,13,48,90,31,182,44,343,387,569
06/05/2003,CRP,TX,ASW,CE,Towers with Radar,16,46,21,7,90,0,1,24,0,25,16,47,45,7,115,5,86,91,206
06/06/2003,CRP,TX,ASW,CE,Towers with Radar,14,45,35,31,125,0,4,40,0,44,14,49,75,31,169,46,128,174,343
06/07/2003,CRP,TX,ASW,CE,Towers with Radar,8,42,36,26,112,0,0,56,3,59,8,42,92,29,171,79,110,189,360
06/08/2003,CRP,TX,ASW,CE,Towers with Radar,10,43,45,29,127,0,0,34,0,34,10,43,79,29,161,40,176,216,377
06/09/2003,CRP,TX,ASW,CE,Towers with Radar,14,40,29,29,112,0,1,46,0,47,14,41,75,29,159,14,285,299,458
06/10/2003,CRP,TX,ASW,CE,Towers with Radar,14,43,25,15,97,0,1,33,0,34,14,44,58,15,131,0,69,69,200
06/11/2003,CRP,TX,ASW,CE,Towers with Radar,14,43,57,25,139,0,4,50,0,54,14,47,107,25,193,0,418,418,611
06/12/2003,CRP,TX,ASW,CE,Towers with Radar,14,43,53,47,157,0,11,33,0,44,14,54,86,47,201,16,296,312,513
06/13/2003,CRP,TX,ASW,CE,Towers with Radar,24,42,52,49,167,0,7,28,0,35,24,49,80,49,202,15,213,228,430
06/14/2003,CRP,TX,ASW,CE,Towers with Radar,16,33,26,39,114,0,0,38,5,43,16,33,64,44,157,8,67,75,232
06/15/2003,CRP,TX,ASW,CE,Towers with Radar,11,31,19,22,83,0,0,37,0,37,11,31,56,22,120,48,30,78,198
06/16/2003,CRP,TX,ASW,CE,Towers with Radar,16,43,32,28,119,0,4,45,0,49,16,47,77,28,168,19,180,199,367
06/17/2003,CRP,TX,ASW,CE,Towers with Radar,15,45,56,44,160,0,1,46,0,47,15,46,102,44,207,55,235,290,497
06/18/2003,CRP,TX,ASW,CE,Towers with Radar,14,53,37,33,137,0,5,68,0,73,14,58,105,33,210,66,203,269,479
06/19/2003,CRP,TX,ASW,CE,Towers with Radar,13,45,53,39,150,0,5,75,0,80,13,50,128,39,230,84,318,402,632
06/20/2003,CRP,TX,ASW,CE,Towers with Radar,14,45,35,48,142,0,3,81,0,84,14,48,116,48,226,66,256,322,548
06/21/2003,CRP,TX,ASW,CE,Towers with Radar,9,37,23,13,82,0,1,60,7,68,9,38,83,20,150,23,129,152,302
06/22/2003,CRP,TX,ASW,CE,Towers with Radar,13,30,25,16,84,0,0,76,0,76,13,30,101,16,160,33,8,41,201
06/23/2003,CRP,TX,ASW,CE,Towers with Radar,14,41,51,31,137,0,3,44,0,47,14,44,95,31,184,64,215,279,463
06/24/2003,CRP,TX,ASW,CE,Towers with Radar,15,49,42,32,138,1,2,60,0,63,16,51,102,32,201,0,284,284,485
06/25/2003,CRP,TX,ASW,CE,Towers with Radar,17,39,55,38,149,0,5,46,0,51,17,44,101,38,200,20,182,202,402
06/26/2003,CRP,TX,ASW,CE,Towers with Radar,13,42,44,64,163,0,3,45,0,48,13,45,89,64,211,30,331,361,572
06/27/2003,CRP,TX,ASW,CE,Towers with Radar,15,41,45,34,135,0,3,29,0,32,15,44,74,34,167,6,194,200,367
06/28/2003,CRP,TX,ASW,CE,Towers with Radar,8,33,28,27,96,0,3,45,0,48,8,36,73,27,144,50,79,129,273
06/29/2003,CRP,TX,ASW,CE,Towers with Radar,13,29,16,42,100,0,3,47,0,50,13,32,63,42,150,22,102,124,274
06/30/2003,CRP,TX,ASW,CE,Towers with Radar,14,39,34,18,105,0,3,42,0,45,14,42,76,18,150,14,134,148,298
07/01/2003,CRP,TX,ASW,CE,Towers with Radar,14,46,36,46,142,0,0,38,0,38,14,46,74,46,180,25,240,265,445
07/02/2003,CRP,TX,ASW,CE,Towers with Radar,14,46,43,40,143,0,3,34,0,37,14,49,77,40,180,20,236,256,436
07/03/2003,CRP,TX,ASW,CE,Towers with Radar,14,42,36,12,104,0,1,24,6,31,14,43,60,18,135,18,39,57,192
07/04/2003,CRP,TX,ASW,CE,Towers with Radar,8,32,10,4,54,0,0,8,0,8,8,32,18,4,62,0,0,0,62
07/05/2003,CRP,TX,ASW,CE,Towers with Radar,7,31,12,10,60,0,1,11,0,12,7,32,23,10,72,6,4,10,82
07/06/2003,CRP,TX,ASW,CE,Towers with Radar,11,34,20,13,78,0,3,21,0,24,11,37,41,13,102,4,19,23,125
07/07/2003,CRP,TX,ASW,CE,Towers with Radar,16,42,36,30,124,0,4,19,0,23,16,46,55,30,147,8,298,306,453
07/08/2003,CRP,TX,ASW,CE,Towers with Radar,14,41,34,32,121,0,3,15,0,18,14,44,49,32,139,0,185,185,324
07/09/2003,CRP,TX,ASW,CE,Towers with Radar,18,46,44,36,144,0,2,27,0,29,18,48,71,36,173,7,404,411,584
07/10/2003,CRP,TX,ASW,CE,Towers with Radar,15,50,25,42,132,0,0,47,0,47,15,50,72,42,179,20,327,347,526
07/11/2003,CRP,TX,ASW,CE,Towers with Radar,13,49,50,27,139,0,2,62,0,64,13,51,112,27,203,30,135,165,368
07/12/2003,CRP,TX,ASW,CE,Towers with Radar,9,30,16,17,72,0,4,55,0,59,9,34,71,17,131,58,34,92,223
07/13/2003,CRP,TX,ASW,CE,Towers with Radar,12,35,26,4,77,0,5,50,0,55,12,40,76,4,132,9,2,11,143
07/14/2003,CRP,TX,ASW,CE,Towers with Radar,14,37,24,6,81,0,2,41,0,43,14,39,65,6,124,2,9,11,135
07/15/2003,CRP,TX,ASW,CE,Towers with Radar,11,19,1,0,31,0,2,6,0,8,11,21,7,0,39,0,0,0,39
07/16/2003,CRP,TX,ASW,CE,Towers with Radar,13,37,19,2,71,0,8,11,4,23,13,45,30,6,94,0,0,0,94
07/17/2003,CRP,TX,ASW,CE,Towers with Radar,15,39,52,30,136,0,2,8,0,10,15,41,60,30,146,44,69,113,259
07/18/2003,CRP,TX,ASW,CE,Towers with Radar,14,49,50,31,144,0,1,46,0,47,14,50,96,31,191,49,259,308,499
07/19/2003,CRP,TX,ASW,CE,Towers with Radar,9,41,21,20,91,0,7,40,16,63,9,48,61,36,154,56,18,74,228
07/20/2003,CRP,TX,ASW,CE,Towers with Radar,11,29,24,45,109,1,3,67,0,71,12,32,91,45,180,18,90,108,288
07/21/2003,CRP,TX,ASW,CE,Towers with Radar,15,45,37,53,150,1,0,67,0,68,16,45,104,53,218,32,164,196,414
07/22/2003,CRP,TX,ASW,CE,Towers with Radar,15,52,35,59,161,0,4,60,0,64,15,56,95,59,225,26,317,343,568
07/23/2003,CRP,TX,ASW,CE,Towers with Radar,17,53,33,54,157,0,5,56,0,61,17,58,89,54,218,10,300,310,528
07/24/2003,CRP,TX,ASW,CE,Towers with Radar,17,41,35,33,126,0,10,58,0,68,17,51,93,33,194,12,247,259,453
07/25/2003,CRP,TX,ASW,CE,Towers with Radar,20,45,38,79,182,0,6,58,0,64,20,51,96,79,246,0,369,369,615
07/26/2003,CRP,TX,ASW,CE,Towers with Radar,10,35,35,41,121,0,4,30,0,34,10,39,65,41,155,14,184,198,353
07/27/2003,CRP,TX,ASW,CE,Towers with Radar,14,38,13,37,102,0,0,30,0,30,14,38,43,37,132,16,150,166,298
07/28/2003,CRP,TX,ASW,CE,Towers with Radar,14,49,32,21,116,0,0,31,0,31,14,49,63,21,147,31,115,146,293
07/29/2003,CRP,TX,ASW,CE,Towers with Radar,14,42,47,36,139,0,6,46,0,52,14,48,93,36,191,18,448,466,657
07/30/2003,CRP,TX,ASW,CE,Towers with Radar,14,43,38,60,155,0,3,34,0,37,14,46,72,60,192,60,317,377,569
07/31/2003,CRP,TX,ASW,CE,Towers with Radar,14,57,43,51,165,0,0,67,0,67,14,57,110,51,232,61,253,314,546
08/01/2003,CRP,TX,ASW,CE,Towers with Radar,13,41,39,56,149,0,2,62,0,64,13,43,101,56,213,28,239,267,480
08/02/2003,CRP,TX,ASW,CE,Towers with Radar,10,40,23,23,96,0,3,48,2,53,10,43,71,25,149,7,32,39,188
08/03/2003,CRP,TX,ASW,CE,Towers with Radar,12,26,13,23,74,0,5,46,0,51,12,31,59,23,125,0,18,18,143
08/04/2003,CRP,TX,ASW,CE,Towers with Radar,15,35,26,45,121,0,3,37,0,40,15,38,63,45,161,9,254,263,424
08/05/2003,CRP,TX,ASW,CE,Towers with Radar,14,45,40,35,134,0,8,51,0,59,14,53,91,35,193,28,449,477,670
08/06/2003,CRP,TX,ASW,CE,Towers with Radar,14,45,39,34,132,0,6,41,0,47,14,51,80,34,179,23,259,282,461
08/07/2003,CRP,TX,ASW,CE,Towers with Radar,14,39,39,43,135,0,2,59,0,61,14,41,98,43,196,4,331,335,531
08/08/2003,CRP,TX,ASW,CE,Towers with Radar,11,53,40,29,133,0,2,47,0,49,11,55,87,29,182,16,57,73,255
08/09/2003,CRP,TX,ASW,CE,Towers with Radar,11,37,6,25,79,0,4,67,0,71,11,41,73,25,150,10,30,40,190
08/10/2003,CRP,TX,ASW,CE,Towers with Radar,12,33,16,18,79,0,6,42,0,48,12,39,58,18,127,6,80,86,213
08/11/2003,CRP,TX,ASW,CE,Towers with Radar,19,38,34,25,116,0,0,29,0,29,19,38,63,25,145,6,232,238,383
08/12/2003,CRP,TX,ASW,CE,Towers with Radar,14,37,47,32,130,0,1,31,0,32,14,38,78,32,162,18,241,259,421
08/13/2003,CRP,TX,ASW,CE,Towers with Radar,15,49,36,39,139,0,3,41,0,44,15,52,77,39,183,0,339,339,522
08/14/2003,CRP,TX,ASW,CE,Towers with Radar,13,44,40,11,108,0,4,10,0,14,13,48,50,11,122,0,139,139,261
08/15/2003,CRP,TX,ASW,CE,Towers with Radar,16,43,27,18,104,0,4,46,0,50,16,47,73,18,154,24,23,47,201
08/16/2003,CRP,TX,ASW,CE,Towers with Radar,9,27,9,3,48,0,10,7,0,17,9,37,16,3,65,2,4,6,71
08/17/2003,CRP,TX,ASW,CE,Towers with Radar,12,28,24,33,97,0,1,26,0,27,12,29,50,33,124,16,120,136,260
08/18/2003,CRP,TX,ASW,CE,Towers with Radar,15,48,34,38,135,0,3,48,0,51,15,51,82,38,186,22,336,358,544
08/19/2003,CRP,TX,ASW,CE,Towers with Radar,13,40,26,37,116,0,3,64,0,67,13,43,90,37,183,20,189,209,392
08/20/2003,CRP,TX,ASW,CE,Towers with Radar,14,43,45,42,144,0,2,53,0,55,14,45,98,42,199,16,251,267,466
08/21/2003,CRP,TX,ASW,CE,Towers with Radar,13,44,47,29,133,0,5,69,0,74,13,49,116,29,207,6,314,320,527
08/22/2003,CRP,TX,ASW,CE,Towers with Radar,14,47,40,37,138,0,3,47,0,50,14,50,87,37,188,26,246,272,460
08/23/2003,CRP,TX,ASW,CE,Towers with Radar,9,40,19,18,86,0,1,35,0,36,9,41,54,18,122,8,46,54,176
08/24/2003,CRP,TX,ASW,CE,Towers with Radar,11,32,18,19,80,0,5,35,0,40,11,37,53,19,120,24,10,34,154
08/25/2003,CRP,TX,ASW,CE,Towers with Radar,15,39,40,40,134,0,3,18,0,21,15,42,58,40,155,17,197,214,369
08/26/2003,CRP,TX,ASW,CE,Towers with Radar,13,42,44,67,166,0,5,38,0,43,13,47,82,67,209,30,179,209,418
08/27/2003,CRP,TX,ASW,CE,Towers with Radar,14,41,29,56,140,0,6,41,0,47,14,47,70,56,187,39,209,248,435
08/28/2003,CRP,TX,ASW,CE,Towers with Radar,15,43,42,52,152,0,2,59,0,61,15,45,101,52,213,12,270,282,495
08/29/2003,CRP,TX,ASW,CE,Towers with Radar,13,49,42,29,133,0,9,60,0,69,13,58,102,29,202,45,83,128,330
08/30/2003,CRP,TX,ASW,CE,Towers with Radar,10,37,21,15,83,0,6,23,0,29,10,43,44,15,112,11,27,38,150
08/31/2003,CRP,TX,ASW,CE,Towers with Radar,7,24,13,18,62,0,3,19,0,22,7,27,32,18,84,0,19,19,103
09/01/2003,CRP,TX,ASW,CE,Towers with Radar,9,39,9,19,76,0,4,20,0,24,9,43,29,19,100,14,26,40,140
09/02/2003,CRP,TX,ASW,CE,Towers with Radar,16,45,33,27,121,0,4,17,0,21,16,49,50,27,142,4,259,263,405
09/03/2003,CRP,TX,ASW,CE,Towers with Radar,16,42,46,35,139,0,5,35,0,40,16,47,81,35,179,37,265,302,481
09/04/2003,CRP,TX,ASW,CE,Towers with Radar,14,48,43,31,136,0,6,22,0,28,14,54,65,31,164,10,85,95,259
09/05/2003,CRP,TX,ASW,CE,Towers with Radar,16,44,50,49,159,0,0,33,0,33,16,44,83,49,192,31,138,169,361
09/06/2003,CRP,TX,ASW,CE,Towers with Radar,10,35,37,28,110,0,2,45,16,63,10,37,82,44,173,41,84,125,298
09/07/2003,CRP,TX,ASW,CE,Towers with Radar,11,30,18,40,99,0,2,57,0,59,11,32,75,40,158,8,98,106,264
09/08/2003,CRP,TX,ASW,CE,Towers with Radar,15,39,39,45,138,0,5,54,0,59,15,44,93,45,197,45,263,308,505
09/09/2003,CRP,TX,ASW,CE,Towers with Radar,14,38,43,48,143,0,5,44,0,49,14,43,87,48,192,14,285,299,491
09/10/2003,CRP,TX,ASW,CE,Towers with Radar,14,44,40,57,155,0,7,42,0,49,14,51,82,57,204,24,172,196,400
09/11/2003,CRP,TX,ASW,CE,Towers with Radar,13,42,55,49,159,0,6,6,0,12,13,48,61,49,171,41,300,341,512
09/12/2003,CRP,TX,ASW,CE,Towers with Radar,14,39,34,31,118,0,0,23,0,23,14,39,57,31,141,0,114,114,255
09/13/2003,CRP,TX,ASW,CE,Towers with Radar,8,37,12,49,106,0,6,40,0,46,8,43,52,49,152,16,127,143,295
09/14/2003,CRP,TX,ASW,CE,Towers with Radar,11,30,13,18,72,0,0,16,0,16,11,30,29,18,88,16,27,43,131
09/15/2003,CRP,TX,ASW,CE,Towers with Radar,14,45,36,27,122,0,7,25,0,32,14,52,61,27,154,8,264,272,426
09/16/2003,CRP,TX,ASW,CE,Towers with Radar,13,42,51,31,137,1,4,27,0,32,14,46,78,31,169,4,171,175,344
09/17/2003,CRP,TX,ASW,CE,Towers with Radar,14,47,60,34,155,0,1,12,0,13,14,48,72,34,168,10,164,174,342
09/18/2003,CRP,TX,ASW,CE,Towers with Radar,14,43,45,11,113,0,2,4,0,6,14,45,49,11,119,4,34,38,157
09/19/2003,CRP,TX,ASW,CE,Towers with Radar,14,51,49,43,157,0,2,28,0,30,14,53,77,43,187,5,165,170,357
09/20/2003,CRP,TX,ASW,CE,Towers with Radar,8,39,15,4,66,0,0,8,8,16,8,39,23,12,82,9,23,32,114
09/21/2003,CRP,TX,ASW,CE,Towers with Radar,10,37,31,15,93,0,3,0,0,3,10,40,31,15,96,8,20,28,124
09/22/2003,CRP,TX,ASW,CE,Towers with Radar,14,48,50,41,153,0,1,28,0,29,14,49,78,41,182,10,144,154,336
09/23/2003,CRP,TX,ASW,CE,Towers with Radar,14,47,49,32,142,0,4,62,0,66,14,51,111,32,208,18,150,168,376
09/24/2003,CRP,TX,ASW,CE,Towers with Radar,15,42,48,39,144,0,2,77,0,79,15,44,125,39,223,30,392,422,645
09/25/2003,CRP,TX,ASW,CE,Towers with Radar,13,45,27,25,110,0,2,43,0,45,13,47,70,25,155,40,226,266,421
09/26/2003,CRP,TX,ASW,CE,Towers with Radar,14,44,55,34,147,0,5,34,0,39,14,49,89,34,186,60,116,176,362
09/27/2003,CRP,TX,ASW,CE,Towers with Radar,8,38,19,15,80,0,1,49,0,50,8,39,68,15,130,2,30,32,162
09/28/2003,CRP,TX,ASW,CE,Towers with Radar,11,31,12,15,69,0,4,46,6,56,11,35,58,21,125,3,10,13,138
09/29/2003,CRP,TX,ASW,CE,Towers with Radar,14,42,24,23,103,0,5,43,0,48,14,47,67,23,151,8,122,130,281
09/30/2003,CRP,TX,ASW,CE,Towers with Radar,13,40,52,25,130,0,7,40,0,47,13,47,92,25,177,79,385,464,641
10/01/2003,CRP,TX,ASW,CE,Towers with Radar,15,48,37,37,137,0,7,46,0,53,15,55,83,37,190,25,325,350,540
10/02/2003,CRP,TX,ASW,CE,Towers with Radar,13,44,49,22,128,0,2,44,0,46,13,46,93,22,174,47,209,256,430
10/03/2003,CRP,TX,ASW,CE,Towers with Radar,15,45,56,31,147,0,6,51,0,57,15,51,107,31,204,28,127,155,359
10/04/2003,CRP,TX,ASW,CE,Towers with Radar,8,35,30,24,97,0,3,21,0,24,8,38,51,24,121,21,109,130,251
10/05/2003,CRP,TX,ASW,CE,Towers with Radar,11,32,45,24,112,0,4,44,0,48,11,36,89,24,160,52,62,114,274
10/06/2003,CRP,TX,ASW,CE,Towers with Radar,14,41,31,17,103,0,0,26,0,26,14,41,57,17,129,20,283,303,432
10/07/2003,CRP,TX,ASW,CE,Towers with Radar,15,42,53,44,154,0,0,21,0,21,15,42,74,44,175,4,173,177,352
10/08/2003,CRP,TX,ASW,CE,Towers with Radar,17,42,64,22,145,0,1,14,0,15,17,43,78,22,160,14,129,143,303
10/09/2003,CRP,TX,ASW,CE,Towers with Radar,14,48,36,22,120,0,4,24,0,28,14,52,60,22,148,22,199,221,369
10/10/2003,CRP,TX,ASW,CE,Towers with Radar,11,31,16,30,88,0,2,12,0,14,11,33,28,30,102,3,151,154,256
10/11/2003,CRP,TX,ASW,CE,Towers with Radar,9,30,32,33,104,0,4,13,0,17,9,34,45,33,121,22,166,188,309
10/12/2003,CRP,TX,ASW,CE,Towers with Radar,10,41,29,6,86,0,2,5,1,8,10,43,34,7,94,0,3,3,97
10/13/2003,CRP,TX,ASW,CE,Towers with Radar,15,43,35,15,108,0,0,0,0,0,15,43,35,15,108,6,42,48,156
10/14/2003,CRP,TX,ASW,CE,Towers with Radar,13,47,31,26,117,0,1,32,0,33,13,48,63,26,150,36,164,200,350
10/15/2003,CRP,TX,ASW,CE,Towers with Radar,14,43,49,29,135,0,1,75,0,76,14,44,124,29,211,17,225,242,453
10/16/2003,CRP,TX,ASW,CE,Towers with Radar,14,46,44,24,128,0,7,40,0,47,14,53,84,24,175,4,214,218,393
10/17/2003,CRP,TX,ASW,CE,Towers with Radar,14,42,54,29,139,0,6,36,0,42,14,48,90,29,181,15,148,163,344
10/18/2003,CRP,TX,ASW,CE,Towers with Radar,8,36,20,16,80,0,11,66,25,102,8,47,86,41,182,24,187,211,393
10/19/2003,CRP,TX,ASW,CE,Towers with Radar,9,37,31,33,110,0,4,57,0,61,9,41,88,33,171,50,166,216,387
10/20/2003,CRP,TX,ASW,CE,Towers with Radar,14,44,39,33,130,0,1,53,0,54,14,45,92,33,184,32,215,247,431
10/21/2003,CRP,TX,ASW,CE,Towers with Radar,14,42,42,37,135,0,1,52,0,53,14,43,94,37,188,30,244,274,462
10/22/2003,CRP,TX,ASW,CE,Towers with Radar,14,45,56,22,137,0,0,33,0,33,14,45,89,22,170,41,80,121,291
10/23/2003,CRP,TX,ASW,CE,Towers with Radar,15,43,48,19,125,0,5,65,0,70,15,48,113,19,195,47,255,302,497
10/24/2003,CRP,TX,ASW,CE,Towers with Radar,14,41,55,15,125,0,0,45,0,45,14,41,100,15,170,51,84,135,305
10/25/2003,CRP,TX,ASW,CE,Towers with Radar,11,47,23,16,97,0,4,13,3,20,11,51,36,19,117,8,74,82,199
10/26/2003,CRP,TX,ASW,CE,Towers with Radar,12,38,31,15,96,0,2,12,0,14,12,40,43,15,110,4,8,12,122
10/27/2003,CRP,TX,ASW,CE,Towers with Radar,14,45,32,33,124,0,3,39,0,42,14,48,71,33,166,27,158,185,351
10/28/2003,CRP,TX,ASW,CE,Towers with Radar,14,45,42,37,138,0,8,67,0,75,14,53,109,37,213,40,248,288,501
10/29/2003,CRP,TX,ASW,CE,Towers with Radar,14,51,40,51,156,0,0,55,0,55,14,51,95,51,211,35,235,270,481
10/30/2003,CRP,TX,ASW,CE,Towers with Radar,14,44,38,43,139,0,0,36,0,36,14,44,74,43,175,12,388,400,575
10/31/2003,CRP,TX,ASW,CE,Towers with Radar,12,54,62,19,147,0,1,19,0,20,12,55,81,19,167,9,101,110,277
11/01/2003,CRP,TX,ASW,CE,Towers with Radar,7,37,16,12,72,0,1,22,1,24,7,38,38,13,96,0,74,74,170
11/02/2003,CRP,TX,ASW,CE,Towers with Radar,11,36,33,9,89,0,5,23,0,28,11,41,56,9,117,2,4,6,123
11/03/2003,CRP,TX,ASW,CE,Towers with Radar,13,42,29,32,116,0,2,32,0,34,13,44,61,32,150,42,324,366,516
11/04/2003,CRP,TX,ASW,CE,Towers with Radar,14,44,41,29,128,0,0,50,0,50,14,44,91,29,178,20,434,454,632
11/05/2003,CRP,TX,ASW,CE,Towers with Radar,15,44,65,39,163,0,2,30,0,32,15,46,95,39,195,44,370,414,609
11/06/2003,CRP,TX,ASW,CE,Towers with Radar,13,49,63,47,172,0,2,12,0,14,13,51,75,47,186,15,158,173,359
11/07/2003,CRP,TX,ASW,CE,Towers with Radar,14,45,41,32,132,0,0,4,0,4,14,45,45,32,136,0,41,41,177
11/08/2003,CRP,TX,ASW,CE,Towers with Radar,9,40,21,7,77,0,3,0,0,3,9,43,21,7,80,8,0,8,88
11/09/2003,CRP,TX,ASW,CE,Towers with Radar,10,32,25,25,92,0,0,1,0,1,10,32,26,25,93,0,10,10,103
11/10/2003,CRP,TX,ASW,CE,Towers with Radar,16,40,54,32,142,0,0,23,0,23,16,40,77,32,165,41,150,191,356
11/11/2003,CRP,TX,ASW,CE,Towers with Radar,14,40,59,8,121,0,2,20,0,22,14,42,79,8,143,16,32,48,191
11/12/2003,CRP,TX,ASW,CE,Towers with Radar,13,44,47,31,135,0,1,52,0,53,13,45,99,31,188,47,256,303,491
11/13/2003,CRP,TX,ASW,CE,Towers with Radar,14,51,59,46,170,0,3,14,0,17,14,54,73,46,187,4,290,294,481
11/14/2003,CRP,TX,ASW,CE,Towers with Radar,14,47,57,36,154,0,0,28,0,28,14,47,85,36,182,5,121,126,308
11/15/2003,CRP,TX,ASW,CE,Towers with Radar,8,37,22,44,111,0,6,15,0,21,8,43,37,44,132,36,117,153,285
11/16/2003,CRP,TX,ASW,CE,Towers with Radar,12,41,30,34,117,0,4,14,2,20,12,45,44,36,137,18,50,68,205
11/17/2003,CRP,TX,ASW,CE,Towers with Radar,17,34,36,12,99,0,4,4,0,8,17,38,40,12,107,6,137,143,250
11/18/2003,CRP,TX,ASW,CE,Towers with Radar,15,44,28,9,96,0,3,38,0,41,15,47,66,9,137,0,56,56,193
11/19/2003,CRP,TX,ASW,CE,Towers with Radar,15,50,35,33,133,0,4,82,0,86,15,54,117,33,219,18,345,363,582
11/20/2003,CRP,TX,ASW,CE,Towers with Radar,14,42,39,32,127,0,3,87,0,90,14,45,126,32,217,38,324,362,579
11/21/2003,CRP,TX,ASW,CE,Towers with Radar,15,50,31,36,132,0,0,77,0,77,15,50,108,36,209,8,34,42,251
11/22/2003,CRP,TX,ASW,CE,Towers with Radar,11,37,14,23,85,0,1,27,0,28,11,38,41,23,113,0,38,38,151
11/23/2003,CRP,TX,ASW,CE,Towers with Radar,10,34,30,17,91,0,2,15,0,17,10,36,45,17,108,16,8,24,132
11/24/2003,CRP,TX,ASW,CE,Towers with Radar,15,38,28,29,110,0,3,58,0,61,15,41,86,29,171,0,297,297,468
11/25/2003,CRP,TX,ASW,CE,Towers with Radar,15,42,41,22,120,0,2,70,0,72,15,44,111,22,192,1,247,248,440
11/26/2003,CRP,TX,ASW,CE,Towers with Radar,17,47,43,13,120,0,3,36,0,39,17,50,79,13,159,0,46,46,205
11/27/2003,CRP,TX,ASW,CE,Towers with Radar,6,29,4,0,39,0,3,11,0,14,6,32,15,0,53,0,0,0,53
11/28/2003,CRP,TX,ASW,CE,Towers with Radar,9,31,27,9,76,0,0,49,5,54,9,31,76,14,130,0,85,85,215
11/29/2003,CRP,TX,ASW,CE,Towers with Radar,9,37,29,9,84,0,3,39,12,54,9,40,68,21,138,19,104,123,261
11/30/2003,CRP,TX,ASW,CE,Towers with Radar,11,34,19,13,77,0,2,44,0,46,11,36,63,13,123,16,42,58,181
12/01/2003,CRP,TX,ASW,CE,Towers with Radar,16,39,53,17,125,0,2,22,0,24,16,41,75,17,149,12,161,173,322
12/02/2003,CRP,TX,ASW,CE,Towers with Radar,13,50,52,31,146,0,1,31,0,32,13,51,83,31,178,13,180,193,371
12/03/2003,CRP,TX,ASW,CE,Towers with Radar,15,46,50,31,142,0,3,48,0,51,15,49,98,31,193,15,212,227,420
12/04/2003,CRP,TX,ASW,CE,Towers with Radar,15,46,50,22,133,0,1,25,0,26,15,47,75,22,159,24,337,361,520
12/05/2003,CRP,TX,ASW,CE,Towers with Radar,14,47,49,28,138,0,2,37,0,39,14,49,86,28,177,21,124,145,322
12/06/2003,CRP,TX,ASW,CE,Towers with Radar,12,36,22,13,83,0,2,59,15,76,12,38,81,28,159,51,160,211,370
12/07/2003,CRP,TX,ASW,CE,Towers with Radar,10,35,43,24,112,0,3,25,0,28,10,38,68,24,140,51,155,206,346
12/08/2003,CRP,TX,ASW,CE,Towers with Radar,14,45,24,27,110,0,3,42,0,45,14,48,66,27,155,0,179,179,334
12/09/2003,CRP,TX,ASW,CE,Towers with Radar,15,42,45,50,152,0,0,40,0,40,15,42,85,50,192,10,400,410,602
12/10/2003,CRP,TX,ASW,CE,Towers with Radar,15,41,30,32,118,0,1,63,0,64,15,42,93,32,182,14,125,139,321
12/11/2003,CRP,TX,ASW,CE,Towers with Radar,13,46,60,32,151,0,4,74,0,78,13,50,134,32,229,10,178,188,417
12/12/2003,CRP,TX,ASW,CE,Towers with Radar,24,52,68,21,165,0,6,3,0,9,24,58,71,21,174,6,119,125,299
12/13/2003,CRP,TX,ASW,CE,Towers with Radar,11,41,22,9,83,0,6,34,10,50,11,47,56,19,133,18,62,80,213
12/14/2003,CRP,TX,ASW,CE,Towers with Radar,10,35,32,15,92,0,4,60,11,75,10,39,92,26,167,16,105,121,288
12/15/2003,CRP,TX,ASW,CE,Towers with Radar,15,39,48,32,134,0,2,16,0,18,15,41,64,32,152,20,279,299,451
12/16/2003,CRP,TX,ASW,CE,Towers with Radar,14,45,33,30,122,1,0,39,0,40,15,45,72,30,162,12,341,353,515
12/17/2003,CRP,TX,ASW,CE,Towers with Radar,14,44,30,36,124,0,4,63,0,67,14,48,93,36,191,20,218,238,429
12/18/2003,CRP,TX,ASW,CE,Towers with Radar,13,51,32,30,126,0,5,75,0,80,13,56,107,30,206,21,253,274,480
12/19/2003,CRP,TX,ASW,CE,Towers with Radar,14,50,37,26,127,0,6,74,0,80,14,56,111,26,207,22,99,121,328
12/20/2003,CRP,TX,ASW,CE,Towers with Radar,8,43,28,25,104,0,7,71,0,78,8,50,99,25,182,73,77,150,332
12/21/2003,CRP,TX,ASW,CE,Towers with Radar,11,39,22,20,92,0,2,30,0,32,11,41,52,20,124,12,138,150,274
12/22/2003,CRP,TX,ASW,CE,Towers with Radar,14,49,24,11,98,0,2,25,0,27,14,51,49,11,125,4,156,160,285
12/23/2003,CRP,TX,ASW,CE,Towers with Radar,14,51,30,6,101,0,4,56,0,60,14,55,86,6,161,0,45,45,206
12/24/2003,CRP,TX,ASW,CE,Towers with Radar,9,44,11,0,64,0,4,35,0,39,9,48,46,0,103,0,2,2,105
12/25/2003,CRP,TX,ASW,CE,Towers with Radar,6,32,3,0,41,0,0,7,1,8,6,32,10,1,49,0,0,0,49
12/26/2003,CRP,TX,ASW,CE,Towers with Radar,12,46,51,0,109,0,2,14,1,17,12,48,65,1,126,12,0,12,138
12/27/2003,CRP,TX,ASW,CE,Towers with Radar,8,40,43,0,91,0,1,0,0,1,8,41,43,0,92,14,0,14,106
12/28/2003,CRP,TX,ASW,CE,Towers with Radar,10,38,8,0,56,1,1,11,0,13,11,39,19,0,69,6,0,6,75
12/29/2003,CRP,TX,ASW,CE,Towers with Radar,13,44,24,16,97,0,3,38,0,41,13,47,62,16,138,12,44,56,194
12/30/2003,CRP,TX,ASW,CE,Towers with Radar,14,44,39,9,106,0,5,60,0,65,14,49,99,9,171,46,42,88,259
12/31/2003,CRP,TX,ASW,CE,Towers with Radar,10,44,33,5,92,0,1,23,0,24,10,45,56,5,116,46,49,95,211
01/01/2004,CRP,TX,ASW,CE,Towers with Radar,6,41,12,1,60,0,0,7,0,7,6,41,19,1,67,6,0,6,73
01/02/2004,CRP,TX,ASW,CE,Towers with Radar,12,46,45,2,105,0,3,15,0,18,12,49,60,2,123,28,6,34,157
01/03/2004,CRP,TX,ASW,CE,Towers with Radar,10,36,19,0,65,0,2,9,0,11,10,38,28,0,76,11,0,11,87
01/04/2004,CRP,TX,ASW,CE,Towers with Radar,10,39,23,0,72,0,6,17,0,23,10,45,40,0,95,19,0,19,114
01/05/2004,CRP,TX,ASW,CE,Towers with Radar,14,40,32,30,116,0,1,30,0,31,14,41,62,30,147,4,70,74,221
01/06/2004,CRP,TX,ASW,CE,Towers with Radar,16,43,52,36,147,0,4,25,0,29,16,47,77,36,176,34,261,295,471
01/07/2004,CRP,TX,ASW,CE,Towers with Radar,14,42,46,24,126,0,2,19,0,21,14,44,65,24,147,2,131,133,280
01/08/2004,CRP,TX,ASW,CE,Towers with Radar,14,50,70,4,138,0,0,0,0,0,14,50,70,4,138,4,48,52,190
01/09/2004,CRP,TX,ASW,CE,Towers with Radar,14,46,54,45,159,0,5,53,0,58,14,51,107,45,217,57,141,198,415
01/10/2004,CRP,TX,ASW,CE,Towers with Radar,8,38,22,20,88,0,1,54,7,62,8,39,76,27,150,24,57,81,231
01/11/2004,CRP,TX,ASW,CE,Towers with Radar,10,37,22,22,91,0,2,48,0,50,10,39,70,22,141,61,134,195,336
01/12/2004,CRP,TX,ASW,CE,Towers with Radar,14,41,36,22,113,0,1,28,0,29,14,42,64,22,142,32,130,162,304
01/13/2004,CRP,TX,ASW,CE,Towers with Radar,15,40,77,40,172,0,3,0,0,3,15,43,77,40,175,36,268,304,479
01/14/2004,CRP,TX,ASW,CE,Towers with Radar,14,35,62,14,125,0,2,11,0,13,14,37,73,14,138,12,149,161,299
01/15/2004,CRP,TX,ASW,CE,Towers with Radar,16,42,56,13,127,0,2,0,0,2,16,44,56,13,129,14,96,110,239
01/16/2004,CRP,TX,ASW,CE,Towers with Radar,13,46,44,18,121,1,1,0,0,2,14,47,44,18,123,6,46,52,175
01/17/2004,CRP,TX,ASW,CE,Towers with Radar,9,36,19,18,82,0,1,7,0,8,9,37,26,18,90,10,16,26,116
01/18/2004,CRP,TX,ASW,CE,Towers with Radar,13,33,15,9,70,0,3,21,2,26,13,36,36,11,96,2,2,4,100
01/19/2004,CRP,TX,ASW,CE,Towers with Radar,15,42,51,19,127,0,5,54,0,59,15,47,105,19,186,27,26,53,239
01/20/2004,CRP,TX,ASW,CE,Towers with Radar,13,38,42,24,117,0,2,35,0,37,13,40,77,24,154,37,347,384,538
01/21/2004,CRP,TX,ASW,CE,Towers with Radar,14,42,61,33,150,0,2,12,0,14,14,44,73,33,164,14,214,228,392
01/22/2004,CRP,TX,ASW,CE,Towers with Radar,14,49,58,32,153,0,0,13,0,13,14,49,71,32,166,22,243,265,431
01/23/2004,CRP,TX,ASW,CE,Towers with Radar,15,43,57,41,156,0,3,8,0,11,15,46,65,41,167,2,204,206,373
01/24/2004,CRP,TX,ASW,CE,Towers with Radar,7,39,20,5,71,0,1,1,0,2,7,40,21,5,73,0,2,2,75
01/25/2004,CRP,TX,ASW,CE,Towers with Radar,10,35,16,14,75,0,0,35,1,36,10,35,51,15,111,14,16,30,141
01/26/2004,CRP,TX,ASW,CE,Towers with Radar,13,41,28,37,119,0,4,32,0,36,13,45,60,37,155,53,273,326,481
01/27/2004,CRP,TX,ASW,CE,Towers with Radar,15,41,52,20,128,0,9,60,0,69,15,50,112,20,197,28,256,284,481
01/28/2004,CRP,TX,ASW,CE,Towers with Radar,13,48,36,14,111,0,0,64,0,64,13,48,100,14,175,27,180,207,382
01/29/2004,CRP,TX,ASW,CE,Towers with Radar,16,39,58,26,139,0,3,6,0,9,16,42,64,26,148,11,180,191,339
01/30/2004,CRP,TX,ASW,CE,Towers with Radar,14,51,58,37,160,0,3,11,0,14,14,54,69,37,174,2,83,85,259
01/31/2004,CRP,TX,ASW,CE,Towers with Radar,8,36,26,15,85,0,4,18,0,22,8,40,44,15,107,7,46,53,160
02/01/2004,CRP,TX,ASW,CE,Towers with Radar,10,37,23,18,88,0,0,16,0,16,10,37,39,18,104,0,8,8,112
02/02/2004,CRP,TX,ASW,CE,Towers with Radar,14,40,42,28,124,0,7,30,0,37,14,47,72,28,161,24,288,312,473
02/03/2004,CRP,TX,ASW,CE,Towers with Radar,14,38,43,29,124,1,0,50,0,51,15,38,93,29,175,2,275,277,452
02/04/2004,CRP,TX,ASW,CE,Towers with Radar,17,39,60,25,141,0,0,11,0,11,17,39,71,25,152,0,119,119,271
02/05/2004,CRP,TX,ASW,CE,Towers with Radar,15,45,43,28,131,0,2,43,0,45,15,47,86,28,176,12,292,304,480
02/06/2004,CRP,TX,ASW,CE,Towers with Radar,14,52,56,23,145,0,0,37,0,37,14,52,93,23,182,17,110,127,309
02/07/2004,CRP,TX,ASW,CE,Towers with Radar,8,36,21,7,72,0,2,38,6,46,8,38,59,13,118,0,66,66,184
02/08/2004,CRP,TX,ASW,CE,Towers with Radar,11,38,26,21,96,0,4,19,0,23,11,42,45,21,119,27,64,91,210
02/09/2004,CRP,TX,ASW,CE,Towers with Radar,13,39,34,35,121,0,0,7,0,7,13,39,41,35,128,0,211,211,339
02/10/2004,CRP,TX,ASW,CE,Towers with Radar,14,46,25,4,89,0,0,1,0,1,14,46,26,4,90,0,20,20,110
02/11/2004,CRP,TX,ASW,CE,Towers with Radar,14,50,44,7,115,0,0,2,0,2,14,50,46,7,117,0,24,24,141
02/12/2004,CRP,TX,ASW,CE,Towers with Radar,14,54,34,22,124,0,0,11,0,11,14,54,45,22,135,4,92,96,231
02/13/2004,CRP,TX,ASW,CE,Towers with Radar,15,47,37,15,114,0,2,0,0,2,15,49,37,15,116,8,60,68,184
02/14/2004,CRP,TX,ASW,CE,Towers with Radar,13,39,21,6,79,0,2,40,1,43,13,41,61,7,122,11,2,13,135
02/15/2004,CRP,TX,ASW,CE,Towers with Radar,11,36,21,5,73,0,3,87,1,91,11,39,108,6,164,77,2,79,243
02/16/2004,CRP,TX,ASW,CE,Towers with Radar,14,42,27,1,84,1,8,76,0,85,15,50,103,1,169,10,10,20,189
02/17/2004,CRP,TX,ASW,CE,Towers with Radar,16,54,38,36,144,0,7,76,0,83,16,61,114,36,227,14,200,214,441
02/18/2004,CRP,TX,ASW,CE,Towers with Radar,14,45,43,40,142,0,2,57,0,59,14,47,100,40,201,6,262,268,469
02/19/2004,CRP,TX,ASW,CE,Towers with Radar,13,41,31,34,119,0,5,26,0,31,13,46,57,34,150,17,412,429,579
02/20/2004,CRP,TX,ASW,CE,Towers with Radar,15,50,42,52,159,0,4,47,0,51,15,54,89,52,210,12,183,195,405
02/21/2004,CRP,TX,ASW,CE,Towers with Radar,7,39,17,35,98,0,4,38,0,42,7,43,55,35,140,8,50,58,198
02/22/2004,CRP,TX,ASW,CE,Towers with Radar,10,37,18,24,89,0,2,9,0,11,10,39,27,24,100,0,63,63,163
02/23/2004,CRP,TX,ASW,CE,Towers with Radar,13,44,36,41,134,0,3,14,0,17,13,47,50,41,151,8,191,199,350
02/24/2004,CRP,TX,ASW,CE,Towers with Radar,14,46,37,16,113,0,3,16,0,19,14,49,53,16,132,2,65,67,199
02/25/2004,CRP,TX,ASW,CE,Towers with Radar,16,49,57,46,168,0,4,19,0,23,16,53,76,46,191,14,224,238,429
02/26/2004,CRP,TX,ASW,CE,Towers with Radar,17,41,53,24,135,0,1,62,0,63,17,42,115,24,198,23,196,219,417
02/27/2004,CRP,TX,ASW,CE,Towers with Radar,13,52,32,35,132,0,0,49,0,49,13,52,81,35,181,43,124,167,348
02/28/2004,CRP,TX,ASW,CE,Towers with Radar,7,46,34,10,97,0,0,24,3,27,7,46,58,13,124,24,50,74,198
02/29/2004,CRP,TX,ASW,CE,Towers with Radar,10,35,19,22,86,0,0,20,0,20,10,35,39,22,106,11,131,142,248
03/01/2004,CRP,TX,ASW,CE,Towers with Radar,14,56,65,17,152,0,0,18,0,18,14,56,83,17,170,14,240,254,424
03/02/2004,CRP,TX,ASW,CE,Towers with Radar,15,39,43,31,128,1,2,8,0,11,16,41,51,31,139,0,59,59,198
03/03/2004,CRP,TX,ASW,CE,Towers with Radar,15,42,38,26,121,0,1,4,0,5,15,43,42,26,126,2,126,128,254
03/04/2004,CRP,TX,ASW,CE,Towers with Radar,14,40,38,3,95,0,4,0,0,4,14,44,38,3,99,4,26,30,129
03/05/2004,CRP,TX,ASW,CE,Towers with Radar,14,43,40,30,127,0,1,37,0,38,14,44,77,30,165,7,198,205,370
03/06/2004,CRP,TX,ASW,CE,Towers with Radar,8,39,37,41,125,0,1,52,0,53,8,40,89,41,178,22,64,86,264
03/07/2004,CRP,TX,ASW,CE,Towers with Radar,10,36,32,32,110,0,7,55,0,62,10,43,87,32,172,24,50,74,246
03/08/2004,CRP,TX,ASW,CE,Towers with Radar,15,42,30,38,125,0,2,58,0,60,15,44,88,38,185,2,211,213,398
03/09/2004,CRP,TX,ASW,CE,Towers with Radar,14,43,45,45,147,0,1,63,0,64,14,44,108,45,211,8,315,323,534
03/10/2004,CRP,TX,ASW,CE,Towers with Radar,14,56,30,60,160,0,5,50,0,55,14,61,80,60,215,28,291,319,534
03/11/2004,CRP,TX,ASW,CE,Towers with Radar,13,50,49,41,153,0,1,38,0,39,13,51,87,41,192,28,176,204,396
03/12/2004,CRP,TX,ASW,CE,Towers with Radar,15,49,37,51,152,0,3,26,0,29,15,52,63,51,181,11,276,287,468
03/13/2004,CRP,TX,ASW,CE,Towers with Radar,8,41,22,21,92,0,4,7,0,11,8,45,29,21,103,12,30,42,145
03/14/2004,CRP,TX,ASW,CE,Towers with Radar,12,37,26,7,82,0,0,1,0,1,12,37,27,7,83,23,4,27,110
03/15/2004,CRP,TX,ASW,CE,Towers with Radar,14,48,27,46,135,0,2,14,0,16,14,50,41,46,151,20,185,205,356
03/16/2004,CRP,TX,ASW,CE,Towers with Radar,15,54,42,44,155,0,3,48,0,51,15,57,90,44,206,21,217,238,444
03/17/2004,CRP,TX,ASW,CE,Towers with Radar,13,44,51,44,152,0,4,46,0,50,13,48,97,44,202,6,262,268,470
03/18/2004,CRP,TX,ASW,CE,Towers with Radar,16,49,60,41,166,0,2,15,0,17,16,51,75,41,183,10,271,281,464
03/19/2004,CRP,TX,ASW,CE,Towers with Radar,14,52,49,13,128,0,0,15,0,15,14,52,64,13,143,4,194,198,341
03/20/2004,CRP,TX,ASW,CE,Towers with Radar,8,47,45,35,135,0,2,22,0,24,8,49,67,35,159,41,56,97,256
03/21/2004,CRP,TX,ASW,CE,Towers with Radar,10,34,33,21,98,0,6,36,0,42,10,40,69,21,140,35,93,128,268
03/22/2004,CRP,TX,ASW,CE,Towers with Radar,14,42,59,21,136,0,2,8,0,10,14,44,67,21,146,28,111,139,285
03/23/2004,CRP,TX,ASW,CE,Towers with Radar,14,45,44,50,153,0,2,28,0,30,14,47,72,50,183,12,259,271,454
03/24/2004,CRP,TX,ASW,CE,Towers with Radar,14,53,46,42,155,0,3,30,0,33,14,56,76,42,188,16,186,202,390
03/25/2004,CRP,TX,ASW,CE,Towers with Radar,14,47,48,27,136,0,7,19,0,26,14,54,67,27,162,0,180,180,342
03/26/2004,CRP,TX,ASW,CE,Towers with Radar,14,46,60,38,158,0,1,13,0,14,14,47,73,38,172,6,155,161,333
03/27/2004,CRP,TX,ASW,CE,Towers with Radar,8,40,31,22,101,0,0,17,0,17,8,40,48,22,118,4,55,59,177
03/28/2004,CRP,TX,ASW,CE,Towers with Radar,10,31,29,33,103,0,0,22,0,22,10,31,51,33,125,34,86,120,245
03/29/2004,CRP,TX,ASW,CE,Towers with Radar,15,43,40,25,123,0,2,9,0,11,15,45,49,25,134,4,388,392,526
03/30/2004,CRP,TX,ASW,CE,Towers with Radar,14,43,44,21,122,0,5,57,0,62,14,48,101,21,184,45,219,264,448
03/31/2004,CRP,TX,ASW,CE,Towers with Radar,14,47,36,32,129,0,5,69,0,74,14,52,105,32,203,32,283,315,518
04/01/2004,CRP,TX,ASW,CE,Towers with Radar,14,51,35,28,128,0,1,45,0,46,14,52,80,28,174,22,225,247,421
04/02/2004,CRP,TX,ASW,CE,Towers with Radar,14,51,40,21,126,0,0,9,0,9,14,51,49,21,135,6,172,178,313
04/03/2004,CRP,TX,ASW,CE,Towers with Radar,8,40,15,4,67,0,4,40,0,44,8,44,55,4,111,6,17,23,134
04/04/2004,CRP,TX,ASW,CE,Towers with Radar,11,39,29,13,92,0,0,17,0,17,11,39,46,13,109,12,14,26,135
04/05/2004,CRP,TX,ASW,CE,Towers with Radar,13,41,43,41,138,0,3,10,0,13,13,44,53,41,151,37,269,306,457
04/06/2004,CRP,TX,ASW,CE,Towers with Radar,16,41,27,24,108,0,3,17,0,20,16,44,44,24,128,2,225,227,355
04/07/2004,CRP,TX,ASW,CE,Towers with Radar,14,41,49,32,136,0,0,28,0,28,14,41,77,32,164,46,193,239,403
04/08/2004,CRP,TX,ASW,CE,Towers with Radar,14,46,50,42,152,0,4,44,0,48,14,50,94,42,200,12,400,412,612
04/09/2004,CRP,TX,ASW,CE,Towers with Radar,16,53,38,30,137,0,2,30,0,32,16,55,68,30,169,18,159,177,346
04/10/2004,CRP,TX,ASW,CE,Towers with Radar,10,39,17,14,80,0,4,16,0,20,10,43,33,14,100,29,16,45,145
04/11/2004,CRP,TX,ASW,CE,Towers with Radar,11,33,20,7,71,0,1,6,0,7,11,34,26,7,78,2,6,8,86
04/12/2004,CRP,TX,ASW,CE,Towers with Radar,14,43,39,19,115,0,5,37,0,42,14,48,76,19,157,7,78,85,242
04/13/2004,CRP,TX,ASW,CE,Towers with Radar,15,51,51,27,144,0,2,67,0,69,15,53,118,27,213,33,178,211,424
04/14/2004,CRP,TX,ASW,CE,Towers with Radar,14,45,50,33,142,0,0,67,0,67,14,45,117,33,209,12,172,184,393
04/15/2004,CRP,TX,ASW,CE,Towers with Radar,14,47,67,26,154,0,0,41,0,41,14,47,108,26,195,20,221,241,436
04/16/2004,CRP,TX,ASW,CE,Towers with Radar,13,48,61,28,150,1,1,43,0,45,14,49,104,28,195,26,66,92,287
04/17/2004,CRP,TX,ASW,CE,Towers with Radar,8,42,23,31,104,0,1,36,14,51,8,43,59,45,155,0,106,106,261
04/18/2004,CRP,TX,ASW,CE,Towers with Radar,12,35,21,34,102,0,7,22,0,29,12,42,43,34,131,0,118,118,249
04/19/2004,CRP,TX,ASW,CE,Towers with Radar,14,52,30,40,136,0,1,25,0,26,14,53,55,40,162,6,286,292,454
04/20/2004,CRP,TX,ASW,CE,Towers with Radar,14,50,37,31,132,0,2,30,0,32,14,52,67,31,164,7,153,160,324
04/21/2004,CRP,TX,ASW,CE,Towers with Radar,14,49,51,30,144,0,1,28,0,29,14,50,79,30,173,2,213,215,388
04/22/2004,CRP,TX,ASW,CE,Towers with Radar,15,45,64,51,175,0,0,14,0,14,15,45,78,51,189,9,226,235,424
04/23/2004,CRP,TX,ASW,CE,Towers with Radar,13,51,64,36,164,0,0,12,0,12,13,51,76,36,176,2,96,98,274
04/24/2004,CRP,TX,ASW,CE,Towers with Radar,8,37,14,14,73,0,1,7,0,8,8,38,21,14,81,0,8,8,89
04/25/2004,CRP,TX,ASW,CE,Towers with Radar,10,35,22,13,80,0,0,2,0,2,10,35,24,13,82,21,29,50,132
04/26/2004,CRP,TX,ASW,CE,Towers with Radar,17,43,55,45,160,0,3,16,0,19,17,46,71,45,179,14,298,312,491
04/27/2004,CRP,TX,ASW,CE,Towers with Radar,15,44,35,35,129,0,4,63,0,67,15,48,98,35,196,35,130,165,361
04/28/2004,CRP,TX,ASW,CE,Towers with Radar,13,44,35,50,142,0,1,36,0,37,13,45,71,50,179,15,164,179,358
04/29/2004,CRP,TX,ASW,CE,Towers with Radar,17,48,47,50,162,0,1,29,0,30,17,49,76,50,192,9,393,402,594
04/30/2004,CRP,TX,ASW,CE,Towers with Radar,12,49,48,42,151,0,0,13,0,13,12,49,61,42,164,30,148,178,342
05/01/2004,CRP,TX,ASW,CE,Towers with Radar,8,38,23,4,73,0,0,6,1,7,8,38,29,5,80,4,0,4,84
05/02/2004,CRP,TX,ASW,CE,Towers with Radar,12,32,23,23,90,0,0,61,0,61,12,32,84,23,151,6,20,26,177
05/03/2004,CRP,TX,ASW,CE,Towers with Radar,15,45,22,40,122,0,1,62,0,63,15,46,84,40,185,10,176,186,371
05/04/2004,CRP,TX,ASW,CE,Towers with Radar,14,39,36,37,126,0,8,61,0,69,14,47,97,37,195,26,168,194,389
05/05/2004,CRP,TX,ASW,CE,Towers with Radar,14,44,27,44,129,0,0,54,0,54,14,44,81,44,183,2,353,355,538
05/06/2004,CRP,TX,ASW,CE,Towers with Radar,13,49,54,32,148,0,2,35,0,37,13,51,89,32,185,18,316,334,519
05/07/2004,CRP,TX,ASW,CE,Towers with Radar,16,42,42,47,147,0,0,23,0,23,16,42,65,47,170,2,93,95,265
05/08/2004,CRP,TX,ASW,CE,Towers with Radar,8,37,17,11,73,0,1,5,3,9,8,38,22,14,82,0,8,8,90
05/09/2004,CRP,TX,ASW,CE,Towers with Radar,12,35,18,22,87,0,1,21,0,22,12,36,39,22,109,2,48,50,159
05/10/2004,CRP,TX,ASW,CE,Towers with Radar,14,39,34,41,128,0,7,26,0,33,14,46,60,41,161,0,289,289,450
05/11/2004,CRP,TX,ASW,CE,Towers with Radar,24,54,45,29,152,1,0,16,0,17,25,54,61,29,169,0,297,297,466
05/12/2004,CRP,TX,ASW,CE,Towers with Radar,16,45,50,44,155,0,0,24,0,24,16,45,74,44,179,2,300,302,481
05/13/2004,CRP,TX,ASW,CE,Towers with Radar,32,48,52,23,155,1,0,2,0,3,33,48,54,23,158,6,234,240,398
05/14/2004,CRP,TX,ASW,CE,Towers with Radar,14,51,47,39,151,0,4,29,0,33,14,55,76,39,184,4,167,171,355
05/15/2004,CRP,TX,ASW,CE,Towers with Radar,9,41,14,22,86,0,1,42,6,49,9,42,56,28,135,0,34,34,169
05/16/2004,CRP,TX,ASW,CE,Towers with Radar,12,40,28,46,126,0,2,32,0,34,12,42,60,46,160,11,111,122,282
05/17/2004,CRP,TX,ASW,CE,Towers with Radar,19,49,46,37,151,0,4,14,0,18,19,53,60,37,169,35,241,276,445
05/18/2004,CRP,TX,ASW,CE,Towers with Radar,15,37,58,22,132,0,1,37,0,38,15,38,95,22,170,77,137,214,384
05/19/2004,CRP,TX,ASW,CE,Towers with Radar,13,44,55,34,146,0,2,32,0,34,13,46,87,34,180,24,215,239,419
05/20/2004,CRP,TX,ASW,CE,Towers with Radar,14,46,47,38,145,0,0,46,0,46,14,46,93,38,191,10,193,203,394
05/21/2004,CRP,TX,ASW,CE,Towers with Radar,14,49,36,72,171,0,1,42,0,43,14,50,78,72,214,30,197,227,441
05/22/2004,CRP,TX,ASW,CE,Towers with Radar,8,43,21,40,112,0,0,27,0,27,8,43,48,40,139,34,90,124,263
05/23/2004,CRP,TX,ASW,CE,Towers with Radar,14,35,19,30,98,0,0,42,0,42,14,35,61,30,140,34,20,54,194
05/24/2004,CRP,TX,ASW,CE,Towers with Radar,15,44,33,44,136,0,2,50,0,52,15,46,83,44,188,4,337,341,529
05/25/2004,CRP,TX,ASW,CE,Towers with Radar,13,41,41,40,135,0,0,45,0,45,13,41,86,40,180,4,162,166,346
05/26/2004,CRP,TX,ASW,CE,Towers with Radar,15,46,51,33,145,0,5,40,0,45,15,51,91,33,190,0,196,196,386
05/27/2004,CRP,TX,ASW,CE,Towers with Radar,19,43,36,53,151,0,5,40,0,45,19,48,76,53,196,0,314,314,510
05/28/2004,CRP,TX,ASW,CE,Towers with Radar,15,46,43,26,130,0,5,43,0,48,15,51,86,26,178,22,139,161,339
05/29/2004,CRP,TX,ASW,CE,Towers with Radar,7,41,26,10,84,0,5,26,3,34,7,46,52,13,118,12,0,12,130
05/30/2004,CRP,TX,ASW,CE,Towers with Radar,6,32,26,16,80,0,0,7,5,12,6,32,33,21,92,32,48,80,172
05/31/2004,CRP,TX,ASW,CE,Towers with Radar,9,41,22,8,80,0,3,45,0,48,9,44,67,8,128,23,50,73,201
06/01/2004,CRP,TX,ASW,CE,Towers with Radar,14,49,40,22,125,0,0,34,0,34,14,49,74,22,159,25,323,348,507
06/02/2004,CRP,TX,ASW,CE,Towers with Radar,14,47,50,41,152,0,0,33,0,33,14,47,83,41,185,17,378,395,580
06/03/2004,CRP,TX,ASW,CE,Towers with Radar,13,49,51,32,145,0,0,43,0,43,13,49,94,32,188,58,243,301,489
06/04/2004,CRP,TX,ASW,CE,Towers with Radar,15,45,35,39,134,1,13,49,0,63,16,58,84,39,197,17,200,217,414
06/05/2004,CRP,TX,ASW,CE,Towers with Radar,9,26,21,30,86,4,18,41,0,63,13,44,62,30,149,31,72,103,252
06/06/2004,CRP,TX,ASW,CE,Towers with Radar,7,20,16,23,66,5,18,31,0,54,12,38,47,23,120,20,53,73,193
06/07/2004,CRP,TX,ASW,CE,Towers with Radar,14,44,38,24,120,0,0,13,0,13,14,44,51,24,133,7,167,174,307
06/08/2004,CRP,TX,ASW,CE,Towers with Radar,14,51,45,26,136,0,0,9,0,9,14,51,54,26,145,4,236,240,385
06/09/2004,CRP,TX,ASW,CE,Towers with Radar,16,38,44,15,113,0,0,17,0,17,16,38,61,15,130,2,225,227,357
06/10/2004,CRP,TX,ASW,CE,Towers with Radar,17,43,44,49,153,0,0,28,0,28,17,43,72,49,181,27,201,228,409
06/11/2004,CRP,TX,ASW,CE,Towers with Radar,11,32,25,32,100,2,23,57,0,82,13,55,82,32,182,4,125,129,311
06/12/2004,CRP,TX,ASW,CE,Towers with Radar,8,24,18,33,83,1,22,54,0,77,9,46,72,33,160,27,157,184,344
06/13/2004,CRP,TX,ASW,CE,Towers with Radar,8,25,19,30,82,8,18,55,0,81,16,43,74,30,163,12,112,124,287
06/14/2004,CRP,TX,ASW,CE,Towers with Radar,15,47,40,29,131,0,0,13,0,13,15,47,53,29,144,0,252,252,396
06/15/2004,CRP,TX,ASW,CE,Towers with Radar,14,50,39,30,133,0,0,12,0,12,14,50,51,30,145,0,247,247,392
06/16/2004,CRP,TX,ASW,CE,Towers with Radar,17,45,47,41,150,0,0,34,0,34,17,45,81,41,184,6,169,175,359
06/17/2004,CRP,TX,ASW,CE,Towers with Radar,14,46,45,25,130,0,0,20,0,20,14,46,65,25,150,2,301,303,453
06/18/2004,CRP,TX,ASW,CE,Towers with Radar,14,47,42,51,154,0,0,70,0,70,14,47,112,51,224,20,190,210,434
06/19/2004,CRP,TX,ASW,CE,Towers with Radar,6,21,17,26,70,3,32,50,0,85,9,53,67,26,155,41,99,140,295
06/20/2004,CRP,TX,ASW,CE,Towers with Radar,5,19,13,15,52,8,22,45,0,75,13,41,58,15,127,2,12,14,141
06/21/2004,CRP,TX,ASW,CE,Towers with Radar,13,47,35,26,121,0,0,30,0,30,13,47,65,26,151,8,167,175,326
06/22/2004,CRP,TX,ASW,CE,Towers with Radar,10,31,23,8,72,4,10,24,0,38,14,41,47,8,110,2,54,56,166
06/23/2004,CRP,TX,ASW,CE,Towers with Radar,15,48,37,13,113,1,7,11,0,19,16,55,48,13,132,15,169,184,316
06/24/2004,CRP,TX,ASW,CE,Towers with Radar,16,54,40,21,131,0,2,17,0,19,16,56,57,21,150,12,298,310,460
06/25/2004,CRP,TX,ASW,CE,Towers with Radar,10,32,24,24,90,4,14,17,0,35,14,46,41,24,125,12,41,53,178
06/26/2004,CRP,TX,ASW,CE,Towers with Radar,7,22,17,16,62,6,15,39,0,60,13,37,56,16,122,44,74,118,240
06/27/2004,CRP,TX,ASW,CE,Towers with Radar,7,22,16,17,62,4,23,14,0,41,11,45,30,17,103,8,13,21,124
06/28/2004,CRP,TX,ASW,CE,Towers with Radar,17,46,41,32,136,2,0,15,0,17,19,46,56,32,153,27,154,181,334
06/29/2004,CRP,TX,ASW,CE,Towers with Radar,19,46,45,13,123,4,0,13,0,17,23,46,58,13,140,0,194,194,334
06/30/2004,CRP,TX,ASW,CE,Towers with Radar,14,45,36,19,114,0,0,18,0,18,14,45,54,19,132,16,249,265,397
07/01/2004,CRP,TX,ASW,CE,Towers with Radar,12,45,45,26,128,0,0,47,0,47,12,45,92,26,175,43,243,286,461
07/02/2004,CRP,TX,ASW,CE,Towers with Radar,8,29,22,15,74,4,28,61,0,93,12,57,83,15,167,22,30,52,219
07/03/2004,CRP,TX,ASW,CE,Towers with Radar,5,17,13,4,39,4,34,72,0,110,9,51,85,4,149,46,0,46,195
07/04/2004,CRP,TX,ASW,CE,Towers with Radar,3,10,8,1,22,3,22,43,0,68,6,32,51,1,90,30,0,30,120
07/05/2004,CRP,TX,ASW,CE,Towers with Radar,6,20,15,15,56,5,20,75,0,100,11,40,90,15,156,25,17,42,198
07/06/2004,CRP,TX,ASW,CE,Towers with Radar,11,43,37,28,119,0,0,46,0,46,11,43,83,28,165,0,132,132,297
07/07/2004,CRP,TX,ASW,CE,Towers with Radar,12,48,36,31,127,0,0,51,0,51,12,48,87,31,178,4,268,272,450
07/08/2004,CRP,TX,ASW,CE,Towers with Radar,12,45,42,33,132,0,0,54,0,54,12,45,96,33,186,16,248,264,450
07/09/2004,CRP,TX,ASW,CE,Towers with Radar,12,47,43,40,142,0,0,34,0,34,12,47,77,40,176,30,159,189,365
07/10/2004,CRP,TX,ASW,CE,Towers with Radar,6,21,14,24,65,1,17,22,0,40,7,38,36,24,105,0,110,110,215
07/11/2004,CRP,TX,ASW,CE,Towers with Radar,7,26,19,26,78,2,14,26,0,42,9,40,45,26,120,15,24,39,159
07/12/2004,CRP,TX,ASW,CE,Towers with Radar,12,46,37,20,115,0,0,33,0,33,12,46,70,20,148,62,139,201,349
07/13/2004,CRP,TX,ASW,CE,Towers with Radar,13,45,39,31,128,0,0,70,0,70,13,45,109,31,198,20,293,313,511
07/14/2004,CRP,TX,ASW,CE,Towers with Radar,12,55,38,33,138,0,2,60,0,62,12,57,98,33,200,45,428,473,673
07/15/2004,CRP,TX,ASW,CE,Towers with Radar,11,51,45,48,155,0,0,59,0,59,11,51,104,48,214,22,313,335,549
07/16/2004,CRP,TX,ASW,CE,Towers with Radar,12,45,32,37,126,0,12,55,0,67,12,57,87,37,193,38,218,256,449
07/17/2004,CRP,TX,ASW,CE,Towers with Radar,5,21,15,21,62,2,19,74,0,95,7,40,89,21,157,28,87,115,272
07/18/2004,CRP,TX,ASW,CE,Towers with Radar,5,19,14,18,56,4,17,44,0,65,9,36,58,18,121,14,65,79,200
07/19/2004,CRP,TX,ASW,CE,Towers with Radar,12,41,35,42,130,1,0,43,0,44,13,41,78,42,174,15,214,229,403
07/20/2004,CRP,TX,ASW,CE,Towers with Radar,10,44,38,39,131,0,0,49,0,49,10,44,87,39,180,20,339,359,539
07/21/2004,CRP,TX,ASW,CE,Towers with Radar,13,43,40,41,137,0,0,39,0,39,13,43,79,41,176,3,281,284,460
07/22/2004,CRP,TX,ASW,CE,Towers with Radar,11,47,43,35,136,0,0,29,0,29,11,47,72,35,165,28,285,313,478
07/23/2004,CRP,TX,ASW,CE,Towers with Radar,12,46,37,39,134,4,0,55,0,59,16,46,92,39,193,2,227,229,422
07/24/2004,CRP,TX,ASW,CE,Towers with Radar,4,19,14,27,64,3,28,49,0,80,7,47,63,27,144,31,91,122,266
07/25/2004,CRP,TX,ASW,CE,Towers with Radar,4,19,14,26,63,5,21,42,0,68,9,40,56,26,131,0,129,129,260
07/26/2004,CRP,TX,ASW,CE,Towers with Radar,12,47,39,35,133,0,0,14,0,14,12,47,53,35,147,6,321,327,474
07/27/2004,CRP,TX,ASW,CE,Towers with Radar,12,47,38,44,141,0,0,48,0,48,12,47,86,44,189,48,255,303,492
07/28/2004,CRP,TX,ASW,CE,Towers with Radar,11,42,45,55,153,0,0,50,0,50,11,42,95,55,203,21,368,389,592
07/29/2004,CRP,TX,ASW,CE,Towers with Radar,16,56,51,53,176,0,0,41,0,41,16,56,92,53,217,15,285,300,517
07/30/2004,CRP,TX,ASW,CE,Towers with Radar,12,49,35,45,141,0,6,45,0,51,12,55,80,45,192,20,166,186,378
07/31/2004,CRP,TX,ASW,CE,Towers with Radar,5,23,17,33,78,4,20,44,0,68,9,43,61,33,146,8,156,164,310
08/01/2004,CRP,TX,ASW,CE,Towers with Radar,6,21,15,38,80,3,14,49,0,66,9,35,64,38,146,29,166,195,341
08/02/2004,CRP,TX,ASW,CE,Towers with Radar,13,44,35,49,141,0,0,21,0,21,13,44,56,49,162,14,184,198,360
08/03/2004,CRP,TX,ASW,CE,Towers with Radar,14,47,35,38,134,0,0,53,0,53,14,47,88,38,187,8,382,390,577
08/04/2004,CRP,TX,ASW,CE,Towers with Radar,12,44,32,32,120,0,3,67,0,70,12,47,99,32,190,18,374,392,582
08/05/2004,CRP,TX,ASW,CE,Towers with Radar,15,50,41,36,142,0,0,46,0,46,15,50,87,36,188,37,283,320,508
08/06/2004,CRP,TX,ASW,CE,Towers with Radar,11,47,35,39,132,0,0,75,0,75,11,47,110,39,207,38,148,186,393
08/07/2004,CRP,TX,ASW,CE,Towers with Radar,7,22,16,31,76,0,20,32,0,52,7,42,48,31,128,16,146,162,290
08/08/2004,CRP,TX,ASW,CE,Towers with Radar,6,21,14,29,70,5,19,42,0,66,11,40,56,29,136,0,177,177,313
08/09/2004,CRP,TX,ASW,CE,Towers with Radar,13,44,35,22,114,0,0,52,0,52,13,44,87,22,166,12,307,319,485
08/10/2004,CRP,TX,ASW,CE,Towers with Radar,11,48,37,32,128,0,0,29,0,29,11,48,66,32,157,13,313,326,483
08/11/2004,CRP,TX,ASW,CE,Towers with Radar,12,45,37,26,120,0,0,34,0,34,12,45,71,26,154,26,232,258,412
08/12/2004,CRP,TX,ASW,CE,Towers with Radar,12,46,39,33,130,0,0,44,0,44,12,46,83,33,174,25,252,277,451
08/13/2004,CRP,TX,ASW,CE,Towers with Radar,9,31,22,37,99,3,23,66,0,92,12,54,88,37,191,53,144,197,388
08/14/2004,CRP,TX,ASW,CE,Towers with Radar,6,19,14,40,79,1,22,44,0,67,7,41,58,40,146,21,102,123,269
08/15/2004,CRP,TX,ASW,CE,Towers with Radar,6,21,15,20,62,3,14,75,0,92,9,35,90,20,154,12,97,109,263
08/16/2004,CRP,TX,ASW,CE,Towers with Radar,12,52,36,50,150,0,1,27,0,28,12,53,63,50,178,36,258,294,472
08/17/2004,CRP,TX,ASW,CE,Towers with Radar,14,47,46,35,142,0,0,38,0,38,14,47,84,35,180,11,275,286,466
08/18/2004,CRP,TX,ASW,CE,Towers with Radar,11,47,43,38,139,0,0,48,0,48,11,47,91,38,187,25,344,369,556
08/19/2004,CRP,TX,ASW,CE,Towers with Radar,10,40,41,34,125,0,0,51,0,51,10,40,92,34,176,4,238,242,418
08/20/2004,CRP,TX,ASW,CE,Towers with Radar,12,45,36,87,180,2,0,22,0,24,14,45,58,87,204,0,295,295,499
08/21/2004,CRP,TX,ASW,CE,Towers with Radar,4,16,13,23,56,3,29,35,0,67,7,45,48,23,123,3,128,131,254
08/22/2004,CRP,TX,ASW,CE,Towers with Radar,5,20,14,36,75,4,20,21,0,45,9,40,35,36,120,0,174,174,294
08/23/2004,CRP,TX,ASW,CE,Towers with Radar,13,51,40,22,126,0,0,16,0,16,13,51,56,22,142,11,217,228,370
08/24/2004,CRP,TX,ASW,CE,Towers with Radar,12,50,40,28,130,0,0,45,0,45,12,50,85,28,175,6,156,162,337
08/25/2004,CRP,TX,ASW,CE,Towers with Radar,11,50,43,48,152,0,0,56,0,56,11,50,99,48,208,10,239,249,457
08/26/2004,CRP,TX,ASW,CE,Towers with Radar,14,46,42,45,147,0,0,67,0,67,14,46,109,45,214,36,275,311,525
08/27/2004,CRP,TX,ASW,CE,Towers with Radar,12,45,32,46,135,0,1,53,0,54,12,46,85,46,189,0,281,281,470
08/28/2004,CRP,TX,ASW,CE,Towers with Radar,4,16,12,30,62,3,21,36,0,60,7,37,48,30,122,0,233,233,355
08/29/2004,CRP,TX,ASW,CE,Towers with Radar,4,19,13,36,72,6,16,22,0,44,10,35,35,36,116,28,116,144,260
08/30/2004,CRP,TX,ASW,CE,Towers with Radar,12,46,35,37,130,1,0,36,0,37,13,46,71,37,167,2,240,242,409
08/31/2004,CRP,TX,ASW,CE,Towers with Radar,12,42,39,39,132,0,0,31,0,31,12,42,70,39,163,2,235,237,400
09/01/2004,CRP,TX,ASW,CE,Towers with Radar,11,41,31,15,98,1,0,33,0,34,12,41,64,15,132,0,133,133,265
09/02/2004,CRP,TX,ASW,CE,Towers with Radar,11,46,36,10,103,0,0,41,0,41,11,46,77,10,144,16,79,95,239
09/03/2004,CRP,TX,ASW,CE,Towers with Radar,9,32,25,23,89,3,19,39,0,61,12,51,64,23,150,0,18,18,168
09/04/2004,CRP,TX,ASW,CE,Towers with Radar,5,16,13,12,46,2,28,18,0,48,7,44,31,12,94,14,24,38,132
09/05/2004,CRP,TX,ASW,CE,Towers with Radar,4,12,10,11,37,2,24,42,0,68,6,36,52,11,105,20,30,50,155
09/06/2004,CRP,TX,ASW,CE,Towers with Radar,6,19,16,19,60,3,18,36,0,57,9,37,52,19,117,24,10,34,151
09/07/2004,CRP,TX,ASW,CE,Towers with Radar,13,49,40,18,120,0,0,18,0,18,13,49,58,18,138,4,90,94,232
09/08/2004,CRP,TX,ASW,CE,Towers with Radar,13,51,51,32,147,0,0,45,0,45,13,51,96,32,192,12,374,386,578
09/09/2004,CRP,TX,ASW,CE,Towers with Radar,13,43,46,29,131,0,0,25,0,25,13,43,71,29,156,11,388,399,555
09/10/2004,CRP,TX,ASW,CE,Towers with Radar,11,53,45,42,151,0,0,41,0,41,11,53,86,42,192,31,205,236,428
09/11/2004,CRP,TX,ASW,CE,Towers with Radar,7,23,17,35,82,2,23,17,10,52,9,46,34,45,134,18,70,88,222
09/12/2004,CRP,TX,ASW,CE,Towers with Radar,7,25,19,38,89,2,21,54,9,86,9,46,73,47,175,24,146,170,345
09/13/2004,CRP,TX,ASW,CE,Towers with Radar,13,42,39,40,134,0,0,29,0,29,13,42,68,40,163,0,95,95,258
09/14/2004,CRP,TX,ASW,CE,Towers with Radar,11,48,47,20,126,0,0,33,0,33,11,48,80,20,159,24,184,208,367
09/15/2004,CRP,TX,ASW,CE,Towers with Radar,15,47,49,34,145,0,0,48,0,48,15,47,97,34,193,29,282,311,504
09/16/2004,CRP,TX,ASW,CE,Towers with Radar,13,49,49,39,150,0,0,44,0,44,13,49,93,39,194,10,193,203,397
09/17/2004,CRP,TX,ASW,CE,Towers with Radar,12,44,45,47,148,0,0,34,0,34,12,44,79,47,182,0,137,137,319
09/18/2004,CRP,TX,ASW,CE,Towers with Radar,5,20,16,29,70,3,24,40,4,71,8,44,56,33,141,38,122,160,301
09/19/2004,CRP,TX,ASW,CE,Towers with Radar,6,24,19,35,84,3,18,51,5,77,9,42,70,40,161,20,99,119,280
09/20/2004,CRP,TX,ASW,CE,Towers with Radar,12,46,39,32,129,0,0,45,0,45,12,46,84,32,174,15,185,200,374
09/21/2004,CRP,TX,ASW,CE,Towers with Radar,13,51,40,37,141,0,4,40,0,44,13,55,80,37,185,10,132,142,327
09/22/2004,CRP,TX,ASW,CE,Towers with Radar,12,51,43,21,127,0,0,34,0,34,12,51,77,21,161,13,85,98,259
09/23/2004,CRP,TX,ASW,CE,Towers with Radar,10,39,30,12,91,2,11,55,0,68,12,50,85,12,159,16,55,71,230
09/24/2004,CRP,TX,ASW,CE,Towers with Radar,11,44,35,51,141,1,0,39,0,40,12,44,74,51,181,6,149,155,336
09/25/2004,CRP,TX,ASW,CE,Towers with Radar,5,23,17,24,69,1,15,20,0,36,6,38,37,24,105,28,161,189,294
09/26/2004,CRP,TX,ASW,CE,Towers with Radar,6,25,18,26,75,3,13,42,0,58,9,38,60,26,133,20,51,71,204
09/27/2004,CRP,TX,ASW,CE,Towers with Radar,12,39,36,21,108,0,0,29,0,29,12,39,65,21,137,52,141,193,330
09/28/2004,CRP,TX,ASW,CE,Towers with Radar,13,42,39,35,129,0,0,41,0,41,13,42,80,35,170,68,265,333,503
09/29/2004,CRP,TX,ASW,CE,Towers with Radar,11,45,34,28,118,1,0,57,0,58,12,45,91,28,176,19,111,130,306
09/30/2004,CRP,TX,ASW,CE,Towers with Radar,11,45,35,21,112,2,0,66,0,68,13,45,101,21,180,18,126,144,324
10/01/2004,CRP,TX,ASW,CE,Combined TRACON& Tower with Radar,9,46,44,33,132,0,9,28,0,37,9,55,72,33,169,19,116,135,304
10/02/2004,CRP,TX,ASW,CE,Combined TRACON& Tower with Radar,7,34,8,9,58,0,1,13,0,14,7,35,21,9,72,0,16,16,88
10/03/2004,CRP,TX,ASW,CE,Combined TRACON& Tower with Radar,9,37,16,12,74,0,2,17,10,29,9,39,33,22,103,7,8,15,118
10/04/2004,CRP,TX,ASW,CE,Combined TRACON& Tower with Radar,14,47,28,66,155,0,0,45,0,45,14,47,73,66,200,44,374,418,618
10/05/2004,CRP,TX,ASW,CE,Combined TRACON& Tower with Radar,14,43,27,24,108,0,0,20,0,20,14,43,47,24,128,0,198,198,326
10/06/2004,CRP,TX,ASW,CE,Combined TRACON& Tower with Radar,12,48,39,33,132,0,1,25,0,26,12,49,64,33,158,8,248,256,414
10/07/2004,CRP,TX,ASW,CE,Combined TRACON& Tower with Radar,12,51,31,18,112,0,1,14,0,15,12,52,45,18,127,0,196,196,323
10/08/2004,CRP,TX,ASW,CE,Combined TRACON& Tower with Radar,12,53,58,38,161,0,3,0,0,3,12,56,58,38,164,14,130,144,308
10/09/2004,CRP,TX,ASW,CE,Combined TRACON& Tower with Radar,7,37,26,6,76,0,4,33,5,42,7,41,59,11,118,16,2,18,136
10/10/2004,CRP,TX,ASW,CE,Combined TRACON& Tower with Radar,9,37,17,20,83,0,5,46,0,51,9,42,63,20,134,12,23,35,169
10/11/2004,CRP,TX,ASW,CE,Combined TRACON& Tower with Radar,13,39,22,25,99,0,2,65,0,67,13,41,87,25,166,18,64,82,248
10/12/2004,CRP,TX,ASW,CE,Combined TRACON& Tower with Radar,13,40,31,47,131,0,2,71,0,73,13,42,102,47,204,15,150,165,369
10/13/2004,CRP,TX,ASW,CE,Combined TRACON& Tower with Radar,12,45,41,37,135,0,1,36,0,37,12,46,77,37,172,18,225,243,415
10/14/2004,CRP,TX,ASW,CE,Combined TRACON& Tower with Radar,11,46,37,25,119,0,3,39,0,42,11,49,76,25,161,15,93,108,269
10/15/2004,CRP,TX,ASW,CE,Combined TRACON& Tower with Radar,12,48,20,34,114,0,4,93,0,97,12,52,113,34,211,11,152,163,374
10/16/2004,CRP,TX,ASW,CE,Combined TRACON& Tower with Radar,7,37,20,22,86,0,5,63,0,68,7,42,83,22,154,41,100,141,295
10/17/2004,CRP,TX,ASW,CE,Combined TRACON& Tower with Radar,12,34,34,22,102,0,2,57,5,64,12,36,91,27,166,42,74,116,282
10/18/2004,CRP,TX,ASW,CE,Combined TRACON& Tower with Radar,12,42,33,46,133,0,0,28,0,28,12,42,61,46,161,25,275,300,461
10/19/2004,CRP,TX,ASW,CE,Combined TRACON& Tower with Radar,12,58,46,39,155,0,0,49,0,49,12,58,95,39,204,30,391,421,625
10/20/2004,CRP,TX,ASW,CE,Combined TRACON& Tower with Radar,13,43,52,29,137,0,3,39,0,42,13,46,91,29,179,57,295,352,531
10/21/2004,CRP,TX,ASW,CE,Combined TRACON& Tower with Radar,12,43,47,21,123,0,4,34,0,38,12,47,81,21,161,19,243,262,423
10/22/2004,CRP,TX,ASW,CE,Combined TRACON& Tower with Radar,12,43,57,55,167,0,2,41,0,43,12,45,98,55,210,20,236,256,466
10/23/2004,CRP,TX,ASW,CE,Combined TRACON& Tower with Radar,7,39,23,39,108,0,1,19,0,20,7,40,42,39,128,26,148,174,302
10/24/2004,CRP,TX,ASW,CE,Combined TRACON& Tower with Radar,9,39,25,29,102,0,2,36,0,38,9,41,61,29,140,25,65,90,230
10/25/2004,CRP,TX,ASW,CE,Combined TRACON& Tower with Radar,12,44,22,67,145,0,0,41,0,41,12,44,63,67,186,33,306,339,525
10/26/2004,CRP,TX,ASW,CE,Combined TRACON& Tower with Radar,13,43,33,45,134,0,8,27,0,35,13,51,60,45,169,35,329,364,533
10/27/2004,CRP,TX,ASW,CE,Combined TRACON& Tower with Radar,11,51,35,40,137,0,7,39,0,46,11,58,74,40,183,10,267,277,460
10/28/2004,CRP,TX,ASW,CE,Combined TRACON& Tower with Radar,12,53,51,38,154,0,0,42,0,42,12,53,93,38,196,19,253,272,468
10/29/2004,CRP,TX,ASW,CE,Combined TRACON& Tower with Radar,12,45,47,50,154,0,4,59,0,63,12,49,106,50,217,33,139,172,389
10/30/2004,CRP,TX,ASW,CE,Combined TRACON& Tower with Radar,7,36,35,10,88,0,1,22,9,32,7,37,57,19,120,38,118,156,276
10/31/2004,CRP,TX,ASW,CE,Combined TRACON& Tower with Radar,9,35,15,30,89,0,8,24,5,37,9,43,39,35,126,2,67,69,195
11/01/2004,CRP,TX,ASW,CE,Combined TRACON& Tower with Radar,15,50,24,19,108,0,2,11,0,13,15,52,35,19,121,10,129,139,260
11/02/2004,CRP,TX,ASW,CE,Combined TRACON& Tower with Radar,13,44,21,46,124,0,0,19,0,19,13,44,40,46,143,36,207,243,386
11/03/2004,CRP,TX,ASW,CE,Combined TRACON& Tower with Radar,12,44,42,30,128,0,2,51,0,53,12,46,93,30,181,6,278,284,465
11/04/2004,CRP,TX,ASW,CE,Combined TRACON& Tower with Radar,12,46,39,29,126,0,3,73,0,76,12,49,112,29,202,5,64,69,271
11/05/2004,CRP,TX,ASW,CE,Combined TRACON& Tower with Radar,12,45,32,48,137,0,4,61,0,65,12,49,93,48,202,26,147,173,375
11/06/2004,CRP,TX,ASW,CE,Combined TRACON& Tower with Radar,8,34,22,16,80,0,2,57,16,75,8,36,79,32,155,30,179,209,364
11/07/2004,CRP,TX,ASW,CE,Combined TRACON& Tower with Radar,10,33,30,21,94,0,2,72,0,74,10,35,102,21,168,43,74,117,285
11/08/2004,CRP,TX,ASW,CE,Combined TRACON& Tower with Radar,12,41,34,40,127,0,4,49,0,53,12,45,83,40,180,18,339,357,537
11/09/2004,CRP,TX,ASW,CE,Combined TRACON& Tower with Radar,12,48,39,47,146,0,2,45,0,47,12,50,84,47,193,25,194,219,412
11/10/2004,CRP,TX,ASW,CE,Combined TRACON& Tower with Radar,16,41,33,45,135,0,1,49,0,50,16,42,82,45,185,17,254,271,456
11/11/2004,CRP,TX,ASW,CE,Combined TRACON& Tower with Radar,12,47,46,3,108,0,2,33,1,36,12,49,79,4,144,13,0,13,157
11/12/2004,CRP,TX,ASW,CE,Combined TRACON& Tower with Radar,12,45,43,17,117,0,0,38,6,44,12,45,81,23,161,20,88,108,269
11/13/2004,CRP,TX,ASW,CE,Combined TRACON& Tower with Radar,8,40,23,8,79,0,1,3,0,4,8,41,26,8,83,13,10,23,106
11/14/2004,CRP,TX,ASW,CE,Combined TRACON& Tower with Radar,10,36,18,12,76,0,1,6,0,7,10,37,24,12,83,0,40,40,123
11/15/2004,CRP,TX,ASW,CE,Combined TRACON& Tower with Radar,12,48,39,31,130,0,0,9,0,9,12,48,48,31,139,4,247,251,390
11/16/2004,CRP,TX,ASW,CE,Combined TRACON& Tower with Radar,14,40,55,40,149,0,1,21,0,22,14,41,76,40,171,7,326,333,504
11/17/2004,CRP,TX,ASW,CE,Combined TRACON& Tower with Radar,11,43,38,24,116,0,1,21,0,22,11,44,59,24,138,8,198,206,344
11/18/2004,CRP,TX,ASW,CE,Combined TRACON& Tower with Radar,12,42,37,24,115,0,5,29,0,34,12,47,66,24,149,30,109,139,288
11/19/2004,CRP,TX,ASW,CE,Combined TRACON& Tower with Radar,16,44,54,25,139,0,1,21,0,22,16,45,75,25,161,18,137,155,316
11/20/2004,CRP,TX,ASW,CE,Combined TRACON& Tower with Radar,9,41,13,53,116,0,7,5,0,12,9,48,18,53,128,19,106,125,253
11/21/2004,CRP,TX,ASW,CE,Combined TRACON& Tower with Radar,13,36,22,36,107,0,0,16,0,16,13,36,38,36,123,38,172,210,333
11/22/2004,CRP,TX,ASW,CE,Combined TRACON& Tower with Radar,29,47,25,28,129,0,0,16,0,16,29,47,41,28,145,13,188,201,346
11/23/2004,CRP,TX,ASW,CE,Combined TRACON& Tower with Radar,13,44,25,26,108,0,3,13,0,16,13,47,38,26,124,0,166,166,290
11/24/2004,CRP,TX,ASW,CE,Combined TRACON& Tower with Radar,15,48,38,20,121,0,0,56,0,56,15,48,94,20,177,8,157,165,342
11/25/2004,CRP,TX,ASW,CE,Combined TRACON& Tower with Radar,5,36,17,0,58,0,4,26,0,30,5,40,43,0,88,0,0,0,88
11/26/2004,CRP,TX,ASW,CE,Combined TRACON& Tower with Radar,7,41,34,10,92,0,8,25,0,33,7,49,59,10,125,30,81,111,236
11/27/2004,CRP,TX,ASW,CE,Combined TRACON& Tower with Radar,6,35,19,6,66,0,1,52,3,56,6,36,71,9,122,28,2,30,152
11/28/2004,CRP,TX,ASW,CE,Combined TRACON& Tower with Radar,10,39,17,8,74,0,1,30,0,31,10,40,47,8,105,2,6,8,113
11/29/2004,CRP,TX,ASW,CE,Combined TRACON& Tower with Radar,12,46,36,28,122,0,1,11,0,12,12,47,47,28,134,10,344,354,488
11/30/2004,CRP,TX,ASW,CE,Combined TRACON& Tower with Radar,12,50,20,29,111,0,0,21,0,21,12,50,41,29,132,8,161,169,301
12/01/2004,CRP,TX,ASW,CE,Combined TRACON& Tower with Radar,12,49,39,26,126,0,2,51,0,53,12,51,90,26,179,26,176,202,381
12/02/2004,CRP,TX,ASW,CE,Combined TRACON& Tower with Radar,12,46,64,42,164,0,7,20,0,27,12,53,84,42,191,26,292,318,509
12/03/2004,CRP,TX,ASW,CE,Combined TRACON& Tower with Radar,16,45,51,37,149,0,3,7,0,10,16,48,58,37,159,0,215,215,374
12/04/2004,CRP,TX,ASW,CE,Combined TRACON& Tower with Radar,7,42,25,21,95,0,1,11,0,12,7,43,36,21,107,8,108,116,223
12/05/2004,CRP,TX,ASW,CE,Combined TRACON& Tower with Radar,10,44,25,37,116,0,1,9,0,10,10,45,34,37,126,20,99,119,245
12/06/2004,CRP,TX,ASW,CE,Combined TRACON& Tower with Radar,12,43,45,32,132,0,3,10,0,13,12,46,55,32,145,0,230,230,375
12/07/2004,CRP,TX,ASW,CE,Combined TRACON& Tower with Radar,13,44,52,30,139,0,3,45,0,48,13,47,97,30,187,10,115,125,312
12/08/2004,CRP,TX,ASW,CE,Combined TRACON& Tower with Radar,12,44,55,45,156,0,1,23,0,24,12,45,78,45,180,14,132,146,326
12/09/2004,CRP,TX,ASW,CE,Combined TRACON& Tower with Radar,12,51,29,25,117,0,4,71,0,75,12,55,100,25,192,3,314,317,509
12/10/2004,CRP,TX,ASW,CE,Combined TRACON& Tower with Radar,12,50,29,55,146,0,2,75,0,77,12,52,104,55,223,2,206,208,431
12/11/2004,CRP,TX,ASW,CE,Combined TRACON& Tower with Radar,6,40,15,12,73,0,4,82,13,99,6,44,97,25,172,35,184,219,391
12/12/2004,CRP,TX,ASW,CE,Combined TRACON& Tower with Radar,10,40,32,27,109,0,1,38,0,39,10,41,70,27,148,8,191,199,347
12/13/2004,CRP,TX,ASW,CE,Combined TRACON& Tower with Radar,12,54,31,24,121,0,2,8,0,10,12,56,39,24,131,2,129,131,262
12/14/2004,CRP,TX,ASW,CE,Combined TRACON& Tower with Radar,12,46,33,43,134,0,6,49,0,55,12,52,82,43,189,9,200,209,398
12/15/2004,CRP,TX,ASW,CE,Combined TRACON& Tower with Radar,12,49,40,29,130,0,11,51,0,62,12,60,91,29,192,13,201,214,406
12/16/2004,CRP,TX,ASW,CE,Combined TRACON& Tower with Radar,12,58,56,24,150,0,4,25,0,29,12,62,81,24,179,38,164,202,381
12/17/2004,CRP,TX,ASW,CE,Combined TRACON& Tower with Radar,12,53,40,41,146,0,3,26,0,29,12,56,66,41,175,0,150,150,325
12/18/2004,CRP,TX,ASW,CE,Combined TRACON& Tower with Radar,7,43,29,33,112,0,7,71,0,78,7,50,100,33,190,4,234,238,428
12/19/2004,CRP,TX,ASW,CE,Combined TRACON& Tower with Radar,10,39,11,13,73,0,0,66,8,74,10,39,77,21,147,40,119,159,306
12/20/2004,CRP,TX,ASW,CE,Combined TRACON& Tower with Radar,12,47,17,25,101,0,3,62,0,65,12,50,79,25,166,6,147,153,319
12/21/2004,CRP,TX,ASW,CE,Combined TRACON& Tower with Radar,12,51,29,27,119,0,11,49,0,60,12,62,78,27,179,39,260,299,478
12/22/2004,CRP,TX,ASW,CE,Combined TRACON& Tower with Radar,13,40,35,30,118,0,5,36,0,41,13,45,71,30,159,8,176,184,343
12/23/2004,CRP,TX,ASW,CE,Combined TRACON& Tower with Radar,12,49,23,4,88,0,1,29,0,30,12,50,52,4,118,2,25,27,145
12/24/2004,CRP,TX,ASW,CE,Combined TRACON& Tower with Radar,13,43,15,0,71,0,0,3,0,3,13,43,18,0,74,0,0,0,74
12/25/2004,CRP,TX,ASW,CE,Combined TRACON& Tower with Radar,9,16,8,0,33,0,0,5,0,5,9,16,13,0,38,0,0,0,38
12/26/2004,CRP,TX,ASW,CE,Combined TRACON& Tower with Radar,14,38,24,0,76,0,5,44,0,49,14,43,68,0,125,20,0,20,145
12/27/2004,CRP,TX,ASW,CE,Combined TRACON& Tower with Radar,12,47,19,6,84,0,0,36,0,36,12,47,55,6,120,4,54,58,178
12/28/2004,CRP,TX,ASW,CE,Combined TRACON& Tower with Radar,12,50,40,13,115,0,1,36,0,37,12,51,76,13,152,8,96,104,256
12/29/2004,CRP,TX,ASW,CE,Combined TRACON& Tower with Radar,12,46,27,13,98,0,3,48,0,51,12,49,75,13,149,12,66,78,227
12/30/2004,CRP,TX,ASW,CE,Combined TRACON& Tower with Radar,12,48,25,6,91,0,1,35,0,36,12,49,60,6,127,12,64,76,203
12/31/2004,CRP,TX,ASW,CE,Combined TRACON& Tower with Radar,12,43,26,0,81,0,7,21,1,29,12,50,47,1,110,6,0,6,116
01/01/2005,CRP,TX,ASW,CE,Combined TRACON& Tower with Radar,10,33,20,0,63,0,1,15,0,16,10,34,35,0,79,24,0,24,103
01/02/2005,CRP,TX,ASW,CE,Combined TRACON& Tower with Radar,10,35,24,0,69,0,0,3,0,3,10,35,27,0,72,4,0,4,76
01/03/2005,CRP,TX,ASW,CE,Combined TRACON& Tower with Radar,11,48,34,21,114,0,4,13,0,17,11,52,47,21,131,2,183,185,316
01/04/2005,CRP,TX,ASW,CE,Combined TRACON& Tower with Radar,13,44,23,27,107,0,4,12,0,16,13,48,35,27,123,4,401,405,528
01/05/2005,CRP,TX,ASW,CE,Combined TRACON& Tower with Radar,12,43,56,27,138,0,2,15,0,17,12,45,71,27,155,27,266,293,448
01/06/2005,CRP,TX,ASW,CE,Combined TRACON& Tower with Radar,12,51,52,21,136,0,6,6,0,12,12,57,58,21,148,13,266,279,427
01/07/2005,CRP,TX,ASW,CE,Combined TRACON& Tower with Radar,12,50,56,15,133,0,2,1,0,3,12,52,57,15,136,0,46,46,182
01/08/2005,CRP,TX,ASW,CE,Combined TRACON& Tower with Radar,6,40,27,20,93,0,1,16,0,17,6,41,43,20,110,18,92,110,220
01/09/2005,CRP,TX,ASW,CE,Combined TRACON& Tower with Radar,10,47,52,24,133,0,0,7,0,7,10,47,59,24,140,16,49,65,205
01/10/2005,CRP,TX,ASW,CE,Combined TRACON& Tower with Radar,10,40,26,28,104,0,0,28,0,28,10,40,54,28,132,6,98,104,236
01/11/2005,CRP,TX,ASW,CE,Combined TRACON& Tower with Radar,12,46,36,49,143,0,6,48,0,54,12,52,84,49,197,12,388,400,597
01/12/2005,CRP,TX,ASW,CE,Combined TRACON& Tower with Radar,11,49,51,26,137,0,2,28,0,30,11,51,79,26,167,6,261,267,434
01/13/2005,CRP,TX,ASW,CE,Combined TRACON& Tower with Radar,15,54,29,47,145,0,1,49,0,50,15,55,78,47,195,2,272,274,469
01/14/2005,CRP,TX,ASW,CE,Combined TRACON& Tower with Radar,12,47,38,61,158,0,1,70,0,71,12,48,108,61,229,2,343,345,574
01/15/2005,CRP,TX,ASW,CE,Combined TRACON& Tower with Radar,6,36,18,48,108,0,2,36,3,41,6,38,54,51,149,14,225,239,388
01/16/2005,CRP,TX,ASW,CE,Combined TRACON& Tower with Radar,13,35,21,24,93,0,3,56,6,65,13,38,77,30,158,11,49,60,218
01/17/2005,CRP,TX,ASW,CE,Combined TRACON& Tower with Radar,12,44,36,34,126,0,3,59,0,62,12,47,95,34,188,16,110,126,314
01/18/2005,CRP,TX,ASW,CE,Combined TRACON& Tower with Radar,12,42,54,27,135,0,5,21,0,26,12,47,75,27,161,20,222,242,403
01/19/2005,CRP,TX,ASW,CE,Combined TRACON& Tower with Radar,12,42,51,46,151,0,5,39,0,44,12,47,90,46,195,24,275,299,494
01/20/2005,CRP,TX,ASW,CE,Combined TRACON& Tower with Radar,12,45,64,27,148,0,3,29,0,32,12,48,93,27,180,45,249,294,474
01/21/2005,CRP,TX,ASW,CE,Combined TRACON& Tower with Radar,14,46,45,28,133,0,0,41,0,41,14,46,86,28,174,20,197,217,391
01/22/2005,CRP,TX,ASW,CE,Combined TRACON& Tower with Radar,9,40,17,23,89,0,12,27,0,39,9,52,44,23,128,15,173,188,316
01/23/2005,CRP,TX,ASW,CE,Combined TRACON& Tower with Radar,10,39,22,30,101,0,3,51,0,54,10,42,73,30,155,16,105,121,276
01/24/2005,CRP,TX,ASW,CE,Combined TRACON& Tower with Radar,14,48,32,38,132,0,0,48,0,48,14,48,80,38,180,28,249,277,457
01/25/2005,CRP,TX,ASW,CE,Combined TRACON& Tower with Radar,12,43,58,35,148,0,1,62,0,63,12,44,120,35,211,9,307,316,527
01/26/2005,CRP,TX,ASW,CE,Combined TRACON& Tower with Radar,13,48,34,37,132,0,0,40,0,40,13,48,74,37,172,22,236,258,430
01/27/2005,CRP,TX,ASW,CE,Combined TRACON& Tower with Radar,14,49,46,14,123,0,0,11,0,11,14,49,57,14,134,6,130,136,270
01/28/2005,CRP,TX,ASW,CE,Combined TRACON& Tower with Radar,12,40,52,40,144,0,0,13,0,13,12,40,65,40,157,1,68,69,226
01/29/2005,CRP,TX,ASW,CE,Combined TRACON& Tower with Radar,8,36,16,24,84,0,0,0,0,0,8,36,16,24,84,6,24,30,114
01/30/2005,CRP,TX,ASW,CE,Combined TRACON& Tower with Radar,12,35,32,10,89,0,0,0,0,0,12,35,32,10,89,10,4,14,103
01/31/2005,CRP,TX,ASW,CE,Combined TRACON& Tower with Radar,13,37,32,5,87,1,0,1,0,2,14,37,33,5,89,0,58,58,147
02/01/2005,CRP,TX,ASW,CE,Combined TRACON& Tower with Radar,12,52,38,8,110,0,0,0,0,0,12,52,38,8,110,12,62,74,184
02/02/2005,CRP,TX,ASW,CE,Combined TRACON& Tower with Radar,12,49,42,38,141,0,3,15,0,18,12,52,57,38,159,0,387,387,546
02/03/2005,CRP,TX,ASW,CE,Combined TRACON& Tower with Radar,12,51,39,49,151,0,2,47,0,49,12,53,86,49,200,16,226,242,442
02/04/2005,CRP,TX,ASW,CE,Combined TRACON& Tower with Radar,12,46,46,34,138,0,2,40,0,42,12,48,86,34,180,23,227,250,430
02/05/2005,CRP,TX,ASW,CE,Combined TRACON& Tower with Radar,8,34,27,25,94,0,4,9,0,13,8,38,36,25,107,12,51,63,170
02/06/2005,CRP,TX,ASW,CE,Combined TRACON& Tower with Radar,11,38,41,39,129,0,2,0,0,2,11,40,41,39,131,14,89,103,234
02/07/2005,CRP,TX,ASW,CE,Combined TRACON& Tower with Radar,12,47,37,18,114,0,1,2,0,3,12,48,39,18,117,4,105,109,226
02/08/2005,CRP,TX,ASW,CE,Combined TRACON& Tower with Radar,11,40,47,2,100,0,0,0,0,0,11,40,47,2,100,4,30,34,134
02/09/2005,CRP,TX,ASW,CE,Combined TRACON& Tower with Radar,15,46,45,10,116,0,1,5,0,6,15,47,50,10,122,28,92,120,242
02/10/2005,CRP,TX,ASW,CE,Combined TRACON& Tower with Radar,13,47,56,36,152,0,3,36,0,39,13,50,92,36,191,19,355,374,565
02/11/2005,CRP,TX,ASW,CE,Combined TRACON& Tower with Radar,12,47,19,28,106,0,4,48,0,52,12,51,67,28,158,26,136,162,320
02/12/2005,CRP,TX,ASW,CE,Combined TRACON& Tower with Radar,8,33,22,23,86,0,4,11,0,15,8,37,33,23,101,10,132,142,243
02/13/2005,CRP,TX,ASW,CE,Combined TRACON& Tower with Radar,12,40,20,27,99,0,2,40,0,42,12,42,60,27,141,8,89,97,238
02/14/2005,CRP,TX,ASW,CE,Combined TRACON& Tower with Radar,14,45,33,32,124,0,6,59,0,65,14,51,92,32,189,18,235,253,442
02/15/2005,CRP,TX,ASW,CE,Combined TRACON& Tower with Radar,12,38,44,22,116,0,6,59,0,65,12,44,103,22,181,3,212,215,396
02/16/2005,CRP,TX,ASW,CE,Combined TRACON& Tower with Radar,12,49,42,41,144,0,3,29,0,32,12,52,71,41,176,23,225,248,424
02/17/2005,CRP,TX,ASW,CE,Combined TRACON& Tower with Radar,14,50,61,55,180,0,3,16,0,19,14,53,77,55,199,395,395,790,989
02/18/2005,CRP,TX,ASW,CE,Combined TRACON& Tower with Radar,12,48,82,39,181,0,2,2,0,4,12,50,84,39,185,18,191,209,394
02/19/2005,CRP,TX,ASW,CE,Combined TRACON& Tower with Radar,8,35,36,22,101,0,0,0,0,0,8,35,36,22,101,13,122,135,236
02/20/2005,CRP,TX,ASW,CE,Combined TRACON& Tower with Radar,10,39,43,38,130,0,5,3,0,8,10,44,46,38,138,21,112,133,271
02/21/2005,CRP,TX,ASW,CE,Combined TRACON& Tower with Radar,12,42,42,36,132,0,2,9,0,11,12,44,51,36,143,8,116,124,267
02/22/2005,CRP,TX,ASW,CE,Combined TRACON& Tower with Radar,12,42,25,40,119,0,0,18,0,18,12,42,43,40,137,0,241,241,378
02/23/2005,CRP,TX,ASW,CE,Combined TRACON& Tower with Radar,12,49,32,19,112,0,0,36,0,36,12,49,68,19,148,21,266,287,435
02/24/2005,CRP,TX,ASW,CE,Combined TRACON& Tower with Radar,12,43,43,28,126,0,1,2,0,3,12,44,45,28,129,0,181,181,310
02/25/2005,CRP,TX,ASW,CE,Combined TRACON& Tower with Radar,12,53,50,36,151,0,0,4,0,4,12,53,54,36,155,1,413,414,569
02/26/2005,CRP,TX,ASW,CE,Combined TRACON& Tower with Radar,8,39,17,7,71,0,4,1,0,5,8,43,18,7,76,0,2,2,78
02/27/2005,CRP,TX,ASW,CE,Combined TRACON& Tower with Radar,10,38,22,46,116,0,2,44,0,46,10,40,66,46,162,9,128,137,299
02/28/2005,CRP,TX,ASW,CE,Combined TRACON& Tower with Radar,12,44,44,45,145,0,2,24,0,26,12,46,68,45,171,15,400,415,586
03/01/2005,CRP,TX,ASW,CE,Combined TRACON& Tower with Radar,13,51,33,47,144,0,2,47,0,49,13,53,80,47,193,5,316,321,514
03/02/2005,CRP,TX,ASW,CE,Combined TRACON& Tower with Radar,13,50,39,14,116,0,3,19,0,22,13,53,58,14,138,0,279,279,417
03/03/2005,CRP,TX,ASW,CE,Combined TRACON& Tower with Radar,12,56,38,9,115,0,3,3,0,6,12,59,41,9,121,0,44,44,165
03/04/2005,CRP,TX,ASW,CE,Combined TRACON& Tower with Radar,14,47,44,36,141,0,8,44,0,52,14,55,88,36,193,18,327,345,538
03/05/2005,CRP,TX,ASW,CE,Combined TRACON& Tower with Radar,8,34,24,19,85,0,2,9,2,13,8,36,33,21,98,8,57,65,163
03/06/2005,CRP,TX,ASW,CE,Combined TRACON& Tower with Radar,10,42,22,22,96,0,4,5,0,9,10,46,27,22,105,4,201,205,310
03/07/2005,CRP,TX,ASW,CE,Combined TRACON& Tower with Radar,17,44,27,30,118,1,1,15,0,17,18,45,42,30,135,0,180,180,315
03/08/2005,CRP,TX,ASW,CE,Combined TRACON& Tower with Radar,10,41,40,41,132,0,1,62,0,63,10,42,102,41,195,32,280,312,507
03/09/2005,CRP,TX,ASW,CE,Combined TRACON& Tower with Radar,12,42,41,27,122,0,2,62,0,64,12,44,103,27,186,23,179,202,388
03/10/2005,CRP,TX,ASW,CE,Combined TRACON& Tower with Radar,12,50,19,31,112,0,6,84,0,90,12,56,103,31,202,38,258,296,498
03/11/2005,CRP,TX,ASW,CE,Combined TRACON& Tower with Radar,12,52,27,40,131,0,4,78,0,82,12,56,105,40,213,24,266,290,503
03/12/2005,CRP,TX,ASW,CE,Combined TRACON& Tower with Radar,8,49,22,39,118,0,2,67,12,81,8,51,89,51,199,25,205,230,429
03/13/2005,CRP,TX,ASW,CE,Combined TRACON& Tower with Radar,13,36,21,24,94,0,5,45,0,50,13,41,66,24,144,16,115,131,275
03/14/2005,CRP,TX,ASW,CE,Combined TRACON& Tower with Radar,12,43,22,42,119,0,5,42,0,47,12,48,64,42,166,4,146,150,316
03/15/2005,CRP,TX,ASW,CE,Combined TRACON& Tower with Radar,12,57,47,27,143,0,0,5,0,5,12,57,52,27,148,0,98,98,246
03/16/2005,CRP,TX,ASW,CE,Combined TRACON& Tower with Radar,14,49,49,40,152,0,1,15,0,16,14,50,64,40,168,2,124,126,294
03/17/2005,CRP,TX,ASW,CE,Combined TRACON& Tower with Radar,12,49,29,37,127,0,9,98,0,107,12,58,127,37,234,32,299,331,565
03/18/2005,CRP,TX,ASW,CE,Combined TRACON& Tower with Radar,12,45,18,58,133,0,8,79,0,87,12,53,97,58,220,2,170,172,392
03/19/2005,CRP,TX,ASW,CE,Combined TRACON& Tower with Radar,8,44,37,38,127,0,2,23,2,27,8,46,60,40,154,16,81,97,251
03/20/2005,CRP,TX,ASW,CE,Combined TRACON& Tower with Radar,10,37,32,58,137,0,0,40,0,40,10,37,72,58,177,16,244,260,437
03/21/2005,CRP,TX,ASW,CE,Combined TRACON& Tower with Radar,12,46,42,50,150,0,2,30,0,32,12,48,72,50,182,9,380,389,571
03/22/2005,CRP,TX,ASW,CE,Combined TRACON& Tower with Radar,12,44,29,46,131,0,4,46,0,50,12,48,75,46,181,40,255,295,476
03/23/2005,CRP,TX,ASW,CE,Combined TRACON& Tower with Radar,12,47,24,26,109,0,7,77,0,84,12,54,101,26,193,12,347,359,552
03/24/2005,CRP,TX,ASW,CE,Combined TRACON& Tower with Radar,12,51,39,32,134,0,0,43,0,43,12,51,82,32,177,30,282,312,489
03/25/2005,CRP,TX,ASW,CE,Combined TRACON& Tower with Radar,12,50,50,55,167,0,2,18,0,20,12,52,68,55,187,22,200,222,409
03/26/2005,CRP,TX,ASW,CE,Combined TRACON& Tower with Radar,8,44,37,39,128,0,1,5,0,6,8,45,42,39,134,36,76,112,246
03/27/2005,CRP,TX,ASW,CE,Combined TRACON& Tower with Radar,10,42,16,8,76,0,1,26,7,34,10,43,42,15,110,2,52,54,164
03/28/2005,CRP,TX,ASW,CE,Combined TRACON& Tower with Radar,12,44,29,36,121,0,2,43,0,45,12,46,72,36,166,14,238,252,418
03/29/2005,CRP,TX,ASW,CE,Combined TRACON& Tower with Radar,12,47,32,21,112,0,1,29,0,30,12,48,61,21,142,0,125,125,267
03/30/2005,CRP,TX,ASW,CE,Combined TRACON& Tower with Radar,12,48,60,44,164,0,0,49,0,49,12,48,109,44,213,4,253,257,470
03/31/2005,CRP,TX,ASW,CE,Combined TRACON& Tower with Radar,14,47,50,40,151,0,4,43,0,47,14,51,93,40,198,10,96,106,304
04/01/2005,CRP,TX,ASW,CE,Combined TRACON& Tower with Radar,12,48,30,34,124,0,5,31,0,36,12,53,61,34,160,0,122,122,282
04/02/2005,CRP,TX,ASW,CE,Combined TRACON& Tower with Radar,9,39,24,2,74,0,1,86,13,100,9,40,110,15,174,4,32,36,210
04/03/2005,CRP,TX,ASW,CE,Combined TRACON& Tower with Radar,10,39,23,14,86,0,4,66,0,70,10,43,89,14,156,7,85,92,248
04/04/2005,CRP,TX,ASW,CE,Combined TRACON& Tower with Radar,12,52,24,30,118,0,5,29,0,34,12,57,53,30,152,2,279,281,433
04/05/2005,CRP,TX,ASW,CE,Combined TRACON& Tower with Radar,11,54,43,38,146,0,0,19,0,19,11,54,62,38,165,30,224,254,419
04/06/2005,CRP,TX,ASW,CE,Combined TRACON& Tower with Radar,16,48,42,42,148,0,4,70,0,74,16,52,112,42,222,4,144,148,370
04/07/2005,CRP,TX,ASW,CE,Combined TRACON& Tower with Radar,12,57,41,41,151,0,7,53,0,60,12,64,94,41,211,18,107,125,336
04/08/2005,CRP,TX,ASW,CE,Combined TRACON& Tower with Radar,12,49,25,41,127,0,12,83,0,95,12,61,108,41,222,2,74,76,298
04/09/2005,CRP,TX,ASW,CE,Combined TRACON& Tower with Radar,6,41,14,3,64,0,4,42,11,57,6,45,56,14,121,12,0,12,133
04/10/2005,CRP,TX,ASW,CE,Combined TRACON& Tower with Radar,10,47,28,38,123,0,12,34,2,48,10,59,62,40,171,2,22,24,195
04/11/2005,CRP,TX,ASW,CE,Combined TRACON& Tower with Radar,23,60,37,42,162,0,0,37,0,37,23,60,74,42,199,16,97,113,312
04/12/2005,CRP,TX,ASW,CE,Combined TRACON& Tower with Radar,14,48,28,37,127,0,2,85,0,87,14,50,113,37,214,16,259,275,489
04/13/2005,CRP,TX,ASW,CE,Combined TRACON& Tower with Radar,12,49,24,61,146,0,2,82,0,84,12,51,106,61,230,9,279,288,518
04/14/2005,CRP,TX,ASW,CE,Combined TRACON& Tower with Radar,12,51,28,41,132,0,3,81,0,84,12,54,109,41,216,24,299,323,539
04/15/2005,CRP,TX,ASW,CE,Combined TRACON& Tower with Radar,14,53,34,35,136,0,3,41,0,44,14,56,75,35,180,20,215,235,415
04/16/2005,CRP,TX,ASW,CE,Combined TRACON& Tower with Radar,6,40,25,54,125,0,10,40,0,50,6,50,65,54,175,16,106,122,297
04/17/2005,CRP,TX,ASW,CE,Combined TRACON& Tower with Radar,10,42,39,30,121,0,2,28,0,30,10,44,67,30,151,20,39,59,210
04/18/2005,CRP,TX,ASW,CE,Combined TRACON& Tower with Radar,12,47,32,45,136,0,0,15,0,15,12,47,47,45,151,18,197,215,366
04/19/2005,CRP,TX,ASW,CE,Combined TRACON& Tower with Radar,12,47,47,34,140,0,4,27,0,31,12,51,74,34,171,9,238,247,418
04/20/2005,CRP,TX,ASW,CE,Combined TRACON& Tower with Radar,11,53,48,30,142,0,2,16,0,18,11,55,64,30,160,1,173,174,334
04/21/2005,CRP,TX,ASW,CE,Combined TRACON& Tower with Radar,13,52,81,23,169,0,0,19,0,19,13,52,100,23,188,16,135,151,339
04/22/2005,CRP,TX,ASW,CE,Combined TRACON& Tower with Radar,12,53,57,45,167,0,3,38,0,41,12,56,95,45,208,28,148,176,384
04/23/2005,CRP,TX,ASW,CE,Combined TRACON& Tower with Radar,6,41,12,38,97,0,2,34,0,36,6,43,46,38,133,0,186,186,319
04/24/2005,CRP,TX,ASW,CE,Combined TRACON& Tower with Radar,10,45,28,29,112,0,0,57,0,57,10,45,85,29,169,7,93,100,269
04/25/2005,CRP,TX,ASW,CE,Combined TRACON& Tower with Radar,11,51,39,18,119,0,0,5,0,5,11,51,44,18,124,4,105,109,233
04/26/2005,CRP,TX,ASW,CE,Combined TRACON& Tower with Radar,13,65,42,23,143,0,0,40,0,40,13,65,82,23,183,7,296,303,486
04/27/2005,CRP,TX,ASW,CE,Combined TRACON& Tower with Radar,12,49,44,19,124,0,4,63,0,67,12,53,107,19,191,15,191,206,397
04/28/2005,CRP,TX,ASW,CE,Combined TRACON& Tower with Radar,12,61,53,35,161,0,0,34,0,34,12,61,87,35,195,18,254,272,467
04/29/2005,CRP,TX,ASW,CE,Combined TRACON& Tower with Radar,12,59,60,55,186,0,0,32,0,32,12,59,92,55,218,42,201,243,461
04/30/2005,CRP,TX,ASW,CE,Combined TRACON& Tower with Radar,6,38,20,12,76,0,0,31,18,49,6,38,51,30,125,2,100,102,227
05/01/2005,CRP,TX,ASW,CE,Combined TRACON& Tower with Radar,10,45,25,26,106,0,0,64,3,67,10,45,89,29,173,6,145,151,324
05/02/2005,CRP,TX,ASW,CE,Combined TRACON& Tower with Radar,12,60,31,40,143,0,0,52,0,52,12,60,83,40,195,28,196,224,419
05/03/2005,CRP,TX,ASW,CE,Combined TRACON& Tower with Radar,12,50,23,41,126,0,1,35,0,36,12,51,58,41,162,14,339,353,515
05/04/2005,CRP,TX,ASW,CE,Combined TRACON& Tower with Radar,11,51,38,33,133,0,0,23,0,23,11,51,61,33,156,0,293,293,449
05/05/2005,CRP,TX,ASW,CE,Combined TRACON& Tower with Radar,13,54,34,36,137,0,4,54,0,58,13,58,88,36,195,32,335,367,562
05/06/2005,CRP,TX,ASW,CE,Combined TRACON& Tower with Radar,12,55,34,33,134,0,0,52,0,52,12,55,86,33,186,10,99,109,295
05/07/2005,CRP,TX,ASW,CE,Combined TRACON& Tower with Radar,6,46,25,14,91,0,5,12,0,17,6,51,37,14,108,4,37,41,149
05/08/2005,CRP,TX,ASW,CE,Combined TRACON& Tower with Radar,16,54,19,10,99,0,2,6,1,9,16,56,25,11,108,2,38,40,148
05/09/2005,CRP,TX,ASW,CE,Combined TRACON& Tower with Radar,17,49,53,20,139,0,1,10,0,11,17,50,63,20,150,6,196,202,352
05/10/2005,CRP,TX,ASW,CE,Combined TRACON& Tower with Radar,12,45,54,48,159,0,0,23,0,23,12,45,77,48,182,8,175,183,365
05/11/2005,CRP,TX,ASW,CE,Combined TRACON& Tower with Radar,12,49,57,16,134,0,0,28,0,28,12,49,85,16,162,10,102,112,274
05/12/2005,CRP,TX,ASW,CE,Combined TRACON& Tower with Radar,12,55,66,40,173,0,6,19,0,25,12,61,85,40,198,12,234,246,444
05/13/2005,CRP,TX,ASW,CE,Combined TRACON& Tower with Radar,12,55,52,40,159,0,0,29,0,29,12,55,81,40,188,18,193,211,399
05/14/2005,CRP,TX,ASW,CE,Combined TRACON& Tower with Radar,6,40,27,26,99,0,1,34,8,43,6,41,61,34,142,34,155,189,331
05/15/2005,CRP,TX,ASW,CE,Combined TRACON& Tower with Radar,10,40,22,29,101,0,1,36,0,37,10,41,58,29,138,15,94,109,247
05/16/2005,CRP,TX,ASW,CE,Combined TRACON& Tower with Radar,12,47,48,27,134,0,3,15,0,18,12,50,63,27,152,36,225,261,413
05/17/2005,CRP,TX,ASW,CE,Combined TRACON& Tower with Radar,13,46,43,45,147,0,0,39,0,39,13,46,82,45,186,34,305,339,525
05/18/2005,CRP,TX,ASW,CE,Combined TRACON& Tower with Radar,12,54,44,19,129,0,2,37,0,39,12,56,81,19,168,22,151,173,341
05/19/2005,CRP,TX,ASW,CE,Combined TRACON& Tower with Radar,12,51,42,20,125,0,3,36,0,39,12,54,78,20,164,15,107,122,286
05/20/2005,CRP,TX,ASW,CE,Combined TRACON& Tower with Radar,12,54,51,35,152,0,1,51,0,52,12,55,102,35,204,30,143,173,377
05/21/2005,CRP,TX,ASW,CE,Combined TRACON& Tower with Radar,8,40,20,15,83,0,6,49,20,75,8,46,69,35,158,28,191,219,377
05/22/2005,CRP,TX,ASW,CE,Combined TRACON& Tower with Radar,10,44,8,37,99,0,3,64,0,67,10,47,72,37,166,11,141,152,318
05/23/2005,CRP,TX,ASW,CE,Combined TRACON& Tower with Radar,12,55,34,17,118,0,4,48,0,52,12,59,82,17,170,19,222,241,411
05/24/2005,CRP,TX,ASW,CE,Combined TRACON& Tower with Radar,13,44,33,33,123,0,11,51,0,62,13,55,84,33,185,0,234,234,419
05/25/2005,CRP,TX,ASW,CE,Combined TRACON& Tower with Radar,13,50,45,28,136,0,5,63,0,68,13,55,108,28,204,19,201,220,424
05/26/2005,CRP,TX,ASW,CE,Combined TRACON& Tower with Radar,12,53,39,27,131,0,2,25,0,27,12,55,64,27,158,12,257,269,427
05/27/2005,CRP,TX,ASW,CE,Combined TRACON& Tower with Radar,13,56,31,4,104,0,1,42,6,49,13,57,73,10,153,9,54,63,216
05/28/2005,CRP,TX,ASW,CE,Combined TRACON& Tower with Radar,6,40,18,5,69,0,3,34,4,41,6,43,52,9,110,10,55,65,175
05/29/2005,CRP,TX,ASW,CE,Combined TRACON& Tower with Radar,6,31,5,1,43,0,1,18,10,29,6,32,23,11,72,8,50,58,130
05/30/2005,CRP,TX,ASW,CE,Combined TRACON& Tower with Radar,10,43,26,8,87,0,0,36,0,36,10,43,62,8,123,32,28,60,183
05/31/2005,CRP,TX,ASW,CE,Combined TRACON& Tower with Radar,12,46,28,30,116,0,4,50,0,54,12,50,78,30,170,8,258,266,436
06/01/2005,CRP,TX,ASW,CE,Combined TRACON& Tower with Radar,13,51,40,16,120,0,3,32,0,35,13,54,72,16,155,0,147,147,302
06/02/2005,CRP,TX,ASW,CE,Combined TRACON& Tower with Radar,14,52,23,24,113,0,2,69,0,71,14,54,92,24,184,22,246,268,452
06/03/2005,CRP,TX,ASW,CE,Combined TRACON& Tower with Radar,12,49,38,26,125,0,8,16,0,24,12,57,54,26,149,0,164,164,313
06/04/2005,CRP,TX,ASW,CE,Combined TRACON& Tower with Radar,6,39,16,32,93,0,1,27,0,28,6,40,43,32,121,4,115,119,240
06/05/2005,CRP,TX,ASW,CE,Combined TRACON& Tower with Radar,12,43,27,35,117,0,4,28,0,32,12,47,55,35,149,4,130,134,283
06/06/2005,CRP,TX,ASW,CE,Combined TRACON& Tower with Radar,12,46,45,23,126,0,0,26,0,26,12,46,71,23,152,21,51,72,224
06/07/2005,CRP,TX,ASW,CE,Combined TRACON& Tower with Radar,12,47,47,30,136,0,4,23,0,27,12,51,70,30,163,19,58,77,240
06/08/2005,CRP,TX,ASW,CE,Combined TRACON& Tower with Radar,12,47,36,30,125,0,2,38,0,40,12,49,74,30,165,14,103,117,282
06/09/2005,CRP,TX,ASW,CE,Combined TRACON& Tower with Radar,12,49,32,21,114,0,4,42,0,46,12,53,74,21,160,0,61,61,221
06/10/2005,CRP,TX,ASW,CE,Combined TRACON& Tower with Radar,12,55,45,47,159,0,6,35,0,41,12,61,80,47,200,14,69,83,283
06/11/2005,CRP,TX,ASW,CE,Combined TRACON& Tower with Radar,6,43,17,40,106,0,6,33,5,44,6,49,50,45,150,20,153,173,323
06/12/2005,CRP,TX,ASW,CE,Combined TRACON& Tower with Radar,10,51,18,9,88,0,2,39,11,52,10,53,57,20,140,2,73,75,215
06/13/2005,CRP,TX,ASW,CE,Combined TRACON& Tower with Radar,12,51,43,35,141,0,1,27,0,28,12,52,70,35,169,21,82,103,272
06/14/2005,CRP,TX,ASW,CE,Combined TRACON& Tower with Radar,12,56,41,11,120,0,9,52,0,61,12,65,93,11,181,2,99,101,282
06/15/2005,CRP,TX,ASW,CE,Combined TRACON& Tower with Radar,12,57,38,24,131,0,2,50,0,52,12,59,88,24,183,9,167,176,359
06/16/2005,CRP,TX,ASW,CE,Combined TRACON& Tower with Radar,12,57,39,27,135,0,1,62,0,63,12,58,101,27,198,18,60,78,276
06/17/2005,CRP,TX,ASW,CE,Combined TRACON& Tower with Radar,14,64,27,31,136,0,10,51,0,61,14,74,78,31,197,23,109,132,329
06/18/2005,CRP,TX,ASW,CE,Combined TRACON& Tower with Radar,6,44,13,22,85,0,1,66,7,74,6,45,79,29,159,10,65,75,234
06/19/2005,CRP,TX,ASW,CE,Combined TRACON& Tower with Radar,10,45,13,24,92,0,10,52,0,62,10,55,65,24,154,0,52,52,206
06/20/2005,CRP,TX,ASW,CE,Combined TRACON& Tower with Radar,14,47,25,30,116,0,8,47,0,55,14,55,72,30,171,2,109,111,282
06/21/2005,CRP,TX,ASW,CE,Combined TRACON& Tower with Radar,12,57,30,25,124,0,6,64,0,70,12,63,94,25,194,22,127,149,343
06/22/2005,CRP,TX,ASW,CE,Combined TRACON& Tower with Radar,12,54,32,30,128,0,2,58,0,60,12,56,90,30,188,8,219,227,415
06/23/2005,CRP,TX,ASW,CE,Combined TRACON& Tower with Radar,12,58,36,28,134,0,6,58,0,64,12,64,94,28,198,10,115,125,323
06/24/2005,CRP,TX,ASW,CE,Combined TRACON& Tower with Radar,12,54,30,27,123,0,4,62,0,66,12,58,92,27,189,11,51,62,251
06/25/2005,CRP,TX,ASW,CE,Combined TRACON& Tower with Radar,6,45,9,28,88,0,0,48,4,52,6,45,57,32,140,8,74,82,222
06/26/2005,CRP,TX,ASW,CE,Combined TRACON& Tower with Radar,10,43,13,16,82,0,4,65,13,82,10,47,78,29,164,5,18,23,187
06/27/2005,CRP,TX,ASW,CE,Combined TRACON& Tower with Radar,12,52,28,30,122,0,3,43,0,46,12,55,71,30,168,0,87,87,255
06/28/2005,CRP,TX,ASW,CE,Combined TRACON& Tower with Radar,12,52,27,34,125,0,4,40,0,44,12,56,67,34,169,14,131,145,314
06/29/2005,CRP,TX,ASW,CE,Combined TRACON& Tower with Radar,14,52,39,38,143,0,2,51,0,53,14,54,90,38,196,2,96,98,294
06/30/2005,CRP,TX,ASW,CE,Combined TRACON& Tower with Radar,12,52,29,23,116,0,2,60,0,62,12,54,89,23,178,15,108,123,301
07/01/2005,CRP,TX,ASW,CE,Combined TRACON& Tower with Radar,11,51,31,31,124,0,7,56,0,63,11,58,87,31,187,8,65,73,260
07/02/2005,CRP,TX,ASW,CE,Combined TRACON& Tower with Radar,9,46,11,2,68,0,4,46,19,69,9,50,57,21,137,13,108,121,258
07/03/2005,CRP,TX,ASW,CE,Combined TRACON& Tower with Radar,6,41,8,6,61,0,0,46,9,55,6,41,54,15,116,18,46,64,180
07/04/2005,CRP,TX,ASW,CE,Combined TRACON& Tower with Radar,10,37,13,18,78,0,1,39,3,43,10,38,52,21,121,0,19,19,140
07/05/2005,CRP,TX,ASW,CE,Combined TRACON& Tower with Radar,13,43,21,36,113,0,3,50,0,53,13,46,71,36,166,0,108,108,274
07/06/2005,CRP,TX,ASW,CE,Combined TRACON& Tower with Radar,13,55,22,31,121,0,5,64,0,69,13,60,86,31,190,12,164,176,366
07/07/2005,CRP,TX,ASW,CE,Combined TRACON& Tower with Radar,19,51,26,28,124,0,0,47,0,47,19,51,73,28,171,8,119,127,298
07/08/2005,CRP,TX,ASW,CE,Combined TRACON& Tower with Radar,13,61,32,42,148,0,8,53,0,61,13,69,85,42,209,2,129,131,340
07/09/2005,CRP,TX,ASW,CE,Combined TRACON& Tower with Radar,8,44,11,40,103,0,2,39,7,48,8,46,50,47,151,16,152,168,319
07/10/2005,CRP,TX,ASW,CE,Combined TRACON& Tower with Radar,10,48,9,36,103,0,1,41,0,42,10,49,50,36,145,6,102,108,253
07/11/2005,CRP,TX,ASW,CE,Combined TRACON& Tower with Radar,12,50,20,25,107,0,9,31,0,40,12,59,51,25,147,0,63,63,210
07/12/2005,CRP,TX,ASW,CE,Combined TRACON& Tower with Radar,12,54,28,19,113,0,7,47,0,54,12,61,75,19,167,0,83,83,250
07/13/2005,CRP,TX,ASW,CE,Combined TRACON& Tower with Radar,11,58,41,25,135,0,8,34,0,42,11,66,75,25,177,8,163,171,348
07/14/2005,CRP,TX,ASW,CE,Combined TRACON& Tower with Radar,14,45,22,30,111,0,1,62,0,63,14,46,84,30,174,10,137,147,321
07/15/2005,CRP,TX,ASW,CE,Combined TRACON& Tower with Radar,13,48,37,30,128,0,2,9,0,11,13,50,46,30,139,0,76,76,215
07/16/2005,CRP,TX,ASW,CE,Combined TRACON& Tower with Radar,8,44,4,7,63,0,5,6,0,11,8,49,10,7,74,12,8,20,94
07/17/2005,CRP,TX,ASW,CE,Combined TRACON& Tower with Radar,23,44,17,12,96,0,5,19,0,24,23,49,36,12,120,2,21,23,143
07/18/2005,CRP,TX,ASW,CE,Combined TRACON& Tower with Radar,13,49,15,21,98,0,3,27,0,30,13,52,42,21,128,8,49,57,185
07/19/2005,CRP,TX,ASW,CE,Combined TRACON& Tower with Radar,13,53,27,6,99,0,2,12,4,18,13,55,39,10,117,0,6,6,123
07/20/2005,CRP,TX,ASW,CE,Combined TRACON& Tower with Radar,12,52,17,0,81,0,0,4,0,4,12,52,21,0,85,2,0,2,87
07/21/2005,CRP,TX,ASW,CE,Combined TRACON& Tower with Radar,12,53,35,23,123,0,3,31,0,34,12,56,66,23,157,2,92,94,251
07/22/2005,CRP,TX,ASW,CE,Combined TRACON& Tower with Radar,11,52,31,24,118,0,4,32,0,36,11,56,63,24,154,2,135,137,291
07/23/2005,CRP,TX,ASW,CE,Combined TRACON& Tower with Radar,7,41,14,18,80,0,6,39,4,49,7,47,53,22,129,22,40,62,191
07/24/2005,CRP,TX,ASW,CE,Combined TRACON& Tower with Radar,11,45,18,24,98,0,2,22,0,24,11,47,40,24,122,36,133,169,291
07/25/2005,CRP,TX,ASW,CE,Combined TRACON& Tower with Radar,13,51,27,29,120,0,0,39,0,39,13,51,66,29,159,3,72,75,234
07/26/2005,CRP,TX,ASW,CE,Combined TRACON& Tower with Radar,12,59,30,23,124,0,4,56,0,60,12,63,86,23,184,10,88,98,282
07/27/2005,CRP,TX,ASW,CE,Combined TRACON& Tower with Radar,12,53,25,25,115,0,1,37,0,38,12,54,62,25,153,18,105,123,276
07/28/2005,CRP,TX,ASW,CE,Combined TRACON& Tower with Radar,11,53,24,30,118,0,3,46,0,49,11,56,70,30,167,14,122,136,303
07/29/2005,CRP,TX,ASW,CE,Combined TRACON& Tower with Radar,12,64,16,43,135,0,6,59,0,65,12,70,75,43,200,16,133,149,349
07/30/2005,CRP,TX,ASW,CE,Combined TRACON& Tower with Radar,7,49,17,35,108,0,0,19,0,19,7,49,36,35,127,14,120,134,261
07/31/2005,CRP,TX,ASW,CE,Combined TRACON& Tower with Radar,10,42,11,49,112,0,0,74,0,74,10,42,85,49,186,4,125,129,315
08/01/2005,CRP,TX,ASW,CE,Combined TRACON& Tower with Radar,15,52,21,20,108,0,3,36,0,39,15,55,57,20,147,22,160,182,329
08/02/2005,CRP,TX,ASW,CE,Combined TRACON& Tower with Radar,13,50,35,32,130,0,1,62,0,63,13,51,97,32,193,4,180,184,377
08/03/2005,CRP,TX,ASW,CE,Combined TRACON& Tower with Radar,13,56,31,29,129,0,2,53,0,55,13,58,84,29,184,12,170,182,366
08/04/2005,CRP,TX,ASW,CE,Combined TRACON& Tower with Radar,13,50,39,40,142,0,3,60,0,63,13,53,99,40,205,14,162,176,381
08/05/2005,CRP,TX,ASW,CE,Combined TRACON& Tower with Radar,12,56,35,26,129,0,2,47,0,49,12,58,82,26,178,2,168,170,348
08/06/2005,CRP,TX,ASW,CE,Combined TRACON& Tower with Radar,7,44,7,19,77,0,1,31,0,32,7,45,38,19,109,2,14,16,125
08/07/2005,CRP,TX,ASW,CE,Combined TRACON& Tower with Radar,9,43,29,19,100,0,6,32,0,38,9,49,61,19,138,9,87,96,234
08/08/2005,CRP,TX,ASW,CE,Combined TRACON& Tower with Radar,12,49,20,30,111,0,1,49,0,50,12,50,69,30,161,22,104,126,287
08/09/2005,CRP,TX,ASW,CE,Combined TRACON& Tower with Radar,13,53,28,29,123,1,3,47,0,51,14,56,75,29,174,4,137,141,315
08/10/2005,CRP,TX,ASW,CE,Combined TRACON& Tower with Radar,14,49,32,37,132,0,1,48,0,49,14,50,80,37,181,2,169,171,352
08/11/2005,CRP,TX,ASW,CE,Combined TRACON& Tower with Radar,12,47,29,45,133,0,2,52,0,54,12,49,81,45,187,3,202,205,392
08/12/2005,CRP,TX,ASW,CE,Combined TRACON& Tower with Radar,15,51,26,43,135,0,1,57,0,58,15,52,83,43,193,14,47,61,254
08/13/2005,CRP,TX,ASW,CE,Combined TRACON& Tower with Radar,6,44,11,35,96,0,5,38,0,43,6,49,49,35,139,8,78,86,225
08/14/2005,CRP,TX,ASW,CE,Combined TRACON& Tower with Radar,13,50,21,39,123,0,0,36,0,36,13,50,57,39,159,2,47,49,208
08/15/2005,CRP,TX,ASW,CE,Combined TRACON& Tower with Radar,19,53,21,20,113,0,1,27,0,28,19,54,48,20,141,0,61,61,202
08/16/2005,CRP,TX,ASW,CE,Combined TRACON& Tower with Radar,11,57,29,29,126,0,0,38,0,38,11,57,67,29,164,0,68,68,232
08/17/2005,CRP,TX,ASW,CE,Combined TRACON& Tower with Radar,12,50,32,29,123,0,4,43,0,47,12,54,75,29,170,10,61,71,241
08/18/2005,CRP,TX,ASW,CE,Combined TRACON& Tower with Radar,13,53,28,35,129,0,4,48,0,52,13,57,76,35,181,6,133,139,320
08/19/2005,CRP,TX,ASW,CE,Combined TRACON& Tower with Radar,12,48,25,49,134,0,3,48,0,51,12,51,73,49,185,0,77,77,262
08/20/2005,CRP,TX,ASW,CE,Combined TRACON& Tower with Radar,6,40,20,44,110,0,1,41,2,44,6,41,61,46,154,14,27,41,195
08/21/2005,CRP,TX,ASW,CE,Combined TRACON& Tower with Radar,9,45,17,40,111,0,4,58,0,62,9,49,75,40,173,0,127,127,300
08/22/2005,CRP,TX,ASW,CE,Combined TRACON& Tower with Radar,13,48,25,32,118,0,2,41,0,43,13,50,66,32,161,0,61,61,222
08/23/2005,CRP,TX,ASW,CE,Combined TRACON& Tower with Radar,12,48,32,30,122,0,2,42,0,44,12,50,74,30,166,15,60,75,241
08/24/2005,CRP,TX,ASW,CE,Combined TRACON& Tower with Radar,12,51,13,24,100,0,7,72,0,79,12,58,85,24,179,2,133,135,314
08/25/2005,CRP,TX,ASW,CE,Combined TRACON& Tower with Radar,14,52,24,28,118,0,0,36,0,36,14,52,60,28,154,2,123,125,279
08/26/2005,CRP,TX,ASW,CE,Combined TRACON& Tower with Radar,12,46,18,25,101,0,3,51,0,54,12,49,69,25,155,8,120,128,283
08/27/2005,CRP,TX,ASW,CE,Combined TRACON& Tower with Radar,6,38,20,23,87,0,0,38,0,38,6,38,58,23,125,28,12,40,165
08/28/2005,CRP,TX,ASW,CE,Combined TRACON& Tower with Radar,12,46,20,27,105,0,2,43,0,45,12,48,63,27,150,0,24,24,174
08/29/2005,CRP,TX,ASW,CE,Combined TRACON& Tower with Radar,18,48,24,26,116,0,3,28,0,31,18,51,52,26,147,2,143,145,292
08/30/2005,CRP,TX,ASW,CE,Combined TRACON& Tower with Radar,12,49,41,32,134,0,0,46,0,46,12,49,87,32,180,4,116,120,300
08/31/2005,CRP,TX,ASW,CE,Combined TRACON& Tower with Radar,11,50,30,26,117,0,2,56,0,58,11,52,86,26,175,11,96,107,282
09/01/2005,CRP,TX,ASW,CE,Combined TRACON& Tower with Radar,13,51,38,22,124,0,1,24,0,25,13,52,62,22,149,6,40,46,195
09/02/2005,CRP,TX,ASW,CE,Combined TRACON& Tower with Radar,12,53,27,3,95,0,2,26,4,32,12,55,53,7,127,0,30,30,157
09/03/2005,CRP,TX,ASW,CE,Combined TRACON& Tower with Radar,16,43,14,20,93,0,8,22,0,30,16,51,36,20,123,0,12,12,135
09/04/2005,CRP,TX,ASW,CE,Combined TRACON& Tower with Radar,6,37,11,10,64,0,2,31,0,33,6,39,42,10,97,0,20,20,117
09/05/2005,CRP,TX,ASW,CE,Combined TRACON& Tower with Radar,10,48,21,21,100,0,6,42,0,48,10,54,63,21,148,4,12,16,164
09/06/2005,CRP,TX,ASW,CE,Combined TRACON& Tower with Radar,12,52,23,45,132,0,4,45,0,49,12,56,68,45,181,0,101,101,282
09/07/2005,CRP,TX,ASW,CE,Combined TRACON& Tower with Radar,12,48,28,47,135,0,4,27,0,31,12,52,55,47,166,6,282,288,454
09/08/2005,CRP,TX,ASW,CE,Combined TRACON& Tower with Radar,12,48,42,18,120,0,0,21,0,21,12,48,63,18,141,0,73,73,214
09/09/2005,CRP,TX,ASW,CE,Combined TRACON& Tower with Radar,14,49,37,21,121,0,1,17,0,18,14,50,54,21,139,2,32,34,173
09/10/2005,CRP,TX,ASW,CE,Combined TRACON& Tower with Radar,6,38,18,23,85,0,6,19,0,25,6,44,37,23,110,48,22,70,180
09/11/2005,CRP,TX,ASW,CE,Combined TRACON& Tower with Radar,10,41,19,20,90,0,2,7,0,9,10,43,26,20,99,0,11,11,110
09/12/2005,CRP,TX,ASW,CE,Combined TRACON& Tower with Radar,14,48,27,49,138,0,0,30,0,30,14,48,57,49,168,2,154,156,324
09/13/2005,CRP,TX,ASW,CE,Combined TRACON& Tower with Radar,12,46,23,46,127,0,1,32,0,33,12,47,55,46,160,18,155,173,333
09/14/2005,CRP,TX,ASW,CE,Combined TRACON& Tower with Radar,14,49,27,31,121,0,1,40,0,41,14,50,67,31,162,6,181,187,349
09/15/2005,CRP,TX,ASW,CE,Combined TRACON& Tower with Radar,11,57,27,33,128,0,3,30,0,33,11,60,57,33,161,6,197,203,364
09/16/2005,CRP,TX,ASW,CE,Combined TRACON& Tower with Radar,15,60,22,49,146,0,4,56,0,60,15,64,78,49,206,0,108,108,314
09/17/2005,CRP,TX,ASW,CE,Combined TRACON& Tower with Radar,5,35,13,24,77,0,2,48,0,50,5,37,61,24,127,5,53,58,185
09/18/2005,CRP,TX,ASW,CE,Combined TRACON& Tower with Radar,10,43,9,32,94,0,9,60,9,78,10,52,69,41,172,2,162,164,336
09/19/2005,CRP,TX,ASW,CE,Combined TRACON& Tower with Radar,12,55,27,31,125,0,6,46,0,52,12,61,73,31,177,2,80,82,259
09/20/2005,CRP,TX,ASW,CE,Combined TRACON& Tower with Radar,12,45,23,19,99,0,3,58,0,61,12,48,81,19,160,8,153,161,321
09/21/2005,CRP,TX,ASW,CE,Combined TRACON& Tower with Radar,14,58,38,6,116,0,2,85,2,89,14,60,123,8,205,0,1,1,206
09/22/2005,CRP,TX,ASW,CE,Combined TRACON& Tower with Radar,14,65,26,0,105,0,10,72,2,84,14,75,98,2,189,0,0,0,189
09/23/2005,CRP,TX,ASW,CE,Combined TRACON& Tower with Radar,27,31,9,0,67,0,9,24,3,36,27,40,33,3,103,0,0,0,103
09/24/2005,CRP,TX,ASW,CE,Combined TRACON& Tower with Radar,0,24,8,7,39,0,4,16,0,20,0,28,24,7,59,0,11,11,70
09/25/2005,CRP,TX,ASW,CE,Combined TRACON& Tower with Radar,9,31,12,9,61,0,8,43,2,53,9,39,55,11,114,2,13,15,129
09/26/2005,CRP,TX,ASW,CE,Combined TRACON& Tower with Radar,12,49,19,29,109,0,5,37,0,42,12,54,56,29,151,7,108,115,266
09/27/2005,CRP,TX,ASW,CE,Combined TRACON& Tower with Radar,12,47,29,31,119,0,12,48,0,60,12,59,77,31,179,17,94,111,290
09/28/2005,CRP,TX,ASW,CE,Combined TRACON& Tower with Radar,12,50,23,31,116,0,9,76,0,85,12,59,99,31,201,8,57,65,266
09/29/2005,CRP,TX,ASW,CE,Combined TRACON& Tower with Radar,13,50,22,17,102,0,3,46,0,49,13,53,68,17,151,0,62,62,213
09/30/2005,CRP,TX,ASW,CE,Combined TRACON& Tower with Radar,12,56,25,12,105,0,3,43,0,46,12,59,68,12,151,4,71,75,226
10/01/2005,CRP,TX,ASW,CE,Combined TRACON& Tower with Radar,9,44,9,0,62,0,5,52,0,57,9,49,61,0,119,10,0,10,129
10/02/2005,CRP,TX,ASW,CE,Combined TRACON& Tower with Radar,10,46,7,0,63,0,7,28,0,35,10,53,35,0,98,0,0,0,98
10/03/2005,CRP,TX,ASW,CE,Combined TRACON& Tower with Radar,12,49,8,33,102,0,0,38,0,38,12,49,46,33,140,0,118,118,258
10/04/2005,CRP,TX,ASW,CE,Combined TRACON& Tower with Radar,12,57,17,28,114,0,0,27,0,27,12,57,44,28,141,0,84,84,225
10/05/2005,CRP,TX,ASW,CE,Combined TRACON& Tower with Radar,14,60,35,33,142,0,1,42,0,43,14,61,77,33,185,6,177,183,368
10/06/2005,CRP,TX,ASW,CE,Combined TRACON& Tower with Radar,12,50,26,23,111,0,2,32,0,34,12,52,58,23,145,0,2,2,147
10/07/2005,CRP,TX,ASW,CE,Combined TRACON& Tower with Radar,12,50,35,17,114,0,0,20,0,20,12,50,55,17,134,9,73,82,216
10/08/2005,CRP,TX,ASW,CE,Combined TRACON& Tower with Radar,6,39,13,11,69,0,5,54,5,64,6,44,67,16,133,8,4,12,145
10/09/2005,CRP,TX,ASW,CE,Combined TRACON& Tower with Radar,12,43,17,17,89,0,0,65,0,65,12,43,82,17,154,2,24,26,180
10/10/2005,CRP,TX,ASW,CE,Combined TRACON& Tower with Radar,12,46,34,21,113,0,0,19,0,19,12,46,53,21,132,2,39,41,173
10/11/2005,CRP,TX,ASW,CE,Combined TRACON& Tower with Radar,12,46,32,12,102,0,2,9,0,11,12,48,41,12,113,0,14,14,127
10/12/2005,CRP,TX,ASW,CE,Combined TRACON& Tower with Radar,12,50,45,39,146,0,3,55,0,58,12,53,100,39,204,10,113,123,327
10/13/2005,CRP,TX,ASW,CE,Combined TRACON& Tower with Radar,12,50,48,45,155,0,5,54,0,59,12,55,102,45,214,4,129,133,347
10/14/2005,CRP,TX,ASW,CE,Combined TRACON& Tower with Radar,14,56,22,25,117,0,1,44,0,45,14,57,66,25,162,0,91,91,253
10/15/2005,CRP,TX,ASW,CE,Combined TRACON& Tower with Radar,7,37,18,19,81,1,8,85,0,94,8,45,103,19,175,2,30,32,207
10/16/2005,CRP,TX,ASW,CE,Combined TRACON& Tower with Radar,10,44,27,17,98,0,2,98,2,102,10,46,125,19,200,10,12,22,222
10/17/2005,CRP,TX,ASW,CE,Combined TRACON& Tower with Radar,13,50,27,28,118,0,0,54,0,54,13,50,81,28,172,0,284,284,456
10/18/2005,CRP,TX,ASW,CE,Combined TRACON& Tower with Radar,12,47,26,41,126,0,6,44,0,50,12,53,70,41,176,0,153,153,329
10/19/2005,CRP,TX,ASW,CE,Combined TRACON& Tower with Radar,12,54,19,34,119,0,8,31,0,39,12,62,50,34,158,2,188,190,348
10/20/2005,CRP,TX,ASW,CE,Combined TRACON& Tower with Radar,12,48,20,12,92,0,2,51,0,53,12,50,71,12,145,5,126,131,276
10/21/2005,CRP,TX,ASW,CE,Combined TRACON& Tower with Radar,12,52,25,33,122,0,5,45,0,50,12,57,70,33,172,2,84,86,258
10/22/2005,CRP,TX,ASW,CE,Combined TRACON& Tower with Radar,5,38,11,10,64,0,5,45,4,54,5,43,56,14,118,2,18,20,138
10/23/2005,CRP,TX,ASW,CE,Combined TRACON& Tower with Radar,10,43,14,14,81,0,3,50,3,56,10,46,64,17,137,0,13,13,150
10/24/2005,CRP,TX,ASW,CE,Combined TRACON& Tower with Radar,12,52,27,54,145,0,1,27,0,28,12,53,54,54,173,0,124,124,297
10/25/2005,CRP,TX,ASW,CE,Combined TRACON& Tower with Radar,12,53,34,24,123,0,3,57,0,60,12,56,91,24,183,17,179,196,379
10/26/2005,CRP,TX,ASW,CE,Combined TRACON& Tower with Radar,12,52,34,25,123,0,0,58,0,58,12,52,92,25,181,0,138,138,319
10/27/2005,CRP,TX,ASW,CE,Combined TRACON& Tower with Radar,12,61,42,16,131,0,5,23,0,28,12,66,65,16,159,0,68,68,227
10/28/2005,CRP,TX,ASW,CE,Combined TRACON& Tower with Radar,12,53,39,51,155,0,4,54,0,58,12,57,93,51,213,2,49,51,264
10/29/2005,CRP,TX,ASW,CE,Combined TRACON& Tower with Radar,6,37,17,16,76,0,8,53,0,61,6,45,70,16,137,30,72,102,239
10/30/2005,CRP,TX,ASW,CE,Combined TRACON& Tower with Radar,9,44,31,5,89,0,7,43,13,63,9,51,74,18,152,15,2,17,169
10/31/2005,CRP,TX,ASW,CE,Combined TRACON& Tower with Radar,19,49,26,18,112,1,3,26,0,30,20,52,52,18,142,4,43,47,189
11/01/2005,CRP,TX,ASW,CE,Combined TRACON& Tower with Radar,13,46,31,25,115,0,7,33,0,40,13,53,64,25,155,10,92,102,257
11/02/2005,CRP,TX,ASW,CE,Combined TRACON& Tower with Radar,12,50,30,25,117,0,2,65,0,67,12,52,95,25,184,16,52,68,252
11/03/2005,CRP,TX,ASW,CE,Combined TRACON& Tower with Radar,12,50,31,22,115,0,7,60,0,67,12,57,91,22,182,15,98,113,295
11/04/2005,CRP,TX,ASW,CE,Combined TRACON& Tower with Radar,12,52,37,44,145,0,3,42,0,45,12,55,79,44,190,4,128,132,322
11/05/2005,CRP,TX,ASW,CE,Combined TRACON& Tower with Radar,8,39,10,3,60,1,3,56,8,68,9,42,66,11,128,0,94,94,222
11/06/2005,CRP,TX,ASW,CE,Combined TRACON& Tower with Radar,12,48,21,19,100,0,7,36,0,43,12,55,57,19,143,4,82,86,229
11/07/2005,CRP,TX,ASW,CE,Combined TRACON& Tower with Radar,12,55,34,32,133,0,3,34,0,37,12,58,68,32,170,0,143,143,313
11/08/2005,CRP,TX,ASW,CE,Combined TRACON& Tower with Radar,12,47,45,37,141,0,2,33,0,35,12,49,78,37,176,5,204,209,385
11/09/2005,CRP,TX,ASW,CE,Combined TRACON& Tower with Radar,12,50,39,21,122,0,5,46,0,51,12,55,85,21,173,10,229,239,412
11/10/2005,CRP,TX,ASW,CE,Combined TRACON& Tower with Radar,12,52,32,23,119,0,0,27,0,27,12,52,59,23,146,15,124,139,285
11/11/2005,CRP,TX,ASW,CE,Combined TRACON& Tower with Radar,14,49,25,7,95,0,6,38,2,46,14,55,63,9,141,10,32,42,183
11/12/2005,CRP,TX,ASW,CE,Combined TRACON& Tower with Radar,6,36,29,7,78,0,3,20,0,23,6,39,49,7,101,2,34,36,137
11/13/2005,CRP,TX,ASW,CE,Combined TRACON& Tower with Radar,10,43,21,8,82,0,3,40,5,48,10,46,61,13,130,0,42,42,172
11/14/2005,CRP,TX,ASW,CE,Combined TRACON& Tower with Radar,12,46,38,25,121,0,4,34,0,38,12,50,72,25,159,4,160,164,323
11/15/2005,CRP,TX,ASW,CE,Combined TRACON& Tower with Radar,15,47,43,23,128,0,1,16,0,17,15,48,59,23,145,4,88,92,237
11/16/2005,CRP,TX,ASW,CE,Combined TRACON& Tower with Radar,13,56,39,25,133,0,9,62,0,71,13,65,101,25,204,0,238,238,442
11/17/2005,CRP,TX,ASW,CE,Combined TRACON& Tower with Radar,16,57,44,32,149,0,5,62,0,67,16,62,106,32,216,6,500,506,722
11/18/2005,CRP,TX,ASW,CE,Combined TRACON& Tower with Radar,13,54,49,14,130,0,4,47,0,51,13,58,96,14,181,8,38,46,227
11/19/2005,CRP,TX,ASW,CE,Combined TRACON& Tower with Radar,7,40,40,17,104,0,1,17,0,18,7,41,57,17,122,12,68,80,202
11/20/2005,CRP,TX,ASW,CE,Combined TRACON& Tower with Radar,14,48,27,14,103,0,1,39,0,40,14,49,66,14,143,12,52,64,207
11/21/2005,CRP,TX,ASW,CE,Combined TRACON& Tower with Radar,12,47,17,34,110,0,2,64,0,66,12,49,81,34,176,4,162,166,342
11/22/2005,CRP,TX,ASW,CE,Combined TRACON& Tower with Radar,12,56,23,20,111,0,7,57,0,64,12,63,80,20,175,23,60,83,258
11/23/2005,CRP,TX,ASW,CE,Combined TRACON& Tower with Radar,14,59,23,11,107,0,3,71,0,74,14,62,94,11,181,9,88,97,278
11/24/2005,CRP,TX,ASW,CE,Combined TRACON& Tower with Radar,4,36,11,0,51,0,2,34,0,36,4,38,45,0,87,0,0,0,87
11/25/2005,CRP,TX,ASW,CE,Combined TRACON& Tower with Radar,6,46,30,0,82,0,0,33,0,33,6,46,63,0,115,2,0,2,117
11/26/2005,CRP,TX,ASW,CE,Combined TRACON& Tower with Radar,6,37,15,0,58,0,1,9,0,10,6,38,24,0,68,0,0,0,68
11/27/2005,CRP,TX,ASW,CE,Combined TRACON& Tower with Radar,9,45,16,0,70,0,2,33,0,35,9,47,49,0,105,12,4,16,121
11/28/2005,CRP,TX,ASW,CE,Combined TRACON& Tower with Radar,13,50,25,22,110,0,6,47,0,53,13,56,72,22,163,0,191,191,354
11/29/2005,CRP,TX,ASW,CE,Combined TRACON& Tower with Radar,12,50,29,33,124,0,3,51,0,54,12,53,80,33,178,0,197,197,375
11/30/2005,CRP,TX,ASW,CE,Combined TRACON& Tower with Radar,12,46,32,26,116,0,6,31,0,37,12,52,63,26,153,19,192,211,364
12/01/2005,CRP,TX,ASW,CE,Combined TRACON& Tower with Radar,12,52,51,30,145,0,6,30,0,36,12,58,81,30,181,16,186,202,383
12/02/2005,CRP,TX,ASW,CE,Combined TRACON& Tower with Radar,12,57,53,41,163,0,3,23,0,26,12,60,76,41,189,42,130,172,361
12/03/2005,CRP,TX,ASW,CE,Combined TRACON& Tower with Radar,6,38,27,33,104,0,1,25,6,32,6,39,52,39,136,4,48,52,188
12/04/2005,CRP,TX,ASW,CE,Combined TRACON& Tower with Radar,11,45,30,30,116,0,1,15,0,16,11,46,45,30,132,0,30,30,162
12/05/2005,CRP,TX,ASW,CE,Combined TRACON& Tower with Radar,13,47,31,18,109,0,1,39,0,40,13,48,70,18,149,8,131,139,288
12/06/2005,CRP,TX,ASW,CE,Combined TRACON& Tower with Radar,11,50,39,14,114,0,4,48,0,52,11,54,87,14,166,12,308,320,486
12/07/2005,CRP,TX,ASW,CE,Combined TRACON& Tower with Radar,12,47,41,20,120,0,1,3,0,4,12,48,44,20,124,0,56,56,180
12/08/2005,CRP,TX,ASW,CE,Combined TRACON& Tower with Radar,12,59,42,17,130,0,5,7,0,12,12,64,49,17,142,4,36,40,182
12/09/2005,CRP,TX,ASW,CE,Combined TRACON& Tower with Radar,11,62,28,31,132,0,3,22,0,25,11,65,50,31,157,0,227,227,384
12/10/2005,CRP,TX,ASW,CE,Combined TRACON& Tower with Radar,9,41,26,24,100,0,5,7,1,13,9,46,33,25,113,6,21,27,140
12/11/2005,CRP,TX,ASW,CE,Combined TRACON& Tower with Radar,10,45,18,12,85,0,4,44,11,59,10,49,62,23,144,28,101,129,273
12/12/2005,CRP,TX,ASW,CE,Combined TRACON& Tower with Radar,12,48,24,26,110,0,5,33,0,38,12,53,57,26,148,8,301,309,457
12/13/2005,CRP,TX,ASW,CE,Combined TRACON& Tower with Radar,12,48,43,28,131,0,3,29,0,32,12,51,72,28,163,4,82,86,249
12/14/2005,CRP,TX,ASW,CE,Combined TRACON& Tower with Radar,19,60,44,28,151,0,3,10,0,13,19,63,54,28,164,2,180,182,346
12/15/2005,CRP,TX,ASW,CE,Combined TRACON& Tower with Radar,12,51,52,24,139,0,8,72,0,80,12,59,124,24,219,6,285,291,510
12/16/2005,CRP,TX,ASW,CE,Combined TRACON& Tower with Radar,11,50,53,24,138,0,8,19,0,27,11,58,72,24,165,0,39,39,204
12/17/2005,CRP,TX,ASW,CE,Combined TRACON& Tower with Radar,10,38,29,22,99,0,2,2,0,4,10,40,31,22,103,4,6,10,113
12/18/2005,CRP,TX,ASW,CE,Combined TRACON& Tower with Radar,10,45,25,7,87,0,0,17,2,19,10,45,42,9,106,15,41,56,162
12/19/2005,CRP,TX,ASW,CE,Combined TRACON& Tower with Radar,13,47,25,20,105,0,6,28,0,34,13,53,53,20,139,6,289,295,434
12/20/2005,CRP,TX,ASW,CE,Combined TRACON& Tower with Radar,12,50,57,21,140,0,2,12,0,14,12,52,69,21,154,5,194,199,353
12/21/2005,CRP,TX,ASW,CE,Combined TRACON& Tower with Radar,12,53,44,17,126,0,1,26,0,27,12,54,70,17,153,20,242,262,415
12/22/2005,CRP,TX,ASW,CE,Combined TRACON& Tower with Radar,12,55,40,28,135,0,8,56,0,64,12,63,96,28,199,8,109,117,316
12/23/2005,CRP,TX,ASW,CE,Combined TRACON& Tower with Radar,11,60,25,4,100,0,2,62,0,64,11,62,87,4,164,14,26,40,204
12/24/2005,CRP,TX,ASW,CE,Combined TRACON& Tower with Radar,9,33,4,0,46,0,5,30,0,35,9,38,34,0,81,0,0,0,81
12/25/2005,CRP,TX,ASW,CE,Combined TRACON& Tower with Radar,8,35,5,0,48,0,3,21,1,25,8,38,26,1,73,0,0,0,73
12/26/2005,CRP,TX,ASW,CE,Combined TRACON& Tower with Radar,12,47,24,0,83,0,2,40,1,43,12,49,64,1,126,11,0,11,137
12/27/2005,CRP,TX,ASW,CE,Combined TRACON& Tower with Radar,12,45,20,8,85,0,2,29,0,31,12,47,49,8,116,0,83,83,199
12/28/2005,CRP,TX,ASW,CE,Combined TRACON& Tower with Radar,12,48,18,13,91,0,3,61,0,64,12,51,79,13,155,14,141,155,310
12/29/2005,CRP,TX,ASW,CE,Combined TRACON& Tower with Radar,12,47,21,19,99,0,1,56,0,57,12,48,77,19,156,10,88,98,254
12/30/2005,CRP,TX,ASW,CE,Combined TRACON& Tower with Radar,12,49,31,6,98,0,5,21,0,26,12,54,52,6,124,11,24,35,159
12/31/2005,CRP,TX,ASW,CE,Combined TRACON& Tower with Radar,6,41,38,0,85,0,0,25,0,25,6,41,63,0,110,18,0,18,128
01/01/2006,CRP,TX,ASW,CE,Combined TRACON& Tower with Radar,8,40,27,2,77,0,4,22,0,26,8,44,49,2,103,10,2,12,115
01/02/2006,CRP,TX,ASW,CE,Combined TRACON& Tower with Radar,12,46,22,0,80,0,1,46,0,47,12,47,68,0,127,4,0,4,131
01/03/2006,CRP,TX,ASW,CE,Combined TRACON& Tower with Radar,12,48,43,11,114,0,3,33,0,36,12,51,76,11,150,35,11,46,196
01/04/2006,CRP,TX,ASW,CE,Combined TRACON& Tower with Radar,12,43,31,26,112,0,1,14,0,15,12,44,45,26,127,14,174,188,315
01/05/2006,CRP,TX,ASW,CE,Combined TRACON& Tower with Radar,12,53,21,37,123,0,1,35,0,36,12,54,56,37,159,0,362,362,521
01/06/2006,CRP,TX,ASW,CE,Combined TRACON& Tower with Radar,12,52,17,24,105,0,2,37,0,39,12,54,54,24,144,8,142,150,294
01/07/2006,CRP,TX,ASW,CE,Combined TRACON& Tower with Radar,6,33,5,22,66,0,3,39,0,42,6,36,44,22,108,7,31,38,146
01/08/2006,CRP,TX,ASW,CE,Combined TRACON& Tower with Radar,10,41,14,28,93,0,5,38,0,43,10,46,52,28,136,2,37,39,175
01/09/2006,CRP,TX,ASW,CE,Combined TRACON& Tower with Radar,12,43,17,26,98,0,2,34,0,36,12,45,51,26,134,0,301,301,435
01/10/2006,CRP,TX,ASW,CE,Combined TRACON& Tower with Radar,12,46,32,38,128,0,1,38,0,39,12,47,70,38,167,22,455,477,644
01/11/2006,CRP,TX,ASW,CE,Combined TRACON& Tower with Radar,11,41,34,39,125,0,3,57,0,60,11,44,91,39,185,17,234,251,436
01/12/2006,CRP,TX,ASW,CE,Combined TRACON& Tower with Radar,11,50,37,20,118,0,11,28,0,39,11,61,65,20,157,2,102,104,261
01/13/2006,CRP,TX,ASW,CE,Combined TRACON& Tower with Radar,13,51,34,27,125,0,4,52,0,56,13,55,86,27,181,14,165,179,360
01/14/2006,CRP,TX,ASW,CE,Combined TRACON& Tower with Radar,6,34,23,37,100,0,2,42,0,44,6,36,65,37,144,2,148,150,294
01/15/2006,CRP,TX,ASW,CE,Combined TRACON& Tower with Radar,10,40,22,43,115,0,0,28,0,28,10,40,50,43,143,16,86,102,245
01/16/2006,CRP,TX,ASW,CE,Combined TRACON& Tower with Radar,18,49,25,34,126,1,2,21,0,24,19,51,46,34,150,0,43,43,193
01/17/2006,CRP,TX,ASW,CE,Combined TRACON& Tower with Radar,23,44,32,42,141,0,8,44,0,52,23,52,76,42,193,0,192,192,385
01/18/2006,CRP,TX,ASW,CE,Combined TRACON& Tower with Radar,12,38,34,59,143,0,8,47,0,55,12,46,81,59,198,11,336,347,545
01/19/2006,CRP,TX,ASW,CE,Combined TRACON& Tower with Radar,13,46,29,31,119,0,8,32,0,40,13,54,61,31,159,4,189,193,352
01/20/2006,CRP,TX,ASW,CE,Combined TRACON& Tower with Radar,13,48,31,40,132,0,2,16,0,18,13,50,47,40,150,2,172,174,324
01/21/2006,CRP,TX,ASW,CE,Combined TRACON& Tower with Radar,6,34,21,19,80,0,0,14,6,20,6,34,35,25,100,0,136,136,236
01/22/2006,CRP,TX,ASW,CE,Combined TRACON& Tower with Radar,10,37,29,5,81,0,0,0,1,1,10,37,29,6,82,4,38,42,124
01/23/2006,CRP,TX,ASW,CE,Combined TRACON& Tower with Radar,12,44,45,26,127,0,0,1,0,1,12,44,46,26,128,4,165,169,297
01/24/2006,CRP,TX,ASW,CE,Combined TRACON& Tower with Radar,11,49,26,37,123,0,4,35,0,39,11,53,61,37,162,12,109,121,283
01/25/2006,CRP,TX,ASW,CE,Combined TRACON& Tower with Radar,12,42,43,26,123,0,1,36,0,37,12,43,79,26,160,53,181,234,394
01/26/2006,CRP,TX,ASW,CE,Combined TRACON& Tower with Radar,12,49,38,26,125,0,12,47,0,59,12,61,85,26,184,0,252,252,436
01/27/2006,CRP,TX,ASW,CE,Combined TRACON& Tower with Radar,12,43,45,25,125,0,2,14,0,16,12,45,59,25,141,24,91,115,256
01/28/2006,CRP,TX,ASW,CE,Combined TRACON& Tower with Radar,6,32,4,12,54,0,3,7,0,10,6,35,11,12,64,0,4,4,68
01/29/2006,CRP,TX,ASW,CE,Combined TRACON& Tower with Radar,12,41,18,8,79,0,0,48,0,48,12,41,66,8,127,6,6,12,139
01/30/2006,CRP,TX,ASW,CE,Combined TRACON& Tower with Radar,12,33,19,3,67,0,0,53,0,53,12,33,72,3,120,22,0,22,142
01/31/2006,CRP,TX,ASW,CE,Combined TRACON& Tower with Radar,12,35,17,35,99,0,0,51,0,51,12,35,68,35,150,18,149,167,317
02/01/2006,CRP,TX,ASW,CE,Combined TRACON& Tower with Radar,11,41,47,20,119,0,3,8,0,11,11,44,55,20,130,4,186,190,320
02/02/2006,CRP,TX,ASW,CE,Combined TRACON& Tower with Radar,13,44,12,27,96,0,3,41,0,44,13,47,53,27,140,0,75,75,215
02/03/2006,CRP,TX,ASW,CE,Combined TRACON& Tower with Radar,13,51,48,78,190,1,1,41,0,43,14,52,89,78,233,4,186,190,423
02/04/2006,CRP,TX,ASW,CE,Combined TRACON& Tower with Radar,7,34,14,21,76,0,2,35,4,41,7,36,49,25,117,28,20,48,165
02/05/2006,CRP,TX,ASW,CE,Combined TRACON& Tower with Radar,10,44,19,36,109,0,0,33,0,33,10,44,52,36,142,0,41,41,183
02/06/2006,CRP,TX,ASW,CE,Combined TRACON& Tower with Radar,12,41,25,49,127,0,2,28,0,30,12,43,53,49,157,4,197,201,358
02/07/2006,CRP,TX,ASW,CE,Combined TRACON& Tower with Radar,12,42,30,40,124,0,6,51,0,57,12,48,81,40,181,1,288,289,470
02/08/2006,CRP,TX,ASW,CE,Combined TRACON& Tower with Radar,12,44,31,47,134,0,2,42,0,44,12,46,73,47,178,35,230,265,443
02/09/2006,CRP,TX,ASW,CE,Combined TRACON& Tower with Radar,12,48,38,36,134,0,3,37,0,40,12,51,75,36,174,38,70,108,282
02/10/2006,CRP,TX,ASW,CE,Combined TRACON& Tower with Radar,12,48,29,22,111,0,4,9,0,13,12,52,38,22,124,2,48,50,174
02/11/2006,CRP,TX,ASW,CE,Combined TRACON& Tower with Radar,8,34,8,20,70,0,7,25,16,48,8,41,33,36,118,4,177,181,299
02/12/2006,CRP,TX,ASW,CE,Combined TRACON& Tower with Radar,10,33,11,32,86,0,4,49,0,53,10,37,60,32,139,0,147,147,286
02/13/2006,CRP,TX,ASW,CE,Combined TRACON& Tower with Radar,12,43,31,43,129,0,7,39,0,46,12,50,70,43,175,2,219,221,396
02/14/2006,CRP,TX,ASW,CE,Combined TRACON& Tower with Radar,10,41,18,34,103,0,4,37,0,41,10,45,55,34,144,4,132,136,280
02/15/2006,CRP,TX,ASW,CE,Combined TRACON& Tower with Radar,12,50,45,49,156,0,2,24,0,26,12,52,69,49,182,23,146,169,351
02/16/2006,CRP,TX,ASW,CE,Combined TRACON& Tower with Radar,14,44,54,41,153,0,1,27,0,28,14,45,81,41,181,6,144,150,331
02/17/2006,CRP,TX,ASW,CE,Combined TRACON& Tower with Radar,14,49,53,39,155,0,4,3,0,7,14,53,56,39,162,0,64,64,226
02/18/2006,CRP,TX,ASW,CE,Combined TRACON& Tower with Radar,8,32,14,5,59,0,0,0,5,5,8,32,14,10,64,2,13,15,79
02/19/2006,CRP,TX,ASW,CE,Combined TRACON& Tower with Radar,11,37,27,0,75,0,1,0,0,1,11,38,27,0,76,2,2,4,80
02/20/2006,CRP,TX,ASW,CE,Combined TRACON& Tower with Radar,15,48,45,10,118,0,0,0,0,0,15,48,45,10,118,4,4,8,126
02/21/2006,CRP,TX,ASW,CE,Combined TRACON& Tower with Radar,12,52,45,22,131,0,0,8,0,8,12,52,53,22,139,14,57,71,210
02/22/2006,CRP,TX,ASW,CE,Combined TRACON& Tower with Radar,12,44,44,40,140,1,11,11,0,23,13,55,55,40,163,2,73,75,238
02/23/2006,CRP,TX,ASW,CE,Combined TRACON& Tower with Radar,13,55,39,48,155,1,5,16,0,22,14,60,55,48,177,2,270,272,449
02/24/2006,CRP,TX,ASW,CE,Combined TRACON& Tower with Radar,11,44,48,24,127,0,3,3,0,6,11,47,51,24,133,0,50,50,183
02/25/2006,CRP,TX,ASW,CE,Combined TRACON& Tower with Radar,9,34,24,14,81,0,0,0,0,0,9,34,24,14,81,5,48,53,134
02/26/2006,CRP,TX,ASW,CE,Combined TRACON& Tower with Radar,12,36,16,17,81,0,5,51,0,56,12,41,67,17,137,19,72,91,228
02/27/2006,CRP,TX,ASW,CE,Combined TRACON& Tower with Radar,12,44,20,22,98,0,2,42,0,44,12,46,62,22,142,0,233,233,375
02/28/2006,CRP,TX,ASW,CE,Combined TRACON& Tower with Radar,12,40,31,24,107,0,3,39,0,42,12,43,70,24,149,2,99,101,250
03/01/2006,CRP,TX,ASW,CE,Combined TRACON& Tower with Radar,12,42,33,50,137,0,4,57,0,61,12,46,90,50,198,10,201,211,409
03/02/2006,CRP,TX,ASW,CE,Combined TRACON& Tower with Radar,12,43,32,32,119,0,8,41,0,49,12,51,73,32,168,8,238,246,414
03/03/2006,CRP,TX,ASW,CE,Combined TRACON& Tower with Radar,12,48,37,23,120,0,3,25,0,28,12,51,62,23,148,2,74,76,224
03/04/2006,CRP,TX,ASW,CE,Combined TRACON& Tower with Radar,10,41,29,18,98,0,2,18,0,20,10,43,47,18,118,10,22,32,150
03/05/2006,CRP,TX,ASW,CE,Combined TRACON& Tower with Radar,10,41,18,27,96,0,5,36,0,41,10,46,54,27,137,0,24,24,161
03/06/2006,CRP,TX,ASW,CE,Combined TRACON& Tower with Radar,12,42,33,31,118,0,3,42,0,45,12,45,75,31,163,13,132,145,308
03/07/2006,CRP,TX,ASW,CE,Combined TRACON& Tower with Radar,12,40,30,39,121,0,0,14,0,14,12,40,44,39,135,8,145,153,288
03/08/2006,CRP,TX,ASW,CE,Combined TRACON& Tower with Radar,13,45,28,18,104,0,2,14,0,16,13,47,42,18,120,6,81,87,207
03/09/2006,CRP,TX,ASW,CE,Combined TRACON& Tower with Radar,12,49,27,28,116,0,7,45,0,52,12,56,72,28,168,4,77,81,249
03/10/2006,CRP,TX,ASW,CE,Combined TRACON& Tower with Radar,11,46,31,36,124,0,8,44,0,52,11,54,75,36,176,10,59,69,245
03/11/2006,CRP,TX,ASW,CE,Combined TRACON& Tower with Radar,9,34,22,52,117,0,0,26,3,29,9,34,48,55,146,8,37,45,191
03/12/2006,CRP,TX,ASW,CE,Combined TRACON& Tower with Radar,10,36,31,43,120,0,1,11,0,12,10,37,42,43,132,2,28,30,162
03/13/2006,CRP,TX,ASW,CE,Combined TRACON& Tower with Radar,12,47,40,21,120,0,6,34,0,40,12,53,74,21,160,0,226,226,386
03/14/2006,CRP,TX,ASW,CE,Combined TRACON& Tower with Radar,12,46,19,30,107,0,6,55,0,61,12,52,74,30,168,12,244,256,424
03/15/2006,CRP,TX,ASW,CE,Combined TRACON& Tower with Radar,12,42,48,24,126,0,2,25,0,27,12,44,73,24,153,0,99,99,252
03/16/2006,CRP,TX,ASW,CE,Combined TRACON& Tower with Radar,12,43,42,16,113,0,2,30,0,32,12,45,72,16,145,0,221,221,366
03/17/2006,CRP,TX,ASW,CE,Combined TRACON& Tower with Radar,12,47,37,33,129,0,1,18,0,19,12,48,55,33,148,4,68,72,220
03/18/2006,CRP,TX,ASW,CE,Combined TRACON& Tower with Radar,8,35,18,21,82,0,6,3,12,21,8,41,21,33,103,2,65,67,170
03/19/2006,CRP,TX,ASW,CE,Combined TRACON& Tower with Radar,7,34,18,20,79,0,4,8,0,12,7,38,26,20,91,0,28,28,119
03/20/2006,CRP,TX,ASW,CE,Combined TRACON& Tower with Radar,14,48,30,43,135,0,3,30,0,33,14,51,60,43,168,2,232,234,402
03/21/2006,CRP,TX,ASW,CE,Combined TRACON& Tower with Radar,11,40,33,23,107,0,6,57,0,63,11,46,90,23,170,11,213,224,394
03/22/2006,CRP,TX,ASW,CE,Combined TRACON& Tower with Radar,14,43,40,31,128,0,4,29,0,33,14,47,69,31,161,0,124,124,285
03/23/2006,CRP,TX,ASW,CE,Combined TRACON& Tower with Radar,13,44,27,14,98,0,5,28,0,33,13,49,55,14,131,0,166,166,297
03/24/2006,CRP,TX,ASW,CE,Combined TRACON& Tower with Radar,12,49,38,28,127,0,9,70,0,79,12,58,108,28,206,8,118,126,332
03/25/2006,CRP,TX,ASW,CE,Combined TRACON& Tower with Radar,10,35,12,43,100,0,6,55,0,61,10,41,67,43,161,12,65,77,238
03/26/2006,CRP,TX,ASW,CE,Combined TRACON& Tower with Radar,9,37,22,19,87,0,0,42,16,58,9,37,64,35,145,0,144,144,289
03/27/2006,CRP,TX,ASW,CE,Combined TRACON& Tower with Radar,13,46,48,41,148,0,2,18,0,20,13,48,66,41,168,10,154,164,332
03/28/2006,CRP,TX,ASW,CE,Combined TRACON& Tower with Radar,12,46,52,19,129,0,2,11,0,13,12,48,63,19,142,2,24,26,168
03/29/2006,CRP,TX,ASW,CE,Combined TRACON& Tower with Radar,16,47,49,20,132,0,3,22,0,25,16,50,71,20,157,48,101,149,306
03/30/2006,CRP,TX,ASW,CE,Combined TRACON& Tower with Radar,14,46,45,19,124,0,4,7,0,11,14,50,52,19,135,16,138,154,289
03/31/2006,CRP,TX,ASW,CE,Combined TRACON& Tower with Radar,12,46,55,20,133,0,2,20,0,22,12,48,75,20,155,4,81,85,240
04/01/2006,CRP,TX,ASW,CE,Combined TRACON& Tower with Radar,6,26,22,10,64,0,6,16,1,23,6,32,38,11,87,4,25,29,116
04/02/2006,CRP,TX,ASW,CE,Combined TRACON& Tower with Radar,12,36,26,11,85,0,5,32,0,37,12,41,58,11,122,0,46,46,168
04/03/2006,CRP,TX,ASW,CE,Combined TRACON& Tower with Radar,12,50,39,18,119,0,0,18,0,18,12,50,57,18,137,10,139,149,286
04/04/2006,CRP,TX,ASW,CE,Combined TRACON& Tower with Radar,12,62,41,23,138,0,3,40,0,43,12,65,81,23,181,10,164,174,355
04/05/2006,CRP,TX,ASW,CE,Combined TRACON& Tower with Radar,12,53,34,22,121,0,1,35,0,36,12,54,69,22,157,5,128,133,290
04/06/2006,CRP,TX,ASW,CE,Combined TRACON& Tower with Radar,14,57,30,36,137,0,2,30,0,32,14,59,60,36,169,2,208,210,379
04/07/2006,CRP,TX,ASW,CE,Combined TRACON& Tower with Radar,11,55,48,31,145,0,3,43,0,46,11,58,91,31,191,0,94,94,285
04/08/2006,CRP,TX,ASW,CE,Combined TRACON& Tower with Radar,7,39,13,41,100,0,5,40,8,53,7,44,53,49,153,2,135,137,290
04/09/2006,CRP,TX,ASW,CE,Combined TRACON& Tower with Radar,10,49,22,51,132,0,3,80,0,83,10,52,102,51,215,30,121,151,366
04/10/2006,CRP,TX,ASW,CE,Combined TRACON& Tower with Radar,12,57,16,19,104,0,4,47,0,51,12,61,63,19,155,18,117,135,290
04/11/2006,CRP,TX,ASW,CE,Combined TRACON& Tower with Radar,12,45,42,22,121,0,6,43,0,49,12,51,85,22,170,2,236,238,408
04/12/2006,CRP,TX,ASW,CE,Combined TRACON& Tower with Radar,12,54,40,26,132,0,1,24,0,25,12,55,64,26,157,4,191,195,352
04/13/2006,CRP,TX,ASW,CE,Combined TRACON& Tower with Radar,12,48,44,15,119,0,3,53,0,56,12,51,97,15,175,14,54,68,243
04/14/2006,CRP,TX,ASW,CE,Combined TRACON& Tower with Radar,12,50,29,16,107,0,2,23,0,25,12,52,52,16,132,6,99,105,237
04/15/2006,CRP,TX,ASW,CE,Combined TRACON& Tower with Radar,6,35,11,13,65,0,3,17,8,28,6,38,28,21,93,6,46,52,145
04/16/2006,CRP,TX,ASW,CE,Combined TRACON& Tower with Radar,10,39,13,11,73,0,9,26,1,36,10,48,39,12,109,38,159,197,306
04/17/2006,CRP,TX,ASW,CE,Combined TRACON& Tower with Radar,11,50,21,22,104,0,8,37,0,45,11,58,58,22,149,2,146,148,297
04/18/2006,CRP,TX,ASW,CE,Combined TRACON& Tower with Radar,13,49,44,23,129,0,6,28,0,34,13,55,72,23,163,7,141,148,311
04/19/2006,CRP,TX,ASW,CE,Combined TRACON& Tower with Radar,11,47,40,30,128,0,2,22,0,24,11,49,62,30,152,4,196,200,352
04/20/2006,CRP,TX,ASW,CE,Combined TRACON& Tower with Radar,15,49,60,50,174,0,0,15,0,15,15,49,75,50,189,15,275,290,479
04/21/2006,CRP,TX,ASW,CE,Combined TRACON& Tower with Radar,12,50,65,34,161,0,1,14,0,15,12,51,79,34,176,10,101,111,287
04/22/2006,CRP,TX,ASW,CE,Combined TRACON& Tower with Radar,6,43,29,2,80,0,4,31,9,44,6,47,60,11,124,6,56,62,186
04/23/2006,CRP,TX,ASW,CE,Combined TRACON& Tower with Radar,10,42,30,10,92,0,3,36,8,47,10,45,66,18,139,2,72,74,213
04/24/2006,CRP,TX,ASW,CE,Combined TRACON& Tower with Radar,12,46,30,36,124,0,1,25,0,26,12,47,55,36,150,3,131,134,284
04/25/2006,CRP,TX,ASW,CE,Combined TRACON& Tower with Radar,12,48,51,27,138,0,1,13,0,14,12,49,64,27,152,12,134,146,298
04/26/2006,CRP,TX,ASW,CE,Combined TRACON& Tower with Radar,12,55,51,28,146,0,2,15,0,17,12,57,66,28,163,12,220,232,395
04/27/2006,CRP,TX,ASW,CE,Combined TRACON& Tower with Radar,12,48,64,14,138,0,7,17,0,24,12,55,81,14,162,6,81,87,249
04/28/2006,CRP,TX,ASW,CE,Combined TRACON& Tower with Radar,11,49,42,56,158,0,0,11,0,11,11,49,53,56,169,8,179,187,356
04/29/2006,CRP,TX,ASW,CE,Combined TRACON& Tower with Radar,11,51,5,42,109,0,0,47,15,62,11,51,52,57,171,0,35,35,206
04/30/2006,CRP,TX,ASW,CE,Combined TRACON& Tower with Radar,9,44,14,37,104,0,3,61,4,68,9,47,75,41,172,39,210,249,421
05/01/2006,CRP,TX,ASW,CE,Combined TRACON& Tower with Radar,13,51,37,18,119,0,3,28,0,31,13,54,65,18,150,10,47,57,207
05/02/2006,CRP,TX,ASW,CE,Combined TRACON& Tower with Radar,14,55,37,29,135,0,3,35,0,38,14,58,72,29,173,26,188,214,387
05/03/2006,CRP,TX,ASW,CE,Combined TRACON& Tower with Radar,12,49,45,22,128,0,4,21,0,25,12,53,66,22,153,8,119,127,280
05/04/2006,CRP,TX,ASW,CE,Combined TRACON& Tower with Radar,12,48,50,36,146,0,1,37,0,38,12,49,87,36,184,34,219,253,437
05/05/2006,CRP,TX,ASW,CE,Combined TRACON& Tower with Radar,9,39,41,28,117,0,0,23,0,23,9,39,64,28,140,14,220,234,374
05/06/2006,CRP,TX,ASW,CE,Combined TRACON& Tower with Radar,16,41,8,24,89,0,0,7,0,7,16,41,15,24,96,0,48,48,144
05/07/2006,CRP,TX,ASW,CE,Combined TRACON& Tower with Radar,12,40,37,20,109,0,0,12,0,12,12,40,49,20,121,10,10,20,141
05/08/2006,CRP,TX,ASW,CE,Combined TRACON& Tower with Radar,12,56,34,26,128,0,0,11,0,11,12,56,45,26,139,19,96,115,254
05/09/2006,CRP,TX,ASW,CE,Combined TRACON& Tower with Radar,12,51,46,22,131,0,0,16,0,16,12,51,62,22,147,10,129,139,286
05/10/2006,CRP,TX,ASW,CE,Combined TRACON& Tower with Radar,14,60,48,24,146,0,0,36,0,36,14,60,84,24,182,0,80,80,262
05/11/2006,CRP,TX,ASW,CE,Combined TRACON& Tower with Radar,11,54,34,37,136,0,1,47,0,48,11,55,81,37,184,67,219,286,470
05/12/2006,CRP,TX,ASW,CE,Combined TRACON& Tower with Radar,13,51,34,43,141,0,0,60,0,60,13,51,94,43,201,16,248,264,465
05/13/2006,CRP,TX,ASW,CE,Combined TRACON& Tower with Radar,6,38,10,36,90,0,0,63,0,63,6,38,73,36,153,8,121,129,282
05/14/2006,CRP,TX,ASW,CE,Combined TRACON& Tower with Radar,17,50,20,28,115,0,0,18,0,18,17,50,38,28,133,4,102,106,239
05/15/2006,CRP,TX,ASW,CE,Combined TRACON& Tower with Radar,13,48,26,36,123,0,0,26,0,26,13,48,52,36,149,7,179,186,335
05/16/2006,CRP,TX,ASW,CE,Combined TRACON& Tower with Radar,12,53,35,36,136,0,9,55,0,64,12,62,90,36,200,36,309,345,545
05/17/2006,CRP,TX,ASW,CE,Combined TRACON& Tower with Radar,12,46,30,30,118,0,1,52,0,53,12,47,82,30,171,0,141,141,312
05/18/2006,CRP,TX,ASW,CE,Combined TRACON& Tower with Radar,12,52,24,21,109,0,2,66,0,68,12,54,90,21,177,9,185,194,371
05/19/2006,CRP,TX,ASW,CE,Combined TRACON& Tower with Radar,12,54,30,37,133,0,2,53,0,55,12,56,83,37,188,12,210,222,410
05/20/2006,CRP,TX,ASW,CE,Combined TRACON& Tower with Radar,6,43,1,26,76,0,2,39,6,47,6,45,40,32,123,6,113,119,242
05/21/2006,CRP,TX,ASW,CE,Combined TRACON& Tower with Radar,10,40,9,22,81,0,4,49,0,53,10,44,58,22,134,0,327,327,461
05/22/2006,CRP,TX,ASW,CE,Combined TRACON& Tower with Radar,12,54,28,27,121,0,3,45,0,48,12,57,73,27,169,16,115,131,300
05/23/2006,CRP,TX,ASW,CE,Combined TRACON& Tower with Radar,12,54,51,25,142,0,5,43,0,48,12,59,94,25,190,53,146,199,389
05/24/2006,CRP,TX,ASW,CE,Combined TRACON& Tower with Radar,12,52,36,22,122,0,7,45,0,52,12,59,81,22,174,8,217,225,399
05/25/2006,CRP,TX,ASW,CE,Combined TRACON& Tower with Radar,12,52,41,14,119,0,1,46,0,47,12,53,87,14,166,0,168,168,334
05/26/2006,CRP,TX,ASW,CE,Combined TRACON& Tower with Radar,11,51,35,24,121,0,3,45,0,48,11,54,80,24,169,0,65,65,234
05/27/2006,CRP,TX,ASW,CE,Combined TRACON& Tower with Radar,7,38,11,3,59,0,3,34,10,47,7,41,45,13,106,0,92,92,198
05/28/2006,CRP,TX,ASW,CE,Combined TRACON& Tower with Radar,5,38,9,1,53,0,1,13,1,15,5,39,22,2,68,0,0,0,68
05/29/2006,CRP,TX,ASW,CE,Combined TRACON& Tower with Radar,10,50,17,11,88,0,2,32,0,34,10,52,49,11,122,34,108,142,264
05/30/2006,CRP,TX,ASW,CE,Combined TRACON& Tower with Radar,13,42,40,30,125,0,7,22,0,29,13,49,62,30,154,0,162,162,316
05/31/2006,CRP,TX,ASW,CE,Combined TRACON& Tower with Radar,12,54,34,26,126,0,1,18,0,19,12,55,52,26,145,0,185,185,330
06/01/2006,CRP,TX,ASW,CE,Combined TRACON& Tower with Radar,12,49,36,10,107,0,0,10,0,10,12,49,46,10,117,2,64,66,183
06/02/2006,CRP,TX,ASW,CE,Combined TRACON& Tower with Radar,12,53,25,17,107,0,3,29,0,32,12,56,54,17,139,4,74,78,217
06/03/2006,CRP,TX,ASW,CE,Combined TRACON& Tower with Radar,6,39,22,6,73,0,3,39,2,44,6,42,61,8,117,0,14,14,131
06/04/2006,CRP,TX,ASW,CE,Combined TRACON& Tower with Radar,9,43,16,17,85,0,5,60,0,65,9,48,76,17,150,0,30,30,180
06/05/2006,CRP,TX,ASW,CE,Combined TRACON& Tower with Radar,13,49,28,26,116,0,4,53,0,57,13,53,81,26,173,11,145,156,329
06/06/2006,CRP,TX,ASW,CE,Combined TRACON& Tower with Radar,12,56,18,23,109,0,3,62,0,65,12,59,80,23,174,0,207,207,381
06/07/2006,CRP,TX,ASW,CE,Combined TRACON& Tower with Radar,12,51,15,34,112,0,2,51,0,53,12,53,66,34,165,26,322,348,513
06/08/2006,CRP,TX,ASW,CE,Combined TRACON& Tower with Radar,14,57,31,41,143,0,4,56,0,60,14,61,87,41,203,17,183,200,403
06/09/2006,CRP,TX,ASW,CE,Combined TRACON& Tower with Radar,12,51,26,37,126,0,6,54,0,60,12,57,80,37,186,0,101,101,287
06/10/2006,CRP,TX,ASW,CE,Combined TRACON& Tower with Radar,6,45,19,30,100,0,1,30,0,31,6,46,49,30,131,18,83,101,232
06/11/2006,CRP,TX,ASW,CE,Combined TRACON& Tower with Radar,12,50,22,47,131,0,8,47,0,55,12,58,69,47,186,2,31,33,219
06/12/2006,CRP,TX,ASW,CE,Combined TRACON& Tower with Radar,12,56,27,27,122,0,0,50,0,50,12,56,77,27,172,0,59,59,231
06/13/2006,CRP,TX,ASW,CE,Combined TRACON& Tower with Radar,11,56,28,38,133,0,6,43,0,49,11,62,71,38,182,5,206,211,393
06/14/2006,CRP,TX,ASW,CE,Combined TRACON& Tower with Radar,15,52,36,45,148,0,1,44,0,45,15,53,80,45,193,2,205,207,400
06/15/2006,CRP,TX,ASW,CE,Combined TRACON& Tower with Radar,11,53,57,33,154,0,2,31,0,33,11,55,88,33,187,19,195,214,401
06/16/2006,CRP,TX,ASW,CE,Combined TRACON& Tower with Radar,11,47,44,42,144,1,0,19,0,20,12,47,63,42,164,18,67,85,249
06/17/2006,CRP,TX,ASW,CE,Combined TRACON& Tower with Radar,29,62,8,36,135,0,0,17,0,17,29,62,25,36,152,4,91,95,247
06/18/2006,CRP,TX,ASW,CE,Combined TRACON& Tower with Radar,14,54,18,33,119,0,2,36,0,38,14,56,54,33,157,0,180,180,337
06/19/2006,CRP,TX,ASW,CE,Combined TRACON& Tower with Radar,10,52,28,27,117,0,11,26,0,37,10,63,54,27,154,4,230,234,388
06/20/2006,CRP,TX,ASW,CE,Combined TRACON& Tower with Radar,12,53,36,14,115,0,1,15,0,16,12,54,51,14,131,4,155,159,290
06/21/2006,CRP,TX,ASW,CE,Combined TRACON& Tower with Radar,12,55,35,33,135,0,2,28,0,30,12,57,63,33,165,17,119,136,301
06/22/2006,CRP,TX,ASW,CE,Combined TRACON& Tower with Radar,17,56,48,26,147,0,1,48,0,49,17,57,96,26,196,2,127,129,325
06/23/2006,CRP,TX,ASW,CE,Combined TRACON& Tower with Radar,13,55,26,43,137,0,2,51,0,53,13,57,77,43,190,20,109,129,319
06/24/2006,CRP,TX,ASW,CE,Combined TRACON& Tower with Radar,6,44,16,24,90,0,6,40,2,48,6,50,56,26,138,8,53,61,199
06/25/2006,CRP,TX,ASW,CE,Combined TRACON& Tower with Radar,9,44,23,27,103,0,2,45,0,47,9,46,68,27,150,6,114,120,270
06/26/2006,CRP,TX,ASW,CE,Combined TRACON& Tower with Radar,12,50,30,24,116,0,3,45,0,48,12,53,75,24,164,42,180,222,386
06/27/2006,CRP,TX,ASW,CE,Combined TRACON& Tower with Radar,12,57,38,19,126,0,4,60,0,64,12,61,98,19,190,4,106,110,300
06/28/2006,CRP,TX,ASW,CE,Combined TRACON& Tower with Radar,13,53,34,26,126,0,5,55,0,60,13,58,89,26,186,0,244,244,430
06/29/2006,CRP,TX,ASW,CE,Combined TRACON& Tower with Radar,12,56,25,18,111,0,1,55,0,56,12,57,80,18,167,0,149,149,316
06/30/2006,CRP,TX,ASW,CE,Combined TRACON& Tower with Radar,11,56,26,12,105,0,2,21,0,23,11,58,47,12,128,0,127,127,255
07/01/2006,CRP,TX,ASW,CE,Combined TRACON& Tower with Radar,7,47,18,0,72,0,1,16,0,17,7,48,34,0,89,10,0,10,99
07/02/2006,CRP,TX,ASW,CE,Combined TRACON& Tower with Radar,10,48,17,2,77,0,2,4,0,6,10,50,21,2,83,4,4,8,91
07/03/2006,CRP,TX,ASW,CE,Combined TRACON& Tower with Radar,6,39,15,4,64,0,4,7,0,11,6,43,22,4,75,0,4,4,79
07/04/2006,CRP,TX,ASW,CE,Combined TRACON& Tower with Radar,14,44,10,6,74,0,0,9,0,9,14,44,19,6,83,6,6,12,95
07/05/2006,CRP,TX,ASW,CE,Combined TRACON& Tower with Radar,12,47,27,14,100,0,5,13,0,18,12,52,40,14,118,6,31,37,155
07/06/2006,CRP,TX,ASW,CE,Combined TRACON& Tower with Radar,12,54,23,16,105,0,3,19,0,22,12,57,42,16,127,8,131,139,266
07/07/2006,CRP,TX,ASW,CE,Combined TRACON& Tower with Radar,11,49,42,33,135,0,0,4,0,4,11,49,46,33,139,8,135,143,282
07/08/2006,CRP,TX,ASW,CE,Combined TRACON& Tower with Radar,7,44,17,63,131,0,0,18,0,18,7,44,35,63,149,10,70,80,229
07/09/2006,CRP,TX,ASW,CE,Combined TRACON& Tower with Radar,10,45,32,45,132,0,3,31,0,34,10,48,63,45,166,13,91,104,270
07/10/2006,CRP,TX,ASW,CE,Combined TRACON& Tower with Radar,12,52,21,31,116,0,3,29,0,32,12,55,50,31,148,0,161,161,309
07/11/2006,CRP,TX,ASW,CE,Combined TRACON& Tower with Radar,12,51,33,31,127,0,1,50,0,51,12,52,83,31,178,4,150,154,332
07/12/2006,CRP,TX,ASW,CE,Combined TRACON& Tower with Radar,12,54,39,22,127,0,5,53,0,58,12,59,92,22,185,4,192,196,381
07/13/2006,CRP,TX,ASW,CE,Combined TRACON& Tower with Radar,12,51,20,40,123,0,3,45,0,48,12,54,65,40,171,0,214,214,385
07/14/2006,CRP,TX,ASW,CE,Combined TRACON& Tower with Radar,12,49,35,41,137,0,9,40,0,49,12,58,75,41,186,8,194,202,388
07/15/2006,CRP,TX,ASW,CE,Combined TRACON& Tower with Radar,6,42,11,19,78,0,7,43,8,58,6,49,54,27,136,0,102,102,238
07/16/2006,CRP,TX,ASW,CE,Combined TRACON& Tower with Radar,10,46,11,23,90,0,4,45,12,61,10,50,56,35,151,6,148,154,305
07/17/2006,CRP,TX,ASW,CE,Combined TRACON& Tower with Radar,12,47,23,27,109,0,5,28,0,33,12,52,51,27,142,35,170,205,347
07/18/2006,CRP,TX,ASW,CE,Combined TRACON& Tower with Radar,12,52,41,28,133,0,3,42,0,45,12,55,83,28,178,20,111,131,309
07/19/2006,CRP,TX,ASW,CE,Combined TRACON& Tower with Radar,10,51,33,38,132,0,4,50,0,54,10,55,83,38,186,14,227,241,427
07/20/2006,CRP,TX,ASW,CE,Combined TRACON& Tower with Radar,13,51,38,23,125,0,6,41,0,47,13,57,79,23,172,2,113,115,287
07/21/2006,CRP,TX,ASW,CE,Combined TRACON& Tower with Radar,12,51,21,36,120,0,4,56,0,60,12,55,77,36,180,0,78,78,258
07/22/2006,CRP,TX,ASW,CE,Combined TRACON& Tower with Radar,15,44,4,46,109,0,10,42,0,52,15,54,46,46,161,16,62,78,239
07/23/2006,CRP,TX,ASW,CE,Combined TRACON& Tower with Radar,10,44,13,10,77,0,1,46,11,58,10,45,59,21,135,22,132,154,289
07/24/2006,CRP,TX,ASW,CE,Combined TRACON& Tower with Radar,11,47,25,27,110,0,3,53,0,56,11,50,78,27,166,0,201,201,367
07/25/2006,CRP,TX,ASW,CE,Combined TRACON& Tower with Radar,12,48,27,21,108,0,3,21,0,24,12,51,48,21,132,2,328,330,462
07/26/2006,CRP,TX,ASW,CE,Combined TRACON& Tower with Radar,12,51,32,10,105,0,4,14,0,18,12,55,46,10,123,2,44,46,169
07/27/2006,CRP,TX,ASW,CE,Combined TRACON& Tower with Radar,11,55,29,26,121,0,1,18,0,19,11,56,47,26,140,0,142,142,282
07/28/2006,CRP,TX,ASW,CE,Combined TRACON& Tower with Radar,14,50,36,38,138,0,4,37,2,43,14,54,73,40,181,22,206,228,409
07/29/2006,CRP,TX,ASW,CE,Combined TRACON& Tower with Radar,6,47,11,62,126,0,1,29,0,30,6,48,40,62,156,4,178,182,338
07/30/2006,CRP,TX,ASW,CE,Combined TRACON& Tower with Radar,10,48,23,48,129,0,2,32,0,34,10,50,55,48,163,8,139,147,310
07/31/2006,CRP,TX,ASW,CE,Combined TRACON& Tower with Radar,14,53,20,40,127,0,1,42,0,43,14,54,62,40,170,10,310,320,490
08/01/2006,CRP,TX,ASW,CE,Combined TRACON& Tower with Radar,12,47,19,23,101,0,0,56,0,56,12,47,75,23,157,0,290,290,447
08/02/2006,CRP,TX,ASW,CE,Combined TRACON& Tower with Radar,11,55,31,24,121,0,2,44,0,46,11,57,75,24,167,24,157,181,348
08/03/2006,CRP,TX,ASW,CE,Combined TRACON& Tower with Radar,13,52,32,34,131,0,0,31,0,31,13,52,63,34,162,18,217,235,397
08/04/2006,CRP,TX,ASW,CE,Combined TRACON& Tower with Radar,11,47,34,35,127,0,3,55,0,58,11,50,89,35,185,27,56,83,268
08/05/2006,CRP,TX,ASW,CE,Combined TRACON& Tower with Radar,7,44,10,36,97,0,5,30,16,51,7,49,40,52,148,24,71,95,243
08/06/2006,CRP,TX,ASW,CE,Combined TRACON& Tower with Radar,7,46,21,42,116,0,5,29,0,34,7,51,50,42,150,2,81,83,233
08/07/2006,CRP,TX,ASW,CE,Combined TRACON& Tower with Radar,15,47,19,23,104,0,8,25,0,33,15,55,44,23,137,2,111,113,250
08/08/2006,CRP,TX,ASW,CE,Combined TRACON& Tower with Radar,12,56,27,31,126,0,3,37,0,40,12,59,64,31,166,2,177,179,345
08/09/2006,CRP,TX,ASW,CE,Combined TRACON& Tower with Radar,11,48,28,44,131,0,3,42,0,45,11,51,70,44,176,2,257,259,435
08/10/2006,CRP,TX,ASW,CE,Combined TRACON& Tower with Radar,12,51,28,38,129,0,3,43,0,46,12,54,71,38,175,6,181,187,362
08/11/2006,CRP,TX,ASW,CE,Combined TRACON& Tower with Radar,13,52,30,65,160,0,6,46,0,52,13,58,76,65,212,22,249,271,483
08/12/2006,CRP,TX,ASW,CE,Combined TRACON& Tower with Radar,6,42,20,45,113,0,6,33,2,41,6,48,53,47,154,24,42,66,220
08/13/2006,CRP,TX,ASW,CE,Combined TRACON& Tower with Radar,12,49,20,44,125,0,1,36,0,37,12,50,56,44,162,0,97,97,259
08/14/2006,CRP,TX,ASW,CE,Combined TRACON& Tower with Radar,12,52,41,38,143,0,3,28,0,31,12,55,69,38,174,2,164,166,340
08/15/2006,CRP,TX,ASW,CE,Combined TRACON& Tower with Radar,12,46,26,35,119,0,4,40,0,44,12,50,66,35,163,2,242,244,407
08/16/2006,CRP,TX,ASW,CE,Combined TRACON& Tower with Radar,12,50,24,47,133,0,6,47,0,53,12,56,71,47,186,7,369,376,562
08/17/2006,CRP,TX,ASW,CE,Combined TRACON& Tower with Radar,13,52,38,56,159,0,3,71,0,74,13,55,109,56,233,9,279,288,521
08/18/2006,CRP,TX,ASW,CE,Combined TRACON& Tower with Radar,13,48,20,44,125,0,2,54,0,56,13,50,74,44,181,18,199,217,398
08/19/2006,CRP,TX,ASW,CE,Combined TRACON& Tower with Radar,6,38,11,26,81,0,3,24,12,39,6,41,35,38,120,4,91,95,215
08/20/2006,CRP,TX,ASW,CE,Combined TRACON& Tower with Radar,12,46,11,21,90,0,3,44,17,64,12,49,55,38,154,2,85,87,241
08/21/2006,CRP,TX,ASW,CE,Combined TRACON& Tower with Radar,12,47,19,42,120,1,1,41,0,43,13,48,60,42,163,2,239,241,404
08/22/2006,CRP,TX,ASW,CE,Combined TRACON& Tower with Radar,14,52,25,45,136,0,8,43,0,51,14,60,68,45,187,26,264,290,477
08/23/2006,CRP,TX,ASW,CE,Combined TRACON& Tower with Radar,16,58,21,45,140,0,0,54,0,54,16,58,75,45,194,32,273,305,499
08/24/2006,CRP,TX,ASW,CE,Combined TRACON& Tower with Radar,12,50,18,43,123,0,6,47,0,53,12,56,65,43,176,30,261,291,467
08/25/2006,CRP,TX,ASW,CE,Combined TRACON& Tower with Radar,12,48,11,44,115,0,5,43,0,48,12,53,54,44,163,0,139,139,302
08/26/2006,CRP,TX,ASW,CE,Combined TRACON& Tower with Radar,6,42,12,49,109,0,3,26,0,29,6,45,38,49,138,14,237,251,389
08/27/2006,CRP,TX,ASW,CE,Combined TRACON& Tower with Radar,10,39,13,55,117,0,5,24,0,29,10,44,37,55,146,10,59,69,215
08/28/2006,CRP,TX,ASW,CE,Combined TRACON& Tower with Radar,12,45,18,42,117,0,2,42,0,44,12,47,60,42,161,25,153,178,339
08/29/2006,CRP,TX,ASW,CE,Combined TRACON& Tower with Radar,12,48,43,58,161,0,2,28,0,30,12,50,71,58,191,19,263,282,473
08/30/2006,CRP,TX,ASW,CE,Combined TRACON& Tower with Radar,12,46,33,33,124,0,3,23,0,26,12,49,56,33,150,47,234,281,431
08/31/2006,CRP,TX,ASW,CE,Combined TRACON& Tower with Radar,12,50,15,27,104,0,6,39,0,45,12,56,54,27,149,0,191,191,340
09/01/2006,CRP,TX,ASW,CE,Combined TRACON& Tower with Radar,12,49,25,36,122,0,4,35,0,39,12,53,60,36,161,4,121,125,286
09/02/2006,CRP,TX,ASW,CE,Combined TRACON& Tower with Radar,6,39,16,23,84,0,7,27,0,34,6,46,43,23,118,2,86,88,206
09/03/2006,CRP,TX,ASW,CE,Combined TRACON& Tower with Radar,6,29,9,11,55,0,6,15,0,21,6,35,24,11,76,6,57,63,139
09/04/2006,CRP,TX,ASW,CE,Combined TRACON& Tower with Radar,10,39,27,44,120,0,4,22,0,26,10,43,49,44,146,0,75,75,221
09/05/2006,CRP,TX,ASW,CE,Combined TRACON& Tower with Radar,12,57,22,31,122,0,2,14,0,16,12,59,36,31,138,0,253,253,391
09/06/2006,CRP,TX,ASW,CE,Combined TRACON& Tower with Radar,12,48,35,44,139,0,2,36,0,38,12,50,71,44,177,10,129,139,316
09/07/2006,CRP,TX,ASW,CE,Combined TRACON& Tower with Radar,11,49,28,38,126,0,5,36,0,41,11,54,64,38,167,6,190,196,363
09/08/2006,CRP,TX,ASW,CE,Combined TRACON& Tower with Radar,12,53,38,47,150,0,1,41,0,42,12,54,79,47,192,0,220,220,412
09/09/2006,CRP,TX,ASW,CE,Combined TRACON& Tower with Radar,8,38,35,31,112,0,4,1,3,8,8,42,36,34,120,14,165,179,299
09/10/2006,CRP,TX,ASW,CE,Combined TRACON& Tower with Radar,10,40,26,34,110,0,5,12,6,23,10,45,38,40,133,28,173,201,334
09/11/2006,CRP,TX,ASW,CE,Combined TRACON& Tower with Radar,11,55,31,17,114,0,2,20,0,22,11,57,51,17,136,0,163,163,299
09/12/2006,CRP,TX,ASW,CE,Combined TRACON& Tower with Radar,15,47,29,16,107,0,4,12,0,16,15,51,41,16,123,4,70,74,197
09/13/2006,CRP,TX,ASW,CE,Combined TRACON& Tower with Radar,11,47,34,28,120,0,3,28,0,31,11,50,62,28,151,0,210,210,361
09/14/2006,CRP,TX,ASW,CE,Combined TRACON& Tower with Radar,13,51,48,43,155,0,3,51,0,54,13,54,99,43,209,4,197,201,410
09/15/2006,CRP,TX,ASW,CE,Combined TRACON& Tower with Radar,11,51,23,48,133,0,2,42,0,44,11,53,65,48,177,3,113,116,293
09/16/2006,CRP,TX,ASW,CE,Combined TRACON& Tower with Radar,7,42,19,63,131,0,6,14,0,20,7,48,33,63,151,18,44,62,213
09/17/2006,CRP,TX,ASW,CE,Combined TRACON& Tower with Radar,11,37,17,50,115,0,6,8,0,14,11,43,25,50,129,0,60,60,189
09/18/2006,CRP,TX,ASW,CE,Combined TRACON& Tower with Radar,13,42,34,34,123,0,2,9,0,11,13,44,43,34,134,2,140,142,276
09/19/2006,CRP,TX,ASW,CE,Combined TRACON& Tower with Radar,12,42,38,48,140,0,6,52,0,58,12,48,90,48,198,28,208,236,434
09/20/2006,CRP,TX,ASW,CE,Combined TRACON& Tower with Radar,12,47,25,28,112,0,8,61,0,69,12,55,86,28,181,2,209,211,392
09/21/2006,CRP,TX,ASW,CE,Combined TRACON& Tower with Radar,12,45,30,26,113,0,2,54,0,56,12,47,84,26,169,2,285,287,456
09/22/2006,CRP,TX,ASW,CE,Combined TRACON& Tower with Radar,11,49,32,32,124,0,4,42,0,46,11,53,74,32,170,0,126,126,296
09/23/2006,CRP,TX,ASW,CE,Combined TRACON& Tower with Radar,7,36,17,28,88,0,4,10,1,15,7,40,27,29,103,0,86,86,189
09/24/2006,CRP,TX,ASW,CE,Combined TRACON& Tower with Radar,12,42,28,26,108,0,4,6,1,11,12,46,34,27,119,8,63,71,190
09/25/2006,CRP,TX,ASW,CE,Combined TRACON& Tower with Radar,12,49,22,32,115,0,3,56,0,59,12,52,78,32,174,38,193,231,405
09/26/2006,CRP,TX,ASW,CE,Combined TRACON& Tower with Radar,14,43,39,34,130,0,8,42,0,50,14,51,81,34,180,53,271,324,504
09/27/2006,CRP,TX,ASW,CE,Combined TRACON& Tower with Radar,12,45,31,40,128,0,2,38,0,40,12,47,69,40,168,4,319,323,491
09/28/2006,CRP,TX,ASW,CE,Combined TRACON& Tower with Radar,11,49,32,38,130,0,6,31,0,37,11,55,63,38,167,15,274,289,456
09/29/2006,CRP,TX,ASW,CE,Combined TRACON& Tower with Radar,13,54,39,30,136,0,6,29,0,35,13,60,68,30,171,18,108,126,297
09/30/2006,CRP,TX,ASW,CE,Combined TRACON& Tower with Radar,8,44,17,30,99,0,5,41,0,46,8,49,58,30,145,6,14,20,165
10/01/2006,CRP,TX,ASW,CE,Combined TRACON& Tower with Radar,9,46,21,15,91,0,4,30,0,34,9,50,51,15,125,0,48,48,173
10/02/2006,CRP,TX,ASW,CE,Combined TRACON& Tower with Radar,13,47,30,67,157,0,2,19,0,21,13,49,49,67,178,6,313,319,497
10/03/2006,CRP,TX,ASW,CE,Combined TRACON& Tower with Radar,12,53,31,40,136,0,7,24,0,31,12,60,55,40,167,8,279,287,454
10/04/2006,CRP,TX,ASW,CE,Combined TRACON& Tower with Radar,12,52,34,41,139,0,1,38,0,39,12,53,72,41,178,0,273,273,451
10/05/2006,CRP,TX,ASW,CE,Combined TRACON& Tower with Radar,12,51,29,30,122,0,6,33,0,39,12,57,62,30,161,6,170,176,337
10/06/2006,CRP,TX,ASW,CE,Combined TRACON& Tower with Radar,11,52,20,51,134,0,6,31,0,37,11,58,51,51,171,0,197,197,368
10/07/2006,CRP,TX,ASW,CE,Combined TRACON& Tower with Radar,7,45,10,40,102,0,4,13,7,24,7,49,23,47,126,2,170,172,298
10/08/2006,CRP,TX,ASW,CE,Combined TRACON& Tower with Radar,10,48,16,18,92,0,6,36,3,45,10,54,52,21,137,8,80,88,225
10/09/2006,CRP,TX,ASW,CE,Combined TRACON& Tower with Radar,12,52,26,27,117,0,0,13,0,13,12,52,39,27,130,4,116,120,250
10/10/2006,CRP,TX,ASW,CE,Combined TRACON& Tower with Radar,22,43,35,19,119,0,5,16,0,21,22,48,51,19,140,4,128,132,272
10/11/2006,CRP,TX,ASW,CE,Combined TRACON& Tower with Radar,13,49,32,26,120,0,4,37,0,41,13,53,69,26,161,0,229,229,390
10/12/2006,CRP,TX,ASW,CE,Combined TRACON& Tower with Radar,19,55,26,31,131,0,1,37,0,38,19,56,63,31,169,18,199,217,386
10/13/2006,CRP,TX,ASW,CE,Combined TRACON& Tower with Radar,13,48,39,15,115,0,0,2,0,2,13,48,41,15,117,6,54,60,177
10/14/2006,CRP,TX,ASW,CE,Combined TRACON& Tower with Radar,6,45,11,10,72,0,0,6,0,6,6,45,17,10,78,6,4,10,88
10/15/2006,CRP,TX,ASW,CE,Combined TRACON& Tower with Radar,9,46,14,22,91,0,4,7,0,11,9,50,21,22,102,0,108,108,210
10/16/2006,CRP,TX,ASW,CE,Combined TRACON& Tower with Radar,27,53,25,27,132,0,1,10,0,11,27,54,35,27,143,0,117,117,260
10/17/2006,CRP,TX,ASW,CE,Combined TRACON& Tower with Radar,13,45,27,27,112,0,7,37,0,44,13,52,64,27,156,4,336,340,496
10/18/2006,CRP,TX,ASW,CE,Combined TRACON& Tower with Radar,15,49,43,29,136,0,1,13,0,14,15,50,56,29,150,12,73,85,235
10/19/2006,CRP,TX,ASW,CE,Combined TRACON& Tower with Radar,21,46,35,41,143,0,5,13,0,18,21,51,48,41,161,0,141,141,302
10/20/2006,CRP,TX,ASW,CE,Combined TRACON& Tower with Radar,12,50,33,14,109,0,7,46,8,61,12,57,79,22,170,15,26,41,211
10/21/2006,CRP,TX,ASW,CE,Combined TRACON& Tower with Radar,7,47,20,13,87,0,7,14,17,38,7,54,34,30,125,10,63,73,198
10/22/2006,CRP,TX,ASW,CE,Combined TRACON& Tower with Radar,10,43,14,23,90,0,3,13,0,16,10,46,27,23,106,0,37,37,143
10/23/2006,CRP,TX,ASW,CE,Combined TRACON& Tower with Radar,14,50,42,46,152,0,3,26,0,29,14,53,68,46,181,54,265,319,500
10/24/2006,CRP,TX,ASW,CE,Combined TRACON& Tower with Radar,12,47,50,41,150,0,4,22,0,26,12,51,72,41,176,14,256,270,446
10/25/2006,CRP,TX,ASW,CE,Combined TRACON& Tower with Radar,12,55,50,49,166,0,4,22,0,26,12,59,72,49,192,2,187,189,381
10/26/2006,CRP,TX,ASW,CE,Combined TRACON& Tower with Radar,13,51,42,44,150,0,4,20,0,24,13,55,62,44,174,4,270,274,448
10/27/2006,CRP,TX,ASW,CE,Combined TRACON& Tower with Radar,18,46,27,60,151,0,3,31,0,34,18,49,58,60,185,0,198,198,383
10/28/2006,CRP,TX,ASW,CE,Combined TRACON& Tower with Radar,7,45,20,45,117,0,3,42,3,48,7,48,62,48,165,10,96,106,271
10/29/2006,CRP,TX,ASW,CE,Combined TRACON& Tower with Radar,7,43,31,43,124,0,9,35,0,44,7,52,66,43,168,2,58,60,228
10/30/2006,CRP,TX,ASW,CE,Combined TRACON& Tower with Radar,12,45,23,31,111,0,4,17,0,21,12,49,40,31,132,12,276,288,420
10/31/2006,CRP,TX,ASW,CE,Combined TRACON& Tower with Radar,12,44,20,20,96,0,3,48,0,51,12,47,68,20,147,12,161,173,320
11/01/2006,CRP,TX,ASW,CE,Combined TRACON& Tower with Radar,11,48,54,41,154,0,4,18,0,22,11,52,72,41,176,35,278,313,489
11/02/2006,CRP,TX,ASW,CE,Combined TRACON& Tower with Radar,13,49,52,42,156,0,6,7,0,13,13,55,59,42,169,18,277,295,464
11/03/2006,CRP,TX,ASW,CE,Combined TRACON& Tower with Radar,12,48,35,30,125,0,7,30,0,37,12,55,65,30,162,2,172,174,336
11/04/2006,CRP,TX,ASW,CE,Combined TRACON& Tower with Radar,6,39,16,42,103,0,3,23,0,26,6,42,39,42,129,0,252,252,381
11/05/2006,CRP,TX,ASW,CE,Combined TRACON& Tower with Radar,8,39,20,36,103,0,0,26,0,26,8,39,46,36,129,14,254,268,397
11/06/2006,CRP,TX,ASW,CE,Combined TRACON& Tower with Radar,10,42,32,44,128,0,3,12,0,15,10,45,44,44,143,2,345,347,490
11/07/2006,CRP,TX,ASW,CE,Combined TRACON& Tower with Radar,10,46,42,30,128,0,3,46,0,49,10,49,88,30,177,0,479,479,656
11/08/2006,CRP,TX,ASW,CE,Combined TRACON& Tower with Radar,12,47,38,27,124,0,8,55,0,63,12,55,93,27,187,7,319,326,513
11/09/2006,CRP,TX,ASW,CE,Combined TRACON& Tower with Radar,12,52,54,28,146,0,1,22,0,23,12,53,76,28,169,6,82,88,257
11/10/2006,CRP,TX,ASW,CE,Combined TRACON& Tower with Radar,10,49,30,14,103,0,6,25,8,39,10,55,55,22,142,0,96,96,238
11/11/2006,CRP,TX,ASW,CE,Combined TRACON& Tower with Radar,10,41,14,16,81,0,4,18,19,41,10,45,32,35,122,18,167,185,307
11/12/2006,CRP,TX,ASW,CE,Combined TRACON& Tower with Radar,7,41,28,22,98,0,2,28,8,38,7,43,56,30,136,18,185,203,339
11/13/2006,CRP,TX,ASW,CE,Combined TRACON& Tower with Radar,13,46,29,33,121,0,4,12,0,16,13,50,41,33,137,0,137,137,274
11/14/2006,CRP,TX,ASW,CE,Combined TRACON& Tower with Radar,12,44,50,31,137,0,2,16,0,18,12,46,66,31,155,0,271,271,426
11/15/2006,CRP,TX,ASW,CE,Combined TRACON& Tower with Radar,14,42,25,17,98,0,4,29,0,33,14,46,54,17,131,0,65,65,196
11/16/2006,CRP,TX,ASW,CE,Combined TRACON& Tower with Radar,14,48,32,36,130,0,11,57,0,68,14,59,89,36,198,0,187,187,385
11/17/2006,CRP,TX,ASW,CE,Combined TRACON& Tower with Radar,11,51,41,36,139,1,3,83,2,89,12,54,124,38,228,0,53,53,281
11/18/2006,CRP,TX,ASW,CE,Combined TRACON& Tower with Radar,8,35,21,10,74,0,7,29,20,56,8,42,50,30,130,2,46,48,178
11/19/2006,CRP,TX,ASW,CE,Combined TRACON& Tower with Radar,10,39,29,49,127,0,3,27,0,30,10,42,56,49,157,8,123,131,288
11/20/2006,CRP,TX,ASW,CE,Combined TRACON& Tower with Radar,13,41,22,30,106,0,0,45,0,45,13,41,67,30,151,0,187,187,338
11/21/2006,CRP,TX,ASW,CE,Combined TRACON& Tower with Radar,12,47,25,25,109,0,6,51,0,57,12,53,76,25,166,0,166,166,332
11/22/2006,CRP,TX,ASW,CE,Combined TRACON& Tower with Radar,14,50,26,12,102,0,3,61,0,64,14,53,87,12,166,18,104,122,288
11/23/2006,CRP,TX,ASW,CE,Combined TRACON& Tower with Radar,4,33,8,0,45,0,7,20,0,27,4,40,28,0,72,0,0,0,72
11/24/2006,CRP,TX,ASW,CE,Combined TRACON& Tower with Radar,8,40,23,1,72,0,2,29,0,31,8,42,52,1,103,22,6,28,131
11/25/2006,CRP,TX,ASW,CE,Combined TRACON& Tower with Radar,6,39,22,0,67,0,8,19,1,28,6,47,41,1,95,6,0,6,101
11/26/2006,CRP,TX,ASW,CE,Combined TRACON& Tower with Radar,12,50,35,0,97,0,5,29,3,37,12,55,64,3,134,2,17,19,153
11/27/2006,CRP,TX,ASW,CE,Combined TRACON& Tower with Radar,12,45,35,32,124,0,3,17,0,20,12,48,52,32,144,0,163,163,307
11/28/2006,CRP,TX,ASW,CE,Combined TRACON& Tower with Radar,12,46,43,27,128,0,6,28,0,34,12,52,71,27,162,0,339,339,501
11/29/2006,CRP,TX,ASW,CE,Combined TRACON& Tower with Radar,11,45,38,30,124,0,1,11,0,12,11,46,49,30,136,4,209,213,349
11/30/2006,CRP,TX,ASW,CE,Combined TRACON& Tower with Radar,11,44,25,14,94,0,0,17,0,17,11,44,42,14,111,0,48,48,159
12/01/2006,CRP,TX,ASW,CE,Combined TRACON& Tower with Radar,11,47,17,23,98,0,0,33,0,33,11,47,50,23,131,0,166,166,297
12/02/2006,CRP,TX,ASW,CE,Combined TRACON& Tower with Radar,7,39,21,10,77,0,2,23,0,25,7,41,44,10,102,4,82,86,188
12/03/2006,CRP,TX,ASW,CE,Combined TRACON& Tower with Radar,8,37,30,13,88,0,0,6,0,6,8,37,36,13,94,38,231,269,363
12/04/2006,CRP,TX,ASW,CE,Combined TRACON& Tower with Radar,12,43,27,57,139,0,2,21,0,23,12,45,48,57,162,2,226,228,390
12/05/2006,CRP,TX,ASW,CE,Combined TRACON& Tower with Radar,12,46,40,22,120,0,4,28,0,32,12,50,68,22,152,4,133,137,289
12/06/2006,CRP,TX,ASW,CE,Combined TRACON& Tower with Radar,12,43,44,38,137,0,3,35,0,38,12,46,79,38,175,3,114,117,292
12/07/2006,CRP,TX,ASW,CE,Combined TRACON& Tower with Radar,12,48,46,12,118,0,6,2,0,8,12,54,48,12,126,0,45,45,171
12/08/2006,CRP,TX,ASW,CE,Combined TRACON& Tower with Radar,11,43,37,34,125,0,4,16,0,20,11,47,53,34,145,2,210,212,357
12/09/2006,CRP,TX,ASW,CE,Combined TRACON& Tower with Radar,7,42,22,15,86,0,1,7,13,21,7,43,29,28,107,4,150,154,261
12/10/2006,CRP,TX,ASW,CE,Combined TRACON& Tower with Radar,8,48,33,12,101,0,0,0,0,0,8,48,33,12,101,0,4,4,105
12/11/2006,CRP,TX,ASW,CE,Combined TRACON& Tower with Radar,14,45,42,16,117,0,2,0,0,2,14,47,42,16,119,12,103,115,234
12/12/2006,CRP,TX,ASW,CE,Combined TRACON& Tower with Radar,11,52,40,28,131,0,1,38,0,39,11,53,78,28,170,0,204,204,374
12/13/2006,CRP,TX,ASW,CE,Combined TRACON& Tower with Radar,13,47,31,20,111,0,5,38,0,43,13,52,69,20,154,6,155,161,315
12/14/2006,CRP,TX,ASW,CE,Combined TRACON& Tower with Radar,15,50,32,43,140,0,5,14,0,19,15,55,46,43,159,12,69,81,240
12/15/2006,CRP,TX,ASW,CE,Combined TRACON& Tower with Radar,10,46,42,20,118,0,1,25,0,26,10,47,67,20,144,7,38,45,189
12/16/2006,CRP,TX,ASW,CE,Combined TRACON& Tower with Radar,8,39,33,30,110,0,4,2,0,6,8,43,35,30,116,12,128,140,256
12/17/2006,CRP,TX,ASW,CE,Combined TRACON& Tower with Radar,8,36,21,36,101,0,0,19,0,19,8,36,40,36,120,11,113,124,244
12/18/2006,CRP,TX,ASW,CE,Combined TRACON& Tower with Radar,9,46,46,39,140,0,3,17,0,20,9,49,63,39,160,6,200,206,366
12/19/2006,CRP,TX,ASW,CE,Combined TRACON& Tower with Radar,10,49,46,4,109,0,0,0,0,0,10,49,46,4,109,4,8,12,121
12/20/2006,CRP,TX,ASW,CE,Combined TRACON& Tower with Radar,12,50,50,43,155,0,7,11,0,18,12,57,61,43,173,6,181,187,360
12/21/2006,CRP,TX,ASW,CE,Combined TRACON& Tower with Radar,12,63,53,30,158,0,5,0,0,5,12,68,53,30,163,12,69,81,244
12/22/2006,CRP,TX,ASW,CE,Combined TRACON& Tower with Radar,13,50,19,11,93,0,6,53,0,59,13,56,72,11,152,0,153,153,305
12/23/2006,CRP,TX,ASW,CE,Combined TRACON& Tower with Radar,6,39,12,1,58,0,1,2,0,3,6,40,14,1,61,0,0,0,61
12/24/2006,CRP,TX,ASW,CE,Combined TRACON& Tower with Radar,6,34,11,0,51,0,1,0,0,1,6,35,11,0,52,0,4,4,56
12/25/2006,CRP,TX,ASW,CE,Combined TRACON& Tower with Radar,6,34,1,0,41,0,4,7,0,11,6,38,8,0,52,0,0,0,52
12/26/2006,CRP,TX,ASW,CE,Combined TRACON& Tower with Radar,12,46,14,2,74,0,5,34,0,39,12,51,48,2,113,2,6,8,121
12/27/2006,CRP,TX,ASW,CE,Combined TRACON& Tower with Radar,11,45,28,14,98,0,7,42,0,49,11,52,70,14,147,2,62,64,211
12/28/2006,CRP,TX,ASW,CE,Combined TRACON& Tower with Radar,13,47,29,17,106,0,4,18,0,22,13,51,47,17,128,2,21,23,151
12/29/2006,CRP,TX,ASW,CE,Combined TRACON& Tower with Radar,11,45,24,6,86,0,4,4,0,8,11,49,28,6,94,0,6,6,100
12/30/2006,CRP,TX,ASW,CE,Combined TRACON& Tower with Radar,11,37,26,0,74,0,5,5,3,13,11,42,31,3,87,42,0,42,129
12/31/2006,CRP,TX,ASW,CE,Combined TRACON& Tower with Radar,6,33,12,0,51,0,0,28,0,28,6,33,40,0,79,4,0,4,83
01/01/2007,CRP,TX,ASW,CE,Combined TRACON& Tower with Radar,8,36,6,0,50,0,2,20,0,22,8,38,26,0,72,2,0,2,74
01/02/2007,CRP,TX,ASW,CE,Combined TRACON& Tower with Radar,12,47,25,5,89,0,1,28,0,29,12,48,53,5,118,4,2,6,124
01/03/2007,CRP,TX,ASW,CE,Combined TRACON& Tower with Radar,11,45,29,3,88,0,3,7,0,10,11,48,36,3,98,0,38,38,136
01/04/2007,CRP,TX,ASW,CE,Combined TRACON& Tower with Radar,14,47,20,19,100,0,0,4,0,4,14,47,24,19,104,0,91,91,195
01/05/2007,CRP,TX,ASW,CE,Combined TRACON& Tower with Radar,12,49,26,37,124,0,0,47,0,47,12,49,73,37,171,28,156,184,355
01/06/2007,CRP,TX,ASW,CE,Combined TRACON& Tower with Radar,6,41,22,21,90,0,0,0,0,0,6,41,22,21,90,6,34,40,130
01/07/2007,CRP,TX,ASW,CE,Combined TRACON& Tower with Radar,8,41,18,32,99,0,0,21,0,21,8,41,39,32,120,14,29,43,163
01/08/2007,CRP,TX,ASW,CE,Combined TRACON& Tower with Radar,12,45,28,51,136,0,10,41,0,51,12,55,69,51,187,6,123,129,316
01/09/2007,CRP,TX,ASW,CE,Combined TRACON& Tower with Radar,12,50,39,45,146,0,5,37,0,42,12,55,76,45,188,8,198,206,394
01/10/2007,CRP,TX,ASW,CE,Combined TRACON& Tower with Radar,12,45,44,35,136,0,13,39,0,52,12,58,83,35,188,4,121,125,313
01/11/2007,CRP,TX,ASW,CE,Combined TRACON& Tower with Radar,12,54,44,41,151,0,0,20,0,20,12,54,64,41,171,2,209,211,382
01/12/2007,CRP,TX,ASW,CE,Combined TRACON& Tower with Radar,9,45,45,55,154,0,1,10,0,11,9,46,55,55,165,15,145,160,325
01/13/2007,CRP,TX,ASW,CE,Combined TRACON& Tower with Radar,9,27,12,28,76,0,2,2,0,4,9,29,14,28,80,0,52,52,132
01/14/2007,CRP,TX,ASW,CE,Combined TRACON& Tower with Radar,10,33,21,13,77,0,0,0,0,0,10,33,21,13,77,7,15,22,99
01/15/2007,CRP,TX,ASW,CE,Combined TRACON& Tower with Radar,11,43,27,1,82,0,3,0,0,3,11,46,27,1,85,0,16,16,101
01/16/2007,CRP,TX,ASW,CE,Combined TRACON& Tower with Radar,12,39,17,7,75,0,2,5,0,7,12,41,22,7,82,0,9,9,91
01/17/2007,CRP,TX,ASW,CE,Combined TRACON& Tower with Radar,7,19,13,3,42,0,2,0,1,3,7,21,13,4,45,0,0,0,45
01/18/2007,CRP,TX,ASW,CE,Combined TRACON& Tower with Radar,13,49,25,35,122,0,0,0,0,0,13,49,25,35,122,0,26,26,148
01/19/2007,CRP,TX,ASW,CE,Combined TRACON& Tower with Radar,12,52,30,7,101,0,0,1,0,1,12,52,31,7,102,0,6,6,108
01/20/2007,CRP,TX,ASW,CE,Combined TRACON& Tower with Radar,6,26,7,0,39,0,0,1,0,1,6,26,8,0,40,0,0,0,40
01/21/2007,CRP,TX,ASW,CE,Combined TRACON& Tower with Radar,10,41,27,12,90,0,0,6,0,6,10,41,33,12,96,16,20,36,132
01/22/2007,CRP,TX,ASW,CE,Combined TRACON& Tower with Radar,12,48,30,33,123,0,4,14,0,18,12,52,44,33,141,3,244,247,388
01/23/2007,CRP,TX,ASW,CE,Combined TRACON& Tower with Radar,12,42,56,11,121,0,2,5,0,7,12,44,61,11,128,0,71,71,199
01/24/2007,CRP,TX,ASW,CE,Combined TRACON& Tower with Radar,12,41,38,1,92,0,0,0,0,0,12,41,38,1,92,0,10,10,102
01/25/2007,CRP,TX,ASW,CE,Combined TRACON& Tower with Radar,11,49,26,25,111,0,2,46,0,48,11,51,72,25,159,6,182,188,347
01/26/2007,CRP,TX,ASW,CE,Combined TRACON& Tower with Radar,13,46,41,23,123,0,6,33,0,39,13,52,74,23,162,12,97,109,271
01/27/2007,CRP,TX,ASW,CE,Combined TRACON& Tower with Radar,6,35,15,19,75,0,3,23,0,26,6,38,38,19,101,32,118,150,251
01/28/2007,CRP,TX,ASW,CE,Combined TRACON& Tower with Radar,10,39,25,17,91,0,5,34,3,42,10,44,59,20,133,0,215,215,348
01/29/2007,CRP,TX,ASW,CE,Combined TRACON& Tower with Radar,9,29,22,13,73,0,2,15,0,17,9,31,37,13,90,4,223,227,317
01/30/2007,CRP,TX,ASW,CE,Combined TRACON& Tower with Radar,12,52,55,8,127,0,1,0,0,1,12,53,55,8,128,6,14,20,148
01/31/2007,CRP,TX,ASW,CE,Combined TRACON& Tower with Radar,11,47,31,14,103,0,0,5,0,5,11,47,36,14,108,2,38,40,148
02/01/2007,CRP,TX,ASW,CE,Combined TRACON& Tower with Radar,12,51,47,15,125,0,5,10,0,15,12,56,57,15,140,11,80,91,231
02/02/2007,CRP,TX,ASW,CE,Combined TRACON& Tower with Radar,12,48,44,27,131,0,2,27,0,29,12,50,71,27,160,0,170,170,330
02/03/2007,CRP,TX,ASW,CE,Combined TRACON& Tower with Radar,7,34,16,18,75,0,3,34,0,37,7,37,50,18,112,16,139,155,267
02/04/2007,CRP,TX,ASW,CE,Combined TRACON& Tower with Radar,10,32,13,17,72,0,11,34,0,45,10,43,47,17,117,2,62,64,181
02/05/2007,CRP,TX,ASW,CE,Combined TRACON& Tower with Radar,12,46,32,16,106,0,7,48,0,55,12,53,80,16,161,0,80,80,241
02/06/2007,CRP,TX,ASW,CE,Combined TRACON& Tower with Radar,12,45,35,32,124,0,2,57,0,59,12,47,92,32,183,4,201,205,388
02/07/2007,CRP,TX,ASW,CE,Combined TRACON& Tower with Radar,12,46,31,23,112,0,0,27,0,27,12,46,58,23,139,8,136,144,283
02/08/2007,CRP,TX,ASW,CE,Combined TRACON& Tower with Radar,11,45,38,24,118,0,2,12,0,14,11,47,50,24,132,8,111,119,251
02/09/2007,CRP,TX,ASW,CE,Combined TRACON& Tower with Radar,12,51,37,17,117,0,0,0,0,0,12,51,37,17,117,32,34,66,183
02/10/2007,CRP,TX,ASW,CE,Combined TRACON& Tower with Radar,11,33,26,18,88,0,1,0,0,1,11,34,26,18,89,41,29,70,159
02/11/2007,CRP,TX,ASW,CE,Combined TRACON& Tower with Radar,10,38,33,26,107,0,3,1,0,4,10,41,34,26,111,4,18,22,133
02/12/2007,CRP,TX,ASW,CE,Combined TRACON& Tower with Radar,12,45,24,25,106,0,5,11,0,16,12,50,35,25,122,0,234,234,356
02/13/2007,CRP,TX,ASW,CE,Combined TRACON& Tower with Radar,14,35,31,41,121,1,5,52,0,58,15,40,83,41,179,4,254,258,437
02/14/2007,CRP,TX,ASW,CE,Combined TRACON& Tower with Radar,12,46,33,57,148,0,5,22,0,27,12,51,55,57,175,10,229,239,414
02/15/2007,CRP,TX,ASW,CE,Combined TRACON& Tower with Radar,14,44,34,28,120,0,5,38,0,43,14,49,72,28,163,3,322,325,488
02/16/2007,CRP,TX,ASW,CE,Combined TRACON& Tower with Radar,13,45,29,25,112,0,6,53,0,59,13,51,82,25,171,0,69,69,240
02/17/2007,CRP,TX,ASW,CE,Combined TRACON& Tower with Radar,7,34,21,10,72,0,2,49,15,66,7,36,70,25,138,20,61,81,219
02/18/2007,CRP,TX,ASW,CE,Combined TRACON& Tower with Radar,13,34,27,19,93,0,4,35,4,43,13,38,62,23,136,2,50,52,188
02/19/2007,CRP,TX,ASW,CE,Combined TRACON& Tower with Radar,14,46,25,8,93,0,3,20,4,27,14,49,45,12,120,0,60,60,180
02/20/2007,CRP,TX,ASW,CE,Combined TRACON& Tower with Radar,13,45,42,46,146,0,2,35,0,37,13,47,77,46,183,4,184,188,371
02/21/2007,CRP,TX,ASW,CE,Combined TRACON& Tower with Radar,10,53,50,60,173,0,3,25,0,28,10,56,75,60,201,16,279,295,496
02/22/2007,CRP,TX,ASW,CE,Combined TRACON& Tower with Radar,9,42,46,25,122,0,0,26,0,26,9,42,72,25,148,2,138,140,288
02/23/2007,CRP,TX,ASW,CE,Combined TRACON& Tower with Radar,12,48,39,44,143,0,1,11,0,12,12,49,50,44,155,0,104,104,259
02/24/2007,CRP,TX,ASW,CE,Combined TRACON& Tower with Radar,9,29,12,18,68,0,3,15,0,18,9,32,27,18,86,12,18,30,116
02/25/2007,CRP,TX,ASW,CE,Combined TRACON& Tower with Radar,10,37,23,31,101,0,7,48,0,55,10,44,71,31,156,9,47,56,212
02/26/2007,CRP,TX,ASW,CE,Combined TRACON& Tower with Radar,12,42,34,30,118,0,3,33,0,36,12,45,67,30,154,0,111,111,265
02/27/2007,CRP,TX,ASW,CE,Combined TRACON& Tower with Radar,12,44,43,32,131,0,0,18,0,18,12,44,61,32,149,25,140,165,314
02/28/2007,CRP,TX,ASW,CE,Combined TRACON& Tower with Radar,12,45,61,51,169,0,0,19,0,19,12,45,80,51,188,2,134,136,324
03/01/2007,CRP,TX,ASW,CE,Combined TRACON& Tower with Radar,12,43,30,49,134,0,2,29,0,31,12,45,59,49,165,0,151,151,316
03/02/2007,CRP,TX,ASW,CE,Combined TRACON& Tower with Radar,12,40,26,36,114,0,7,65,0,72,12,47,91,36,186,2,66,68,254
03/03/2007,CRP,TX,ASW,CE,Combined TRACON& Tower with Radar,6,39,19,31,95,0,7,18,11,36,6,46,37,42,131,4,152,156,287
03/04/2007,CRP,TX,ASW,CE,Combined TRACON& Tower with Radar,10,37,16,54,117,0,4,39,3,46,10,41,55,57,163,3,51,54,217
03/05/2007,CRP,TX,ASW,CE,Combined TRACON& Tower with Radar,12,41,22,27,102,0,8,44,0,52,12,49,66,27,154,3,148,151,305
03/06/2007,CRP,TX,ASW,CE,Combined TRACON& Tower with Radar,12,47,23,26,108,0,3,37,0,40,12,50,60,26,148,0,172,172,320
03/07/2007,CRP,TX,ASW,CE,Combined TRACON& Tower with Radar,12,47,32,22,113,0,5,35,0,40,12,52,67,22,153,12,123,135,288
03/08/2007,CRP,TX,ASW,CE,Combined TRACON& Tower with Radar,11,43,36,18,108,0,10,18,0,28,11,53,54,18,136,11,192,203,339
03/09/2007,CRP,TX,ASW,CE,Combined TRACON& Tower with Radar,13,46,46,32,137,0,4,15,0,19,13,50,61,32,156,24,92,116,272
03/10/2007,CRP,TX,ASW,CE,Combined TRACON& Tower with Radar,6,40,18,14,78,0,1,31,8,40,6,41,49,22,118,0,8,8,126
03/11/2007,CRP,TX,ASW,CE,Combined TRACON& Tower with Radar,0,0,0,0,0,10,39,34,25,108,10,39,34,25,108,0,44,44,152
03/12/2007,CRP,TX,ASW,CE,Combined TRACON& Tower with Radar,14,36,22,10,82,0,0,6,0,6,14,36,28,10,88,0,85,85,173
03/13/2007,CRP,TX,ASW,CE,Combined TRACON& Tower with Radar,11,40,31,22,104,0,2,5,0,7,11,42,36,22,111,0,138,138,249
03/14/2007,CRP,TX,ASW,CE,Combined TRACON& Tower with Radar,28,61,35,24,148,0,0,11,0,11,28,61,46,24,159,8,52,60,219
03/15/2007,CRP,TX,ASW,CE,Combined TRACON& Tower with Radar,13,50,47,14,124,0,0,22,0,22,13,50,69,14,146,10,107,117,263
03/16/2007,CRP,TX,ASW,CE,Combined TRACON& Tower with Radar,13,43,35,53,144,0,10,49,0,59,13,53,84,53,203,18,79,97,300
03/17/2007,CRP,TX,ASW,CE,Combined TRACON& Tower with Radar,8,43,45,29,125,0,5,20,6,31,8,48,65,35,156,2,46,48,204
03/18/2007,CRP,TX,ASW,CE,Combined TRACON& Tower with Radar,10,40,32,39,121,0,2,11,0,13,10,42,43,39,134,0,210,210,344
03/19/2007,CRP,TX,ASW,CE,Combined TRACON& Tower with Radar,12,41,37,21,111,0,4,14,0,18,12,45,51,21,129,0,97,97,226
03/20/2007,CRP,TX,ASW,CE,Combined TRACON& Tower with Radar,12,45,51,42,150,0,4,13,0,17,12,49,64,42,167,12,129,141,308
03/21/2007,CRP,TX,ASW,CE,Combined TRACON& Tower with Radar,14,43,50,39,146,0,1,16,0,17,14,44,66,39,163,0,179,179,342
03/22/2007,CRP,TX,ASW,CE,Combined TRACON& Tower with Radar,12,54,54,33,153,0,1,8,0,9,12,55,62,33,162,4,179,183,345
03/23/2007,CRP,TX,ASW,CE,Combined TRACON& Tower with Radar,12,46,62,36,156,0,0,6,0,6,12,46,68,36,162,20,166,186,348
03/24/2007,CRP,TX,ASW,CE,Combined TRACON& Tower with Radar,6,35,8,27,76,0,1,9,4,14,6,36,17,31,90,2,62,64,154
03/25/2007,CRP,TX,ASW,CE,Combined TRACON& Tower with Radar,10,35,19,56,120,0,3,5,0,8,10,38,24,56,128,2,114,116,244
03/26/2007,CRP,TX,ASW,CE,Combined TRACON& Tower with Radar,14,41,34,21,110,0,3,0,0,3,14,44,34,21,113,10,104,114,227
03/27/2007,CRP,TX,ASW,CE,Combined TRACON& Tower with Radar,12,51,44,39,146,0,3,18,0,21,12,54,62,39,167,6,207,213,380
03/28/2007,CRP,TX,ASW,CE,Combined TRACON& Tower with Radar,12,44,29,41,126,0,1,16,0,17,12,45,45,41,143,22,151,173,316
03/29/2007,CRP,TX,ASW,CE,Combined TRACON& Tower with Radar,10,35,37,20,102,0,0,13,0,13,10,35,50,20,115,5,82,87,202
03/30/2007,CRP,TX,ASW,CE,Combined TRACON& Tower with Radar,12,39,23,43,117,0,5,13,0,18,12,44,36,43,135,0,107,107,242
03/31/2007,CRP,TX,ASW,CE,Combined TRACON& Tower with Radar,13,36,19,14,82,0,2,12,6,20,13,38,31,20,102,1,6,7,109
04/01/2007,CRP,TX,ASW,CE,Combined TRACON& Tower with Radar,10,39,17,29,95,0,1,8,0,9,10,40,25,29,104,0,101,101,205
04/02/2007,CRP,TX,ASW,CE,Combined TRACON& Tower with Radar,12,48,27,26,113,0,4,37,0,41,12,52,64,26,154,2,253,255,409
04/03/2007,CRP,TX,ASW,CE,Combined TRACON& Tower with Radar,12,45,47,34,138,0,1,14,0,15,12,46,61,34,153,18,103,121,274
04/04/2007,CRP,TX,ASW,CE,Combined TRACON& Tower with Radar,14,48,37,17,116,0,0,5,0,5,14,48,42,17,121,0,69,69,190
04/05/2007,CRP,TX,ASW,CE,Combined TRACON& Tower with Radar,12,45,46,22,125,0,3,31,0,34,12,48,77,22,159,14,191,205,364
04/06/2007,CRP,TX,ASW,CE,Combined TRACON& Tower with Radar,12,43,22,29,106,0,3,34,0,37,12,46,56,29,143,21,171,192,335
04/07/2007,CRP,TX,ASW,CE,Combined TRACON& Tower with Radar,10,34,6,1,51,0,5,1,0,6,10,39,7,1,57,4,4,8,65
04/08/2007,CRP,TX,ASW,CE,Combined TRACON& Tower with Radar,10,36,11,16,73,0,2,3,0,5,10,38,14,16,78,0,34,34,112
04/09/2007,CRP,TX,ASW,CE,Combined TRACON& Tower with Radar,12,51,43,18,124,0,1,2,0,3,12,52,45,18,127,0,176,176,303
04/10/2007,CRP,TX,ASW,CE,Combined TRACON& Tower with Radar,12,46,32,28,118,0,0,31,0,31,12,46,63,28,149,11,108,119,268
04/11/2007,CRP,TX,ASW,CE,Combined TRACON& Tower with Radar,12,44,38,38,132,0,3,47,0,50,12,47,85,38,182,0,171,171,353
04/12/2007,CRP,TX,ASW,CE,Combined TRACON& Tower with Radar,12,47,52,52,163,0,3,21,4,28,12,50,73,56,191,8,133,141,332
04/13/2007,CRP,TX,ASW,CE,Combined TRACON& Tower with Radar,9,43,28,57,137,0,4,14,0,18,9,47,42,57,155,6,59,65,220
04/14/2007,CRP,TX,ASW,CE,Combined TRACON& Tower with Radar,9,34,14,36,93,0,6,24,0,30,9,40,38,36,123,0,26,26,149
04/15/2007,CRP,TX,ASW,CE,Combined TRACON& Tower with Radar,10,37,16,2,65,0,4,44,7,55,10,41,60,9,120,9,64,73,193
04/16/2007,CRP,TX,ASW,CE,Combined TRACON& Tower with Radar,12,40,37,35,124,0,6,27,0,33,12,46,64,35,157,6,47,53,210
04/17/2007,CRP,TX,ASW,CE,Combined TRACON& Tower with Radar,11,43,49,24,127,0,8,11,0,19,11,51,60,24,146,8,84,92,238
04/18/2007,CRP,TX,ASW,CE,Combined TRACON& Tower with Radar,13,44,45,26,128,0,5,57,0,62,13,49,102,26,190,8,246,254,444
04/19/2007,CRP,TX,ASW,CE,Combined TRACON& Tower with Radar,12,52,57,24,145,0,5,35,0,40,12,57,92,24,185,6,141,147,332
04/20/2007,CRP,TX,ASW,CE,Combined TRACON& Tower with Radar,12,47,46,7,112,0,3,32,9,44,12,50,78,16,156,0,69,69,225
04/21/2007,CRP,TX,ASW,CE,Combined TRACON& Tower with Radar,6,44,12,8,70,0,4,14,0,18,6,48,26,8,88,10,4,14,102
04/22/2007,CRP,TX,ASW,CE,Combined TRACON& Tower with Radar,10,36,26,2,74,0,0,7,0,7,10,36,33,2,81,0,0,0,81
04/23/2007,CRP,TX,ASW,CE,Combined TRACON& Tower with Radar,12,42,37,11,102,0,0,9,0,9,12,42,46,11,111,6,30,36,147
04/24/2007,CRP,TX,ASW,CE,Combined TRACON& Tower with Radar,11,40,35,26,112,0,3,1,0,4,11,43,36,26,116,2,93,95,211
04/25/2007,CRP,TX,ASW,CE,Combined TRACON& Tower with Radar,15,45,25,40,125,0,0,20,0,20,15,45,45,40,145,4,156,160,305
04/26/2007,CRP,TX,ASW,CE,Combined TRACON& Tower with Radar,12,53,32,66,163,0,0,0,0,0,12,53,32,66,163,4,67,71,234
04/27/2007,CRP,TX,ASW,CE,Combined TRACON& Tower with Radar,11,48,36,42,137,0,7,34,0,41,11,55,70,42,178,0,232,232,410
04/28/2007,CRP,TX,ASW,CE,Combined TRACON& Tower with Radar,7,35,25,44,111,0,4,13,0,17,7,39,38,44,128,2,317,319,447
04/29/2007,CRP,TX,ASW,CE,Combined TRACON& Tower with Radar,10,48,30,28,116,0,0,19,0,19,10,48,49,28,135,0,133,133,268
04/30/2007,CRP,TX,ASW,CE,Combined TRACON& Tower with Radar,20,55,32,19,126,0,4,9,0,13,20,59,41,19,139,0,98,98,237
05/01/2007,CRP,TX,ASW,CE,Combined TRACON& Tower with Radar,12,52,36,30,130,0,4,14,0,18,12,56,50,30,148,0,112,112,260
05/02/2007,CRP,TX,ASW,CE,Combined TRACON& Tower with Radar,14,56,26,61,157,0,0,25,0,25,14,56,51,61,182,2,226,228,410
05/03/2007,CRP,TX,ASW,CE,Combined TRACON& Tower with Radar,25,63,45,19,152,0,5,19,0,24,25,68,64,19,176,20,141,161,337
05/04/2007,CRP,TX,ASW,CE,Combined TRACON& Tower with Radar,14,62,47,28,151,0,5,22,0,27,14,67,69,28,178,4,55,59,237
05/05/2007,CRP,TX,ASW,CE,Combined TRACON& Tower with Radar,6,40,27,11,84,0,0,6,0,6,6,40,33,11,90,0,20,20,110
05/06/2007,CRP,TX,ASW,CE,Combined TRACON& Tower with Radar,11,47,30,25,113,0,9,10,0,19,11,56,40,25,132,2,25,27,159
05/07/2007,CRP,TX,ASW,CE,Combined TRACON& Tower with Radar,12,51,33,34,130,0,1,13,0,14,12,52,46,34,144,6,128,134,278
05/08/2007,CRP,TX,ASW,CE,Combined TRACON& Tower with Radar,12,55,42,32,141,0,1,17,0,18,12,56,59,32,159,0,71,71,230
05/09/2007,CRP,TX,ASW,CE,Combined TRACON& Tower with Radar,11,52,27,40,130,0,1,27,0,28,11,53,54,40,158,14,175,189,347
05/10/2007,CRP,TX,ASW,CE,Combined TRACON& Tower with Radar,16,61,43,28,148,0,0,34,0,34,16,61,77,28,182,10,214,224,406
05/11/2007,CRP,TX,ASW,CE,Combined TRACON& Tower with Radar,15,53,34,48,150,0,5,23,0,28,15,58,57,48,178,12,181,193,371
05/12/2007,CRP,TX,ASW,CE,Combined TRACON& Tower with Radar,6,39,20,18,83,0,4,38,0,42,6,43,58,18,125,15,38,53,178
05/13/2007,CRP,TX,ASW,CE,Combined TRACON& Tower with Radar,12,45,20,29,106,0,3,30,0,33,12,48,50,29,139,2,79,81,220
05/14/2007,CRP,TX,ASW,CE,Combined TRACON& Tower with Radar,12,50,38,36,136,0,5,26,0,31,12,55,64,36,167,24,155,179,346
05/15/2007,CRP,TX,ASW,CE,Combined TRACON& Tower with Radar,12,53,36,39,140,0,8,57,0,65,12,61,93,39,205,0,175,175,380
05/16/2007,CRP,TX,ASW,CE,Combined TRACON& Tower with Radar,11,57,24,34,126,0,6,25,0,31,11,63,49,34,157,0,180,180,337
05/17/2007,CRP,TX,ASW,CE,Combined TRACON& Tower with Radar,13,50,35,27,125,0,2,40,0,42,13,52,75,27,167,0,147,147,314
05/18/2007,CRP,TX,ASW,CE,Combined TRACON& Tower with Radar,13,56,39,27,135,0,11,37,0,48,13,67,76,27,183,10,69,79,262
05/19/2007,CRP,TX,ASW,CE,Combined TRACON& Tower with Radar,7,39,16,17,79,0,5,34,3,42,7,44,50,20,121,8,44,52,173
05/20/2007,CRP,TX,ASW,CE,Combined TRACON& Tower with Radar,10,42,30,28,110,0,3,24,0,27,10,45,54,28,137,0,257,257,394
05/21/2007,CRP,TX,ASW,CE,Combined TRACON& Tower with Radar,12,50,25,28,115,0,6,22,0,28,12,56,47,28,143,9,91,100,243
05/22/2007,CRP,TX,ASW,CE,Combined TRACON& Tower with Radar,14,54,43,25,136,0,3,41,0,44,14,57,84,25,180,8,107,115,295
05/23/2007,CRP,TX,ASW,CE,Combined TRACON& Tower with Radar,12,54,42,41,149,0,1,28,0,29,12,55,70,41,178,6,165,171,349
05/24/2007,CRP,TX,ASW,CE,Combined TRACON& Tower with Radar,9,44,45,16,114,0,1,11,0,12,9,45,56,16,126,20,127,147,273
05/25/2007,CRP,TX,ASW,CE,Combined TRACON& Tower with Radar,17,53,20,13,103,0,0,4,0,4,17,53,24,13,107,4,10,14,121
05/26/2007,CRP,TX,ASW,CE,Combined TRACON& Tower with Radar,7,45,12,14,78,0,7,15,7,29,7,52,27,21,107,6,41,47,154
05/27/2007,CRP,TX,ASW,CE,Combined TRACON& Tower with Radar,5,31,4,0,40,0,3,14,4,21,5,34,18,4,61,0,18,18,79
05/28/2007,CRP,TX,ASW,CE,Combined TRACON& Tower with Radar,8,41,18,16,83,0,4,37,9,50,8,45,55,25,133,2,188,190,323
05/29/2007,CRP,TX,ASW,CE,Combined TRACON& Tower with Radar,13,49,36,35,133,0,5,32,0,37,13,54,68,35,170,6,145,151,321
05/30/2007,CRP,TX,ASW,CE,Combined TRACON& Tower with Radar,18,54,40,23,135,0,7,30,0,37,18,61,70,23,172,2,218,220,392
05/31/2007,CRP,TX,ASW,CE,Combined TRACON& Tower with Radar,12,57,38,23,130,0,2,43,0,45,12,59,81,23,175,8,173,181,356
06/01/2007,CRP,TX,ASW,CE,Combined TRACON& Tower with Radar,12,52,25,33,122,0,2,51,0,53,12,54,76,33,175,5,121,126,301
06/02/2007,CRP,TX,ASW,CE,Combined TRACON& Tower with Radar,8,38,22,13,81,0,6,27,0,33,8,44,49,13,114,4,102,106,220
06/03/2007,CRP,TX,ASW,CE,Combined TRACON& Tower with Radar,11,41,20,12,84,0,3,37,0,40,11,44,57,12,124,0,18,18,142
06/04/2007,CRP,TX,ASW,CE,Combined TRACON& Tower with Radar,15,48,37,39,139,0,3,34,0,37,15,51,71,39,176,18,151,169,345
06/05/2007,CRP,TX,ASW,CE,Combined TRACON& Tower with Radar,13,47,29,25,114,1,6,16,0,23,14,53,45,25,137,0,116,116,253
06/06/2007,CRP,TX,ASW,CE,Combined TRACON& Tower with Radar,12,51,44,36,143,0,2,23,0,25,12,53,67,36,168,35,139,174,342
06/07/2007,CRP,TX,ASW,CE,Combined TRACON& Tower with Radar,12,52,34,28,126,0,2,11,0,13,12,54,45,28,139,27,124,151,290
06/08/2007,CRP,TX,ASW,CE,Combined TRACON& Tower with Radar,12,50,29,19,110,0,5,26,0,31,12,55,55,19,141,74,74,148,289
06/09/2007,CRP,TX,ASW,CE,Combined TRACON& Tower with Radar,6,46,10,19,81,0,2,11,0,13,6,48,21,19,94,0,64,64,158
06/10/2007,CRP,TX,ASW,CE,Combined TRACON& Tower with Radar,10,43,22,36,111,0,2,21,0,23,10,45,43,36,134,4,112,116,250
06/11/2007,CRP,TX,ASW,CE,Combined TRACON& Tower with Radar,12,51,31,17,111,0,2,41,0,43,12,53,72,17,154,10,96,106,260
06/12/2007,CRP,TX,ASW,CE,Combined TRACON& Tower with Radar,12,55,38,36,141,0,1,38,0,39,12,56,76,36,180,0,194,194,374
06/13/2007,CRP,TX,ASW,CE,Combined TRACON& Tower with Radar,14,55,43,21,133,0,8,38,0,46,14,63,81,21,179,0,202,202,381
06/14/2007,CRP,TX,ASW,CE,Combined TRACON& Tower with Radar,15,62,24,48,149,0,3,35,0,38,15,65,59,48,187,0,279,279,466
06/15/2007,CRP,TX,ASW,CE,Combined TRACON& Tower with Radar,17,56,44,48,165,1,1,28,0,30,18,57,72,48,195,13,157,170,365
06/16/2007,CRP,TX,ASW,CE,Combined TRACON& Tower with Radar,29,44,17,30,120,0,3,21,0,24,29,47,38,30,144,4,54,58,202
06/17/2007,CRP,TX,ASW,CE,Combined TRACON& Tower with Radar,18,39,22,17,96,0,1,18,0,19,18,40,40,17,115,0,86,86,201
06/18/2007,CRP,TX,ASW,CE,Combined TRACON& Tower with Radar,12,56,26,44,138,0,6,29,0,35,12,62,55,44,173,2,188,190,363
06/19/2007,CRP,TX,ASW,CE,Combined TRACON& Tower with Radar,11,50,42,38,141,0,1,30,0,31,11,51,72,38,172,2,38,40,212
06/20/2007,CRP,TX,ASW,CE,Combined TRACON& Tower with Radar,15,54,34,24,127,0,1,26,0,27,15,55,60,24,154,0,170,170,324
06/21/2007,CRP,TX,ASW,CE,Combined TRACON& Tower with Radar,12,53,31,9,105,0,4,17,0,21,12,57,48,9,126,0,48,48,174
06/22/2007,CRP,TX,ASW,CE,Combined TRACON& Tower with Radar,10,59,28,32,129,0,0,12,0,12,10,59,40,32,141,22,57,79,220
06/23/2007,CRP,TX,ASW,CE,Combined TRACON& Tower with Radar,9,45,24,18,96,0,1,10,0,11,9,46,34,18,107,4,65,69,176
06/24/2007,CRP,TX,ASW,CE,Combined TRACON& Tower with Radar,9,46,10,17,82,0,0,21,1,22,9,46,31,18,104,0,24,24,128
06/25/2007,CRP,TX,ASW,CE,Combined TRACON& Tower with Radar,16,53,39,41,149,0,6,14,0,20,16,59,53,41,169,2,125,127,296
06/26/2007,CRP,TX,ASW,CE,Combined TRACON& Tower with Radar,12,51,30,43,136,0,4,16,0,20,12,55,46,43,156,0,202,202,358
06/27/2007,CRP,TX,ASW,CE,Combined TRACON& Tower with Radar,12,55,37,25,129,0,3,20,0,23,12,58,57,25,152,20,175,195,347
06/28/2007,CRP,TX,ASW,CE,Combined TRACON& Tower with Radar,15,53,40,29,137,0,5,30,0,35,15,58,70,29,172,6,134,140,312
06/29/2007,CRP,TX,ASW,CE,Combined TRACON& Tower with Radar,11,49,37,49,146,0,5,27,0,32,11,54,64,49,178,26,86,112,290
06/30/2007,CRP,TX,ASW,CE,Combined TRACON& Tower with Radar,7,47,14,31,99,0,1,25,7,33,7,48,39,38,132,4,42,46,178
07/01/2007,CRP,TX,ASW,CE,Combined TRACON& Tower with Radar,11,36,17,15,79,0,3,9,10,22,11,39,26,25,101,0,26,26,127
07/02/2007,CRP,TX,ASW,CE,Combined TRACON& Tower with Radar,12,52,15,3,82,0,1,9,0,10,12,53,24,3,92,0,32,32,124
07/03/2007,CRP,TX,ASW,CE,Combined TRACON& Tower with Radar,13,44,32,12,101,0,5,5,2,12,13,49,37,14,113,2,40,42,155
07/04/2007,CRP,TX,ASW,CE,Combined TRACON& Tower with Radar,6,31,6,1,44,0,0,2,3,5,6,31,8,4,49,2,0,2,51
07/05/2007,CRP,TX,ASW,CE,Combined TRACON& Tower with Radar,12,48,22,22,104,0,3,12,0,15,12,51,34,22,119,14,43,57,176
07/06/2007,CRP,TX,ASW,CE,Combined TRACON& Tower with Radar,16,53,31,32,132,0,4,4,0,8,16,57,35,32,140,20,147,167,307
07/07/2007,CRP,TX,ASW,CE,Combined TRACON& Tower with Radar,10,45,14,26,95,0,5,15,6,26,10,50,29,32,121,0,53,53,174
07/08/2007,CRP,TX,ASW,CE,Combined TRACON& Tower with Radar,10,38,16,36,100,0,1,33,0,34,10,39,49,36,134,21,85,106,240
07/09/2007,CRP,TX,ASW,CE,Combined TRACON& Tower with Radar,12,46,28,43,129,0,5,21,0,26,12,51,49,43,155,4,136,140,295
07/10/2007,CRP,TX,ASW,CE,Combined TRACON& Tower with Radar,13,53,29,31,126,0,5,36,0,41,13,58,65,31,167,0,136,136,303
07/11/2007,CRP,TX,ASW,CE,Combined TRACON& Tower with Radar,12,48,35,31,126,0,4,32,0,36,12,52,67,31,162,0,111,111,273
07/12/2007,CRP,TX,ASW,CE,Combined TRACON& Tower with Radar,12,53,40,35,140,0,2,36,0,38,12,55,76,35,178,6,178,184,362
07/13/2007,CRP,TX,ASW,CE,Combined TRACON& Tower with Radar,13,47,32,57,149,0,5,44,0,49,13,52,76,57,198,0,223,223,421
07/14/2007,CRP,TX,ASW,CE,Combined TRACON& Tower with Radar,6,38,27,46,117,0,7,11,0,18,6,45,38,46,135,6,66,72,207
07/15/2007,CRP,TX,ASW,CE,Combined TRACON& Tower with Radar,6,23,8,16,53,0,0,4,2,6,6,23,12,18,59,0,72,72,131
07/16/2007,CRP,TX,ASW,CE,Combined TRACON& Tower with Radar,15,56,43,27,141,0,3,16,0,19,15,59,59,27,160,28,203,231,391
07/17/2007,CRP,TX,ASW,CE,Combined TRACON& Tower with Radar,11,57,31,38,137,0,3,19,0,22,11,60,50,38,159,6,159,165,324
07/18/2007,CRP,TX,ASW,CE,Combined TRACON& Tower with Radar,12,55,32,32,131,0,3,21,0,24,12,58,53,32,155,6,148,154,309
07/19/2007,CRP,TX,ASW,CE,Combined TRACON& Tower with Radar,12,48,42,34,136,0,2,22,0,24,12,50,64,34,160,2,131,133,293
07/20/2007,CRP,TX,ASW,CE,Combined TRACON& Tower with Radar,12,48,27,36,123,0,4,12,0,16,12,52,39,36,139,0,185,185,324
07/21/2007,CRP,TX,ASW,CE,Combined TRACON& Tower with Radar,9,48,16,20,93,0,4,15,3,22,9,52,31,23,115,2,8,10,125
07/22/2007,CRP,TX,ASW,CE,Combined TRACON& Tower with Radar,9,44,20,22,95,0,5,32,0,37,9,49,52,22,132,8,129,137,269
07/23/2007,CRP,TX,ASW,CE,Combined TRACON& Tower with Radar,13,46,38,31,128,0,6,20,0,26,13,52,58,31,154,0,152,152,306
07/24/2007,CRP,TX,ASW,CE,Combined TRACON& Tower with Radar,12,51,26,26,115,0,3,28,0,31,12,54,54,26,146,6,125,131,277
07/25/2007,CRP,TX,ASW,CE,Combined TRACON& Tower with Radar,12,54,32,7,105,1,3,18,0,22,13,57,50,7,127,0,23,23,150
07/26/2007,CRP,TX,ASW,CE,Combined TRACON& Tower with Radar,16,53,30,19,118,0,1,9,0,10,16,54,39,19,128,2,37,39,167
07/27/2007,CRP,TX,ASW,CE,Combined TRACON& Tower with Radar,14,51,30,41,136,0,3,27,0,30,14,54,57,41,166,0,252,252,418
07/28/2007,CRP,TX,ASW,CE,Combined TRACON& Tower with Radar,6,45,29,31,111,0,5,29,0,34,6,50,58,31,145,6,62,68,213
07/29/2007,CRP,TX,ASW,CE,Combined TRACON& Tower with Radar,9,42,11,37,99,0,2,12,0,14,9,44,23,37,113,12,102,114,227
07/30/2007,CRP,TX,ASW,CE,Combined TRACON& Tower with Radar,13,54,41,21,129,0,4,15,0,19,13,58,56,21,148,20,135,155,303
07/31/2007,CRP,TX,ASW,CE,Combined TRACON& Tower with Radar,11,56,45,40,152,0,2,38,0,40,11,58,83,40,192,12,178,190,382
08/01/2007,CRP,TX,ASW,CE,Combined TRACON& Tower with Radar,15,48,28,33,124,0,2,42,0,44,15,50,70,33,168,24,150,174,342
08/02/2007,CRP,TX,ASW,CE,Combined TRACON& Tower with Radar,13,48,34,44,139,0,5,21,0,26,13,53,55,44,165,0,255,255,420
08/03/2007,CRP,TX,ASW,CE,Combined TRACON& Tower with Radar,13,49,43,29,134,0,4,16,0,20,13,53,59,29,154,36,49,85,239
08/04/2007,CRP,TX,ASW,CE,Combined TRACON& Tower with Radar,6,42,23,13,84,0,2,20,0,22,6,44,43,13,106,15,98,113,219
08/05/2007,CRP,TX,ASW,CE,Combined TRACON& Tower with Radar,10,42,12,34,98,0,2,31,4,37,10,44,43,38,135,0,70,70,205
08/06/2007,CRP,TX,ASW,CE,Combined TRACON& Tower with Radar,12,49,33,28,122,0,4,28,0,32,12,53,61,28,154,0,144,144,298
08/07/2007,CRP,TX,ASW,CE,Combined TRACON& Tower with Radar,12,53,36,42,143,0,7,36,0,43,12,60,72,42,186,0,234,234,420
08/08/2007,CRP,TX,ASW,CE,Combined TRACON& Tower with Radar,11,50,36,38,135,0,4,27,0,31,11,54,63,38,166,8,194,202,368
08/09/2007,CRP,TX,ASW,CE,Combined TRACON& Tower with Radar,16,51,45,43,155,0,6,33,0,39,16,57,78,43,194,8,236,244,438
08/10/2007,CRP,TX,ASW,CE,Combined TRACON& Tower with Radar,13,55,18,26,112,0,3,25,0,28,13,58,43,26,140,0,98,98,238
08/11/2007,CRP,TX,ASW,CE,Combined TRACON& Tower with Radar,6,42,7,28,83,0,3,25,0,28,6,45,32,28,111,0,82,82,193
08/12/2007,CRP,TX,ASW,CE,Combined TRACON& Tower with Radar,12,43,16,38,109,0,6,26,0,32,12,49,42,38,141,0,126,126,267
08/13/2007,CRP,TX,ASW,CE,Combined TRACON& Tower with Radar,12,50,23,42,127,0,2,27,0,29,12,52,50,42,156,0,282,282,438
08/14/2007,CRP,TX,ASW,CE,Combined TRACON& Tower with Radar,14,52,30,32,128,0,3,26,0,29,14,55,56,32,157,0,147,147,304
08/15/2007,CRP,TX,ASW,CE,Combined TRACON& Tower with Radar,12,57,34,24,127,0,1,22,0,23,12,58,56,24,150,0,88,88,238
08/16/2007,CRP,TX,ASW,CE,Combined TRACON& Tower with Radar,11,46,9,5,71,0,1,2,0,3,11,47,11,5,74,0,11,11,85
08/17/2007,CRP,TX,ASW,CE,Combined TRACON& Tower with Radar,20,59,18,34,131,0,4,22,0,26,20,63,40,34,157,22,29,51,208
08/18/2007,CRP,TX,ASW,CE,Combined TRACON& Tower with Radar,7,47,26,45,125,0,1,21,16,38,7,48,47,61,163,3,131,134,297
08/19/2007,CRP,TX,ASW,CE,Combined TRACON& Tower with Radar,10,45,16,65,136,0,1,21,0,22,10,46,37,65,158,2,195,197,355
08/20/2007,CRP,TX,ASW,CE,Combined TRACON& Tower with Radar,12,51,29,34,126,0,4,24,0,28,12,55,53,34,154,0,141,141,295
08/21/2007,CRP,TX,ASW,CE,Combined TRACON& Tower with Radar,12,52,33,38,135,0,5,23,0,28,12,57,56,38,163,25,119,144,307
08/22/2007,CRP,TX,ASW,CE,Combined TRACON& Tower with Radar,12,48,35,29,124,0,5,9,0,14,12,53,44,29,138,22,257,279,417
08/23/2007,CRP,TX,ASW,CE,Combined TRACON& Tower with Radar,12,57,33,25,127,0,1,23,0,24,12,58,56,25,151,0,145,145,296
08/24/2007,CRP,TX,ASW,CE,Combined TRACON& Tower with Radar,12,53,23,85,173,0,4,37,0,41,12,57,60,85,214,0,136,136,350
08/25/2007,CRP,TX,ASW,CE,Combined TRACON& Tower with Radar,6,43,10,53,112,0,3,23,0,26,6,46,33,53,138,4,151,155,293
08/26/2007,CRP,TX,ASW,CE,Combined TRACON& Tower with Radar,9,40,14,42,105,0,7,15,0,22,9,47,29,42,127,14,161,175,302
08/27/2007,CRP,TX,ASW,CE,Combined TRACON& Tower with Radar,12,45,19,32,108,0,4,16,0,20,12,49,35,32,128,11,117,128,256
08/28/2007,CRP,TX,ASW,CE,Combined TRACON& Tower with Radar,12,53,21,31,117,0,0,24,0,24,12,53,45,31,141,7,205,212,353
08/29/2007,CRP,TX,ASW,CE,Combined TRACON& Tower with Radar,13,53,28,28,122,0,2,20,0,22,13,55,48,28,144,0,124,124,268
08/30/2007,CRP,TX,ASW,CE,Combined TRACON& Tower with Radar,14,47,25,26,112,0,2,17,0,19,14,49,42,26,131,2,203,205,336
08/31/2007,CRP,TX,ASW,CE,Combined TRACON& Tower with Radar,12,52,25,25,114,0,4,42,0,46,12,56,67,25,160,0,82,82,242
09/01/2007,CRP,TX,ASW,CE,Combined TRACON& Tower with Radar,8,43,13,17,81,0,7,21,0,28,8,50,34,17,109,11,76,87,196
09/02/2007,CRP,TX,ASW,CE,Combined TRACON& Tower with Radar,6,30,7,27,70,0,3,2,0,5,6,33,9,27,75,0,108,108,183
09/03/2007,CRP,TX,ASW,CE,Combined TRACON& Tower with Radar,20,42,24,20,106,0,2,5,0,7,20,44,29,20,113,2,95,97,210
09/04/2007,CRP,TX,ASW,CE,Combined TRACON& Tower with Radar,12,53,36,50,151,0,2,7,0,9,12,55,43,50,160,28,211,239,399
09/05/2007,CRP,TX,ASW,CE,Combined TRACON& Tower with Radar,12,49,40,51,152,0,0,24,0,24,12,49,64,51,176,2,190,192,368
09/06/2007,CRP,TX,ASW,CE,Combined TRACON& Tower with Radar,12,55,36,46,149,0,9,48,0,57,12,64,84,46,206,4,213,217,423
09/07/2007,CRP,TX,ASW,CE,Combined TRACON& Tower with Radar,12,52,31,55,150,0,6,53,0,59,12,58,84,55,209,0,161,161,370
09/08/2007,CRP,TX,ASW,CE,Combined TRACON& Tower with Radar,8,48,19,28,103,0,5,28,0,33,8,53,47,28,136,0,76,76,212
09/09/2007,CRP,TX,ASW,CE,Combined TRACON& Tower with Radar,9,32,18,47,106,0,2,36,0,38,9,34,54,47,144,14,125,139,283
09/10/2007,CRP,TX,ASW,CE,Combined TRACON& Tower with Radar,13,47,38,51,149,0,10,28,0,38,13,57,66,51,187,0,255,255,442
09/11/2007,CRP,TX,ASW,CE,Combined TRACON& Tower with Radar,13,47,22,48,130,0,4,23,0,27,13,51,45,48,157,0,219,219,376
09/12/2007,CRP,TX,ASW,CE,Combined TRACON& Tower with Radar,14,51,27,58,150,0,4,20,0,24,14,55,47,58,174,0,204,204,378
09/13/2007,CRP,TX,ASW,CE,Combined TRACON& Tower with Radar,12,52,46,58,168,0,5,21,0,26,12,57,67,58,194,0,255,255,449
09/14/2007,CRP,TX,ASW,CE,Combined TRACON& Tower with Radar,12,51,34,60,157,0,11,35,0,46,12,62,69,60,203,12,204,216,419
09/15/2007,CRP,TX,ASW,CE,Combined TRACON& Tower with Radar,6,48,17,24,95,0,5,22,0,27,6,53,39,24,122,16,131,147,269
09/16/2007,CRP,TX,ASW,CE,Combined TRACON& Tower with Radar,10,47,16,50,123,0,6,19,0,25,10,53,35,50,148,0,162,162,310
09/17/2007,CRP,TX,ASW,CE,Combined TRACON& Tower with Radar,12,52,45,42,151,0,3,21,0,24,12,55,66,42,175,22,182,204,379
09/18/2007,CRP,TX,ASW,CE,Combined TRACON& Tower with Radar,12,56,23,66,157,0,4,28,0,32,12,60,51,66,189,0,219,219,408
09/19/2007,CRP,TX,ASW,CE,Combined TRACON& Tower with Radar,12,47,31,39,129,0,7,34,0,41,12,54,65,39,170,3,116,119,289
09/20/2007,CRP,TX,ASW,CE,Combined TRACON& Tower with Radar,12,53,45,35,145,0,6,43,0,49,12,59,88,35,194,2,195,197,391
09/21/2007,CRP,TX,ASW,CE,Combined TRACON& Tower with Radar,12,49,34,60,155,0,1,57,0,58,12,50,91,60,213,4,167,171,384
09/22/2007,CRP,TX,ASW,CE,Combined TRACON& Tower with Radar,6,40,24,42,112,0,9,39,0,48,6,49,63,42,160,8,82,90,250
09/23/2007,CRP,TX,ASW,CE,Combined TRACON& Tower with Radar,10,39,25,50,124,0,7,48,0,55,10,46,73,50,179,0,156,156,335
09/24/2007,CRP,TX,ASW,CE,Combined TRACON& Tower with Radar,12,49,15,46,122,0,6,31,0,37,12,55,46,46,159,0,115,115,274
09/25/2007,CRP,TX,ASW,CE,Combined TRACON& Tower with Radar,12,51,36,58,157,0,3,24,0,27,12,54,60,58,184,4,170,174,358
09/26/2007,CRP,TX,ASW,CE,Combined TRACON& Tower with Radar,12,50,39,55,156,0,5,30,0,35,12,55,69,55,191,0,321,321,512
09/27/2007,CRP,TX,ASW,CE,Combined TRACON& Tower with Radar,12,51,40,33,136,0,7,38,0,45,12,58,78,33,181,13,63,76,257
09/28/2007,CRP,TX,ASW,CE,Combined TRACON& Tower with Radar,14,54,27,34,129,0,6,42,0,48,14,60,69,34,177,6,126,132,309
09/29/2007,CRP,TX,ASW,CE,Combined TRACON& Tower with Radar,6,47,5,5,63,0,3,11,0,14,6,50,16,5,77,0,2,2,79
09/30/2007,CRP,TX,ASW,CE,Combined TRACON& Tower with Radar,10,51,19,6,86,0,7,28,1,36,10,58,47,7,122,0,3,3,125
10/01/2007,CRP,TX,ASW,CE,Combined TRACON& Tower with Radar,12,47,23,39,121,0,11,23,0,34,12,58,46,39,155,0,141,141,296
10/02/2007,CRP,TX,ASW,CE,Combined TRACON& Tower with Radar,11,47,37,37,132,0,1,36,0,37,11,48,73,37,169,10,259,269,438
10/03/2007,CRP,TX,ASW,CE,Combined TRACON& Tower with Radar,14,50,33,48,145,0,6,41,0,47,14,56,74,48,192,2,156,158,350
10/04/2007,CRP,TX,ASW,CE,Combined TRACON& Tower with Radar,12,50,32,47,141,0,7,52,0,59,12,57,84,47,200,0,208,208,408
10/05/2007,CRP,TX,ASW,CE,Combined TRACON& Tower with Radar,12,48,31,36,127,0,7,36,0,43,12,55,67,36,170,2,191,193,363
10/06/2007,CRP,TX,ASW,CE,Combined TRACON& Tower with Radar,8,44,12,6,70,0,10,24,0,34,8,54,36,6,104,11,50,61,165
10/07/2007,CRP,TX,ASW,CE,Combined TRACON& Tower with Radar,8,42,19,34,103,0,8,24,7,39,8,50,43,41,142,0,0,0,142
10/08/2007,CRP,TX,ASW,CE,Combined TRACON& Tower with Radar,11,47,25,39,122,0,6,17,9,32,11,53,42,48,154,0,0,0,154
10/09/2007,CRP,TX,ASW,CE,Combined TRACON& Tower with Radar,13,43,41,136,233,0,13,50,9,72,13,56,91,145,305,0,0,0,305
10/10/2007,CRP,TX,ASW,CE,Combined TRACON& Tower with Radar,12,46,35,116,209,0,9,41,8,58,12,55,76,124,267,20,28,48,315
10/11/2007,CRP,TX,ASW,CE,Combined TRACON& Tower with Radar,11,51,43,110,215,0,13,46,13,72,11,64,89,123,287,12,96,108,395
10/12/2007,CRP,TX,ASW,CE,Combined TRACON& Tower with Radar,12,47,23,53,135,0,6,47,7,60,12,53,70,60,195,10,44,54,249
10/13/2007,CRP,TX,ASW,CE,Combined TRACON& Tower with Radar,6,35,14,13,68,0,8,48,4,60,6,43,62,17,128,0,18,18,146
10/14/2007,CRP,TX,ASW,CE,Combined TRACON& Tower with Radar,8,39,30,15,92,0,6,28,2,36,8,45,58,17,128,2,12,14,142
10/15/2007,CRP,TX,ASW,CE,Combined TRACON& Tower with Radar,17,63,26,108,214,0,10,20,9,39,17,73,46,117,253,0,82,82,335
10/16/2007,CRP,TX,ASW,CE,Combined TRACON& Tower with Radar,13,64,36,100,213,0,7,31,10,48,13,71,67,110,261,0,88,88,349
10/17/2007,CRP,TX,ASW,CE,Combined TRACON& Tower with Radar,13,47,62,127,249,0,9,39,29,77,13,56,101,156,326,48,90,138,464
10/18/2007,CRP,TX,ASW,CE,Combined TRACON& Tower with Radar,13,48,41,90,192,0,10,49,14,73,13,58,90,104,265,16,58,74,339
10/19/2007,CRP,TX,ASW,CE,Combined TRACON& Tower with Radar,11,55,47,70,183,0,10,61,23,94,11,65,108,93,277,18,42,60,337
10/20/2007,CRP,TX,ASW,CE,Combined TRACON& Tower with Radar,7,44,7,52,110,0,11,29,15,55,7,55,36,67,165,2,148,150,315
10/21/2007,CRP,TX,ASW,CE,Combined TRACON& Tower with Radar,10,42,27,64,143,0,11,24,5,40,10,53,51,69,183,0,66,66,249
10/22/2007,CRP,TX,ASW,CE,Combined TRACON& Tower with Radar,11,47,17,19,94,0,11,9,0,20,11,58,26,19,114,0,2,2,116
10/23/2007,CRP,TX,ASW,CE,Combined TRACON& Tower with Radar,12,48,50,83,193,0,11,38,11,60,12,59,88,94,253,10,96,106,359
10/24/2007,CRP,TX,ASW,CE,Combined TRACON& Tower with Radar,12,52,27,79,170,0,11,60,12,83,12,63,87,91,253,0,0,0,253
10/25/2007,CRP,TX,ASW,CE,Combined TRACON& Tower with Radar,12,54,36,79,181,0,7,46,17,70,12,61,82,96,251,2,230,232,483
10/26/2007,CRP,TX,ASW,CE,Combined TRACON& Tower with Radar,11,52,39,100,202,0,7,48,15,70,11,59,87,115,272,0,96,96,368
10/27/2007,CRP,TX,ASW,CE,Combined TRACON& Tower with Radar,8,38,23,22,91,0,12,27,12,51,8,50,50,34,142,24,48,72,214
10/28/2007,CRP,TX,ASW,CE,Combined TRACON& Tower with Radar,8,41,26,42,117,0,9,32,21,62,8,50,58,63,179,0,104,104,283
10/29/2007,CRP,TX,ASW,CE,Combined TRACON& Tower with Radar,12,47,27,81,167,0,6,22,20,48,12,53,49,101,215,2,228,230,445
10/30/2007,CRP,TX,ASW,CE,Combined TRACON& Tower with Radar,12,51,41,109,213,0,9,65,13,87,12,60,106,122,300,2,216,218,518
10/31/2007,CRP,TX,ASW,CE,Combined TRACON& Tower with Radar,12,54,33,100,199,0,5,46,13,64,12,59,79,113,263,18,118,136,399
11/01/2007,CRP,TX,ASW,CE,Combined TRACON& Tower with Radar,10,57,47,79,193,0,10,22,6,38,10,67,69,85,231,4,108,112,343
11/02/2007,CRP,TX,ASW,CE,Combined TRACON& Tower with Radar,10,49,37,79,175,0,8,39,20,67,10,57,76,99,242,0,24,24,266
11/03/2007,CRP,TX,ASW,CE,Combined TRACON& Tower with Radar,6,36,20,55,117,0,1,27,3,31,6,37,47,58,148,0,46,46,194
11/04/2007,CRP,TX,ASW,CE,Combined TRACON& Tower with Radar,10,39,21,51,121,0,3,31,9,43,10,42,52,60,164,4,26,30,194
11/05/2007,CRP,TX,ASW,CE,Combined TRACON& Tower with Radar,12,47,38,141,238,0,8,40,17,65,12,55,78,158,303,8,230,238,541
11/06/2007,CRP,TX,ASW,CE,Combined TRACON& Tower with Radar,12,47,44,96,199,0,2,35,5,42,12,49,79,101,241,2,120,122,363
11/07/2007,CRP,TX,ASW,CE,Combined TRACON& Tower with Radar,11,47,43,149,250,0,9,30,14,53,11,56,73,163,303,14,124,138,441
11/08/2007,CRP,TX,ASW,CE,Combined TRACON& Tower with Radar,15,57,56,78,206,0,6,24,15,45,15,63,80,93,251,0,98,98,349
11/09/2007,CRP,TX,ASW,CE,Combined TRACON& Tower with Radar,13,49,32,113,207,0,6,39,19,64,13,55,71,132,271,0,100,100,371
11/10/2007,CRP,TX,ASW,CE,Combined TRACON& Tower with Radar,6,39,16,48,109,0,13,22,18,53,6,52,38,66,162,0,36,36,198
11/11/2007,CRP,TX,ASW,CE,Combined TRACON& Tower with Radar,12,39,28,31,110,0,4,27,9,40,12,43,55,40,150,0,32,32,182
11/12/2007,CRP,TX,ASW,CE,Combined TRACON& Tower with Radar,12,45,23,19,99,0,6,28,4,38,12,51,51,23,137,0,0,0,137
11/13/2007,CRP,TX,ASW,CE,Combined TRACON& Tower with Radar,11,45,25,107,188,0,5,43,25,73,11,50,68,132,261,20,218,238,499
11/14/2007,CRP,TX,ASW,CE,Combined TRACON& Tower with Radar,13,48,32,71,164,0,7,33,20,60,13,55,65,91,224,0,204,204,428
11/15/2007,CRP,TX,ASW,CE,Combined TRACON& Tower with Radar,12,47,44,63,166,0,7,38,20,65,12,54,82,83,231,4,76,80,311
11/16/2007,CRP,TX,ASW,CE,Combined TRACON& Tower with Radar,14,48,39,81,182,0,1,44,14,59,14,49,83,95,241,36,80,116,357
11/17/2007,CRP,TX,ASW,CE,Combined TRACON& Tower with Radar,8,35,11,38,92,0,4,8,13,25,8,39,19,51,117,0,10,10,127
11/18/2007,CRP,TX,ASW,CE,Combined TRACON& Tower with Radar,10,37,22,53,122,0,3,24,20,47,10,40,46,73,169,0,136,136,305
11/19/2007,CRP,TX,ASW,CE,Combined TRACON& Tower with Radar,12,45,39,15,111,0,3,13,2,18,12,48,52,17,129,18,0,18,147
11/20/2007,CRP,TX,ASW,CE,Combined TRACON& Tower with Radar,12,53,33,121,219,0,3,28,17,48,12,56,61,138,267,0,126,126,393
11/21/2007,CRP,TX,ASW,CE,Combined TRACON& Tower with Radar,22,78,48,20,168,1,13,28,5,47,23,91,76,25,215,0,46,46,261
11/22/2007,CRP,TX,ASW,CE,Combined TRACON& Tower with Radar,7,39,10,0,56,0,2,7,0,9,7,41,17,0,65,0,0,0,65
11/23/2007,CRP,TX,ASW,CE,Combined TRACON& Tower with Radar,10,39,29,13,91,0,13,4,0,17,10,52,33,13,108,0,4,4,112
11/24/2007,CRP,TX,ASW,CE,Combined TRACON& Tower with Radar,6,45,23,4,78,0,0,0,0,0,6,45,23,4,78,0,0,0,78
11/25/2007,CRP,TX,ASW,CE,Combined TRACON& Tower with Radar,9,42,30,14,95,0,7,5,0,12,9,49,35,14,107,0,0,0,107
11/26/2007,CRP,TX,ASW,CE,Combined TRACON& Tower with Radar,13,51,25,70,159,0,7,51,19,77,13,58,76,89,236,0,250,250,486
11/27/2007,CRP,TX,ASW,CE,Combined TRACON& Tower with Radar,12,54,31,87,184,0,4,28,30,62,12,58,59,117,246,6,136,142,388
11/28/2007,CRP,TX,ASW,CE,Combined TRACON& Tower with Radar,12,47,43,117,219,0,8,37,37,82,12,55,80,154,301,4,520,524,825
11/29/2007,CRP,TX,ASW,CE,Combined TRACON& Tower with Radar,11,48,33,109,201,0,5,27,14,46,11,53,60,123,247,0,42,42,289
11/30/2007,CRP,TX,ASW,CE,Combined TRACON& Tower with Radar,12,42,64,125,243,0,5,16,23,44,12,47,80,148,287,0,78,78,365
12/01/2007,CRP,TX,ASW,CE,Combined TRACON& Tower with Radar,6,39,14,39,98,0,1,17,12,30,6,40,31,51,128,0,0,0,128
12/02/2007,CRP,TX,ASW,CE,Combined TRACON& Tower with Radar,9,39,30,95,173,0,9,18,14,41,9,48,48,109,214,0,140,140,354
12/03/2007,CRP,TX,ASW,CE,Combined TRACON& Tower with Radar,11,49,27,89,176,0,10,40,16,66,11,59,67,105,242,16,100,116,358
12/04/2007,CRP,TX,ASW,CE,Combined TRACON& Tower with Radar,12,43,26,125,206,0,8,39,18,65,12,51,65,143,271,10,190,200,471
12/05/2007,CRP,TX,ASW,CE,Combined TRACON& Tower with Radar,12,43,29,117,201,0,10,51,12,73,12,53,80,129,274,20,130,150,424
12/06/2007,CRP,TX,ASW,CE,Combined TRACON& Tower with Radar,12,50,56,109,227,0,11,35,31,77,12,61,91,140,304,4,236,240,544
12/07/2007,CRP,TX,ASW,CE,Combined TRACON& Tower with Radar,12,53,35,79,179,0,9,20,24,53,12,62,55,103,232,0,104,104,336
12/08/2007,CRP,TX,ASW,CE,Combined TRACON& Tower with Radar,6,37,16,44,103,0,6,4,4,14,6,43,20,48,117,0,16,16,133
12/09/2007,CRP,TX,ASW,CE,Combined TRACON& Tower with Radar,10,40,23,66,139,0,5,14,6,25,10,45,37,72,164,0,10,10,174
12/10/2007,CRP,TX,ASW,CE,Combined TRACON& Tower with Radar,12,49,29,149,239,0,3,5,7,15,12,52,34,156,254,8,78,86,340
12/11/2007,CRP,TX,ASW,CE,Combined TRACON& Tower with Radar,9,42,27,104,182,0,1,19,4,24,9,43,46,108,206,0,40,40,246
12/12/2007,CRP,TX,ASW,CE,Combined TRACON& Tower with Radar,15,52,40,54,161,0,2,5,5,12,15,54,45,59,173,0,6,6,179
12/13/2007,CRP,TX,ASW,CE,Combined TRACON& Tower with Radar,12,45,59,85,201,0,2,10,13,25,12,47,69,98,226,0,60,60,286
12/14/2007,CRP,TX,ASW,CE,Combined TRACON& Tower with Radar,11,46,53,88,198,0,2,3,1,6,11,48,56,89,204,0,10,10,214
12/15/2007,CRP,TX,ASW,CE,Combined TRACON& Tower with Radar,7,34,22,39,102,0,5,11,7,23,7,39,33,46,125,0,8,8,133
12/16/2007,CRP,TX,ASW,CE,Combined TRACON& Tower with Radar,10,41,39,22,112,0,9,52,22,83,10,50,91,44,195,0,124,124,319
12/17/2007,CRP,TX,ASW,CE,Combined TRACON& Tower with Radar,12,42,34,130,218,0,5,41,19,65,12,47,75,149,283,4,98,102,385
12/18/2007,CRP,TX,ASW,CE,Combined TRACON& Tower with Radar,11,50,42,104,207,0,7,27,14,48,11,57,69,118,255,4,180,184,439
12/19/2007,CRP,TX,ASW,CE,Combined TRACON& Tower with Radar,11,48,45,90,194,0,1,7,17,25,11,49,52,107,219,0,22,22,241
12/20/2007,CRP,TX,ASW,CE,Combined TRACON& Tower with Radar,13,53,41,56,163,0,4,43,24,71,13,57,84,80,234,0,20,20,254
12/21/2007,CRP,TX,ASW,CE,Combined TRACON& Tower with Radar,12,47,26,48,133,0,3,34,25,62,12,50,60,73,195,0,0,0,195
12/22/2007,CRP,TX,ASW,CE,Combined TRACON& Tower with Radar,6,48,14,2,70,0,8,27,6,41,6,56,41,8,111,0,50,50,161
12/23/2007,CRP,TX,ASW,CE,Combined TRACON& Tower with Radar,10,35,16,0,61,0,5,30,7,42,10,40,46,7,103,0,48,48,151
12/24/2007,CRP,TX,ASW,CE,Combined TRACON& Tower with Radar,4,40,13,0,57,0,8,23,0,31,4,48,36,0,88,0,0,0,88
12/25/2007,CRP,TX,ASW,CE,Combined TRACON& Tower with Radar,6,35,6,3,50,0,7,7,0,14,6,42,13,3,64,0,0,0,64
12/26/2007,CRP,TX,ASW,CE,Combined TRACON& Tower with Radar,13,52,20,3,88,0,5,12,2,19,13,57,32,5,107,0,0,0,107
12/27/2007,CRP,TX,ASW,CE,Combined TRACON& Tower with Radar,12,45,13,32,102,0,14,39,10,63,12,59,52,42,165,0,130,130,295
12/28/2007,CRP,TX,ASW,CE,Combined TRACON& Tower with Radar,13,53,19,13,98,0,8,19,11,38,13,61,38,24,136,0,106,106,242
12/29/2007,CRP,TX,ASW,CE,Combined TRACON& Tower with Radar,8,38,17,0,63,0,6,18,0,24,8,44,35,0,87,0,0,0,87
12/30/2007,CRP,TX,ASW,CE,Combined TRACON& Tower with Radar,8,38,15,0,61,0,6,28,2,36,8,44,43,2,97,0,0,0,97
12/31/2007,CRP,TX,ASW,CE,Combined TRACON& Tower with Radar,7,41,8,12,68,0,7,30,3,40,7,48,38,15,108,0,120,120,228
01/01/2008,CRP,TX,ASW,CE,Combined TRACON& Tower with Radar,7,36,12,1,56,0,7,13,0,20,7,43,25,1,76,0,0,0,76
01/02/2008,CRP,TX,ASW,CE,Combined TRACON& Tower with Radar,11,44,20,9,84,0,6,22,1,29,11,50,42,10,113,0,10,10,123
01/03/2008,CRP,TX,ASW,CE,Combined TRACON& Tower with Radar,11,45,27,56,139,0,11,31,11,53,11,56,58,67,192,0,98,98,290
01/04/2008,CRP,TX,ASW,CE,Combined TRACON& Tower with Radar,12,43,19,97,171,0,4,24,16,44,12,47,43,113,215,4,168,172,387
01/05/2008,CRP,TX,ASW,CE,Combined TRACON& Tower with Radar,6,39,9,46,100,0,5,22,7,34,6,44,31,53,134,0,28,28,162
01/06/2008,CRP,TX,ASW,CE,Combined TRACON& Tower with Radar,10,33,11,27,81,0,8,9,9,26,10,41,20,36,107,0,0,0,107
01/07/2008,CRP,TX,ASW,CE,Combined TRACON& Tower with Radar,12,42,24,55,133,0,4,15,1,20,12,46,39,56,153,0,0,0,153
01/08/2008,CRP,TX,ASW,CE,Combined TRACON& Tower with Radar,14,35,31,60,140,0,4,22,13,39,14,39,53,73,179,0,86,86,265
01/09/2008,CRP,TX,ASW,CE,Combined TRACON& Tower with Radar,12,40,33,58,143,0,2,41,9,52,12,42,74,67,195,12,90,102,297
01/10/2008,CRP,TX,ASW,CE,Combined TRACON& Tower with Radar,14,44,51,48,157,0,4,22,4,30,14,48,73,52,187,0,106,106,293
01/11/2008,CRP,TX,ASW,CE,Combined TRACON& Tower with Radar,12,44,23,55,134,0,2,60,8,70,12,46,83,63,204,10,58,68,272
01/12/2008,CRP,TX,ASW,CE,Combined TRACON& Tower with Radar,7,33,17,21,78,0,0,24,11,35,7,33,41,32,113,4,138,142,255
01/13/2008,CRP,TX,ASW,CE,Combined TRACON& Tower with Radar,11,32,23,39,105,0,3,29,25,57,11,35,52,64,162,10,188,198,360
01/14/2008,CRP,TX,ASW,CE,Combined TRACON& Tower with Radar,12,40,21,85,158,0,9,37,16,62,12,49,58,101,220,0,64,64,284
01/15/2008,CRP,TX,ASW,CE,Combined TRACON& Tower with Radar,11,38,31,56,136,0,9,14,3,26,11,47,45,59,162,0,48,48,210
01/16/2008,CRP,TX,ASW,CE,Combined TRACON& Tower with Radar,13,38,42,59,152,0,0,2,11,13,13,38,44,70,165,0,86,86,251
01/17/2008,CRP,TX,ASW,CE,Combined TRACON& Tower with Radar,11,43,35,103,192,0,6,22,14,42,11,49,57,117,234,0,152,152,386
01/18/2008,CRP,TX,ASW,CE,Combined TRACON& Tower with Radar,15,40,28,66,149,0,7,5,4,16,15,47,33,70,165,0,0,0,165
01/19/2008,CRP,TX,ASW,CE,Combined TRACON& Tower with Radar,8,33,11,8,60,0,0,25,3,28,8,33,36,11,88,0,0,0,88
01/20/2008,CRP,TX,ASW,CE,Combined TRACON& Tower with Radar,8,33,20,42,103,0,13,18,8,39,8,46,38,50,142,0,0,0,142
01/21/2008,CRP,TX,ASW,CE,Combined TRACON& Tower with Radar,12,38,25,10,85,0,4,7,4,15,12,42,32,14,100,0,0,0,100
01/22/2008,CRP,TX,ASW,CE,Combined TRACON& Tower with Radar,15,49,33,45,142,0,0,2,0,2,15,49,35,45,144,0,0,0,144
01/23/2008,CRP,TX,ASW,CE,Combined TRACON& Tower with Radar,12,39,23,10,84,0,0,0,0,0,12,39,23,10,84,0,0,0,84
01/24/2008,CRP,TX,ASW,CE,Combined TRACON& Tower with Radar,24,47,41,78,190,0,0,1,0,1,24,47,42,78,191,0,0,0,191
01/25/2008,CRP,TX,ASW,CE,Combined TRACON& Tower with Radar,12,46,42,48,148,0,0,0,0,0,12,46,42,48,148,0,0,0,148
01/26/2008,CRP,TX,ASW,CE,Combined TRACON& Tower with Radar,8,35,21,16,80,0,4,10,3,17,8,39,31,19,97,0,0,0,97
01/27/2008,CRP,TX,ASW,CE,Combined TRACON& Tower with Radar,9,29,27,19,84,0,2,22,5,29,9,31,49,24,113,0,82,82,195
01/28/2008,CRP,TX,ASW,CE,Combined TRACON& Tower with Radar,14,39,30,65,148,0,7,27,14,48,14,46,57,79,196,8,104,112,308
01/29/2008,CRP,TX,ASW,CE,Combined TRACON& Tower with Radar,12,49,26,66,153,0,9,31,8,48,12,58,57,74,201,0,88,88,289
01/30/2008,CRP,TX,ASW,CE,Combined TRACON& Tower with Radar,12,38,34,56,140,0,11,28,8,47,12,49,62,64,187,0,52,52,239
01/31/2008,CRP,TX,ASW,CE,Combined TRACON& Tower with Radar,11,44,28,65,148,0,3,15,8,26,11,47,43,73,174,0,52,52,226
02/01/2008,CRP,TX,ASW,CE,Combined TRACON& Tower with Radar,12,48,48,48,156,0,5,45,22,72,12,53,93,70,228,12,134,146,374
02/02/2008,CRP,TX,ASW,CE,Combined TRACON& Tower with Radar,8,40,15,17,80,0,11,20,17,48,8,51,35,34,128,0,70,70,198
02/03/2008,CRP,TX,ASW,CE,Combined TRACON& Tower with Radar,9,36,13,28,86,0,2,8,7,17,9,38,21,35,103,18,106,124,227
02/04/2008,CRP,TX,ASW,CE,Combined TRACON& Tower with Radar,12,45,43,74,174,0,4,19,3,26,12,49,62,77,200,0,72,72,272
02/05/2008,CRP,TX,ASW,CE,Combined TRACON& Tower with Radar,9,37,27,59,132,0,6,12,24,42,9,43,39,83,174,0,242,242,416
02/06/2008,CRP,TX,ASW,CE,Combined TRACON& Tower with Radar,12,43,46,77,178,0,4,28,18,50,12,47,74,95,228,0,262,262,490
02/07/2008,CRP,TX,ASW,CE,Combined TRACON& Tower with Radar,12,42,46,58,158,0,3,34,23,60,12,45,80,81,218,18,264,282,500
02/08/2008,CRP,TX,ASW,CE,Combined TRACON& Tower with Radar,12,48,36,77,173,0,6,39,18,63,12,54,75,95,236,22,248,270,506
02/09/2008,CRP,TX,ASW,CE,Combined TRACON& Tower with Radar,10,39,19,15,83,0,8,25,6,39,10,47,44,21,122,0,0,0,122
02/10/2008,CRP,TX,ASW,CE,Combined TRACON& Tower with Radar,9,36,27,25,97,0,0,16,8,24,9,36,43,33,121,0,0,0,121
02/11/2008,CRP,TX,ASW,CE,Combined TRACON& Tower with Radar,11,41,24,72,148,0,6,5,19,30,11,47,29,91,178,0,0,0,178
02/12/2008,CRP,TX,ASW,CE,Combined TRACON& Tower with Radar,12,47,37,57,153,0,7,23,13,43,12,54,60,70,196,0,0,0,196
02/13/2008,CRP,TX,ASW,CE,Combined TRACON& Tower with Radar,14,40,36,113,203,0,2,54,19,75,14,42,90,132,278,0,0,0,278
02/14/2008,CRP,TX,ASW,CE,Combined TRACON& Tower with Radar,15,43,33,109,200,0,3,32,8,43,15,46,65,117,243,0,0,0,243
02/15/2008,CRP,TX,ASW,CE,Combined TRACON& Tower with Radar,11,45,39,74,169,0,0,2,0,2,11,45,41,74,171,0,0,0,171
02/16/2008,CRP,TX,ASW,CE,Combined TRACON& Tower with Radar,11,34,15,7,67,0,6,1,0,7,11,40,16,7,74,0,0,0,74
02/17/2008,CRP,TX,ASW,CE,Combined TRACON& Tower with Radar,13,34,24,38,109,0,10,45,15,70,13,44,69,53,179,0,0,0,179
02/18/2008,CRP,TX,ASW,CE,Combined TRACON& Tower with Radar,13,36,24,41,114,0,4,37,11,52,13,40,61,52,166,0,0,0,166
02/19/2008,CRP,TX,ASW,CE,Combined TRACON& Tower with Radar,14,43,47,142,246,0,9,33,37,79,14,52,80,179,325,0,0,0,325
02/20/2008,CRP,TX,ASW,CE,Combined TRACON& Tower with Radar,11,49,46,54,160,0,0,0,0,0,11,49,46,54,160,0,0,0,160
02/21/2008,CRP,TX,ASW,CE,Combined TRACON& Tower with Radar,12,35,42,48,137,0,5,7,10,22,12,40,49,58,159,0,0,0,159
02/22/2008,CRP,TX,ASW,CE,Combined TRACON& Tower with Radar,16,40,52,100,208,0,3,27,17,47,16,43,79,117,255,0,0,0,255
02/23/2008,CRP,TX,ASW,CE,Combined TRACON& Tower with Radar,8,39,22,65,134,0,6,24,24,54,8,45,46,89,188,0,0,0,188
02/24/2008,CRP,TX,ASW,CE,Combined TRACON& Tower with Radar,9,33,16,48,106,0,5,29,24,58,9,38,45,72,164,0,0,0,164
02/25/2008,CRP,TX,ASW,CE,Combined TRACON& Tower with Radar,20,40,44,87,191,0,2,30,22,54,20,42,74,109,245,0,170,170,415
02/26/2008,CRP,TX,ASW,CE,Combined TRACON& Tower with Radar,11,41,48,54,154,0,3,24,18,45,11,44,72,72,199,0,4,4,203
02/27/2008,CRP,TX,ASW,CE,Combined TRACON& Tower with Radar,13,46,33,86,178,0,1,62,18,81,13,47,95,104,259,0,202,202,461
02/28/2008,CRP,TX,ASW,CE,Combined TRACON& Tower with Radar,12,39,30,84,165,0,5,27,25,57,12,44,57,109,222,0,64,64,286
02/29/2008,CRP,TX,ASW,CE,Combined TRACON& Tower with Radar,12,40,29,80,161,0,8,22,26,56,12,48,51,106,217,0,24,24,241
03/01/2008,CRP,TX,ASW,CE,Combined TRACON& Tower with Radar,7,39,33,66,145,0,5,26,2,33,7,44,59,68,178,0,0,0,178
03/02/2008,CRP,TX,ASW,CE,Combined TRACON& Tower with Radar,8,33,22,23,86,0,3,14,4,21,8,36,36,27,107,0,0,0,107
03/03/2008,CRP,TX,ASW,CE,Combined TRACON& Tower with Radar,13,41,34,45,133,0,1,9,6,16,13,42,43,51,149,10,54,64,213
03/04/2008,CRP,TX,ASW,CE,Combined TRACON& Tower with Radar,12,41,39,82,174,0,8,65,22,95,12,49,104,104,269,6,218,224,493
03/05/2008,CRP,TX,ASW,CE,Combined TRACON& Tower with Radar,12,40,34,87,173,0,5,53,12,70,12,45,87,99,243,0,94,94,337
03/06/2008,CRP,TX,ASW,CE,Combined TRACON& Tower with Radar,15,35,34,48,132,0,6,6,4,16,15,41,40,52,148,0,22,22,170
03/07/2008,CRP,TX,ASW,CE,Combined TRACON& Tower with Radar,14,39,24,113,190,0,10,38,20,68,14,49,62,133,258,0,0,0,258
03/08/2008,CRP,TX,ASW,CE,Combined TRACON& Tower with Radar,9,31,9,48,97,0,9,44,22,75,9,40,53,70,172,2,224,226,398
03/09/2008,CRP,TX,ASW,CE,Combined TRACON& Tower with Radar,9,33,21,61,124,0,3,13,21,37,9,36,34,82,161,0,70,70,231
03/10/2008,CRP,TX,ASW,CE,Combined TRACON& Tower with Radar,14,36,36,87,173,0,3,9,5,17,14,39,45,92,190,0,52,52,242
03/11/2008,CRP,TX,ASW,CE,Combined TRACON& Tower with Radar,11,36,34,124,205,0,6,21,10,37,11,42,55,134,242,0,100,100,342
03/12/2008,CRP,TX,ASW,CE,Combined TRACON& Tower with Radar,11,39,31,83,164,0,3,40,9,52,11,42,71,92,216,10,74,84,300
03/13/2008,CRP,TX,ASW,CE,Combined TRACON& Tower with Radar,13,38,50,90,191,0,4,24,12,40,13,42,74,102,231,0,90,90,321
03/14/2008,CRP,TX,ASW,CE,Combined TRACON& Tower with Radar,12,44,43,50,149,0,4,33,12,49,12,48,76,62,198,8,76,84,282
03/15/2008,CRP,TX,ASW,CE,Combined TRACON& Tower with Radar,5,34,14,15,68,0,8,22,0,30,5,42,36,15,98,0,0,0,98
03/16/2008,CRP,TX,ASW,CE,Combined TRACON& Tower with Radar,10,36,33,17,96,0,3,5,2,10,10,39,38,19,106,0,0,0,106
03/17/2008,CRP,TX,ASW,CE,Combined TRACON& Tower with Radar,11,38,25,2,76,0,1,6,1,8,11,39,31,3,84,0,0,0,84
03/18/2008,CRP,TX,ASW,CE,Combined TRACON& Tower with Radar,12,16,15,25,68,0,3,7,3,13,12,19,22,28,81,0,0,0,81
03/19/2008,CRP,TX,ASW,CE,Combined TRACON& Tower with Radar,13,41,25,44,123,0,4,37,17,58,13,45,62,61,181,0,102,102,283
03/20/2008,CRP,TX,ASW,CE,Combined TRACON& Tower with Radar,12,42,22,91,167,0,7,46,5,58,12,49,68,96,225,0,6,6,231
03/21/2008,CRP,TX,ASW,CE,Combined TRACON& Tower with Radar,13,38,17,93,161,0,4,35,21,60,13,42,52,114,221,0,30,30,251
03/22/2008,CRP,TX,ASW,CE,Combined TRACON& Tower with Radar,6,33,22,59,120,0,12,40,13,65,6,45,62,72,185,0,0,0,185
03/23/2008,CRP,TX,ASW,CE,Combined TRACON& Tower with Radar,10,33,14,52,109,0,8,11,8,27,10,41,25,60,136,0,78,78,214
03/24/2008,CRP,TX,ASW,CE,Combined TRACON& Tower with Radar,14,39,16,84,153,0,7,26,14,47,14,46,42,98,200,0,82,82,282
03/25/2008,CRP,TX,ASW,CE,Combined TRACON& Tower with Radar,11,47,26,56,140,0,2,22,7,31,11,49,48,63,171,0,138,138,309
03/26/2008,CRP,TX,ASW,CE,Combined TRACON& Tower with Radar,13,45,51,81,190,0,4,19,6,29,13,49,70,87,219,0,220,220,439
03/27/2008,CRP,TX,ASW,CE,Combined TRACON& Tower with Radar,11,40,37,61,149,0,4,16,5,25,11,44,53,66,174,8,102,110,284
03/28/2008,CRP,TX,ASW,CE,Combined TRACON& Tower with Radar,12,40,56,43,151,0,6,5,15,26,12,46,61,58,177,0,162,162,339
03/29/2008,CRP,TX,ASW,CE,Combined TRACON& Tower with Radar,7,33,36,64,140,0,1,8,9,18,7,34,44,73,158,38,20,58,216
03/30/2008,CRP,TX,ASW,CE,Combined TRACON& Tower with Radar,10,36,18,58,122,0,3,5,14,22,10,39,23,72,144,0,0,0,144
03/31/2008,CRP,TX,ASW,CE,Combined TRACON& Tower with Radar,11,45,27,92,175,0,0,8,1,9,11,45,35,93,184,0,0,0,184
04/01/2008,CRP,TX,ASW,CE,Combined TRACON& Tower with Radar,12,42,48,102,204,0,5,24,5,34,12,47,72,107,238,0,124,124,362
04/02/2008,CRP,TX,ASW,CE,Combined TRACON& Tower with Radar,15,44,48,91,198,0,4,13,8,25,15,48,61,99,223,0,234,234,457
04/03/2008,CRP,TX,ASW,CE,Combined TRACON& Tower with Radar,11,39,41,130,221,0,5,19,13,37,11,44,60,143,258,0,116,116,374
04/04/2008,CRP,TX,ASW,CE,Combined TRACON& Tower with Radar,12,43,45,112,212,0,3,10,3,16,12,46,55,115,228,0,64,64,292
04/05/2008,CRP,TX,ASW,CE,Combined TRACON& Tower with Radar,8,37,18,20,83,0,9,24,3,36,8,46,42,23,119,2,0,2,121
04/06/2008,CRP,TX,ASW,CE,Combined TRACON& Tower with Radar,10,40,29,20,99,0,7,34,7,48,10,47,63,27,147,0,20,20,167
04/07/2008,CRP,TX,ASW,CE,Combined TRACON& Tower with Radar,12,39,39,113,203,0,5,15,6,26,12,44,54,119,229,6,58,64,293
04/08/2008,CRP,TX,ASW,CE,Combined TRACON& Tower with Radar,14,41,33,98,186,0,0,22,1,23,14,41,55,99,209,20,62,82,291
04/09/2008,CRP,TX,ASW,CE,Combined TRACON& Tower with Radar,11,39,45,140,235,0,5,16,4,25,11,44,61,144,260,0,46,46,306
04/10/2008,CRP,TX,ASW,CE,Combined TRACON& Tower with Radar,12,44,37,153,246,0,3,22,7,32,12,47,59,160,278,0,124,124,402
04/11/2008,CRP,TX,ASW,CE,Combined TRACON& Tower with Radar,14,43,55,169,281,0,6,30,24,60,14,49,85,193,341,0,58,58,399
04/12/2008,CRP,TX,ASW,CE,Combined TRACON& Tower with Radar,7,31,17,56,111,0,7,29,10,46,7,38,46,66,157,0,0,0,157
04/13/2008,CRP,TX,ASW,CE,Combined TRACON& Tower with Radar,10,33,32,71,146,0,8,42,22,72,10,41,74,93,218,0,0,0,218
04/14/2008,CRP,TX,ASW,CE,Combined TRACON& Tower with Radar,12,39,27,72,150,0,0,38,9,47,12,39,65,81,197,0,0,0,197
04/15/2008,CRP,TX,ASW,CE,Combined TRACON& Tower with Radar,14,41,32,91,178,0,2,54,19,75,14,43,86,110,253,20,80,100,353
04/16/2008,CRP,TX,ASW,CE,Combined TRACON& Tower with Radar,12,49,41,72,174,0,5,35,15,55,12,54,76,87,229,0,116,116,345
04/17/2008,CRP,TX,ASW,CE,Combined TRACON& Tower with Radar,12,38,28,124,202,0,1,28,6,35,12,39,56,130,237,0,0,0,237
04/18/2008,CRP,TX,ASW,CE,Combined TRACON& Tower with Radar,16,39,40,77,172,0,5,38,22,65,16,44,78,99,237,8,204,212,449
04/19/2008,CRP,TX,ASW,CE,Combined TRACON& Tower with Radar,6,32,19,43,100,0,7,38,5,50,6,39,57,48,150,0,0,0,150
04/20/2008,CRP,TX,ASW,CE,Combined TRACON& Tower with Radar,10,34,39,69,152,0,4,26,9,39,10,38,65,78,191,0,0,0,191
04/21/2008,CRP,TX,ASW,CE,Combined TRACON& Tower with Radar,12,36,43,124,215,0,6,14,5,25,12,42,57,129,240,6,134,140,380
04/22/2008,CRP,TX,ASW,CE,Combined TRACON& Tower with Radar,12,41,46,80,179,0,1,18,10,29,12,42,64,90,208,0,0,0,208
04/23/2008,CRP,TX,ASW,CE,Combined TRACON& Tower with Radar,12,44,51,82,189,0,7,27,11,45,12,51,78,93,234,0,8,8,242
04/24/2008,CRP,TX,ASW,CE,Combined TRACON& Tower with Radar,12,37,44,72,165,0,7,15,4,26,12,44,59,76,191,0,20,20,211
04/25/2008,CRP,TX,ASW,CE,Combined TRACON& Tower with Radar,9,46,52,79,186,0,13,23,12,48,9,59,75,91,234,0,122,122,356
04/26/2008,CRP,TX,ASW,CE,Combined TRACON& Tower with Radar,11,34,19,39,103,0,9,30,21,60,11,43,49,60,163,0,0,0,163
04/27/2008,CRP,TX,ASW,CE,Combined TRACON& Tower with Radar,9,39,20,27,95,0,0,13,12,25,9,39,33,39,120,0,0,0,120
04/28/2008,CRP,TX,ASW,CE,Combined TRACON& Tower with Radar,13,45,28,94,180,0,0,52,19,71,13,45,80,113,251,0,136,136,387
04/29/2008,CRP,TX,ASW,CE,Combined TRACON& Tower with Radar,12,41,33,124,210,0,8,50,31,89,12,49,83,155,299,18,252,270,569
04/30/2008,CRP,TX,ASW,CE,Combined TRACON& Tower with Radar,12,38,39,111,200,0,2,36,11,49,12,40,75,122,249,0,182,182,431
05/01/2008,CRP,TX,ASW,CE,Combined TRACON& Tower with Radar,12,44,56,99,211,0,5,52,11,68,12,49,108,110,279,8,78,86,365
05/02/2008,CRP,TX,ASW,CE,Combined TRACON& Tower with Radar,12,45,30,68,155,0,2,23,20,45,12,47,53,88,200,0,48,48,248
05/03/2008,CRP,TX,ASW,CE,Combined TRACON& Tower with Radar,6,31,25,21,83,0,7,17,30,54,6,38,42,51,137,0,132,132,269
05/04/2008,CRP,TX,ASW,CE,Combined TRACON& Tower with Radar,10,33,26,32,101,0,5,19,25,49,10,38,45,57,150,0,60,60,210
05/05/2008,CRP,TX,ASW,CE,Combined TRACON& Tower with Radar,12,44,24,91,171,0,7,8,11,26,12,51,32,102,197,0,0,0,197
05/06/2008,CRP,TX,ASW,CE,Combined TRACON& Tower with Radar,12,37,46,75,170,0,3,13,5,21,12,40,59,80,191,20,24,44,235
05/07/2008,CRP,TX,ASW,CE,Combined TRACON& Tower with Radar,11,41,40,103,195,0,10,28,25,63,11,51,68,128,258,0,162,162,420
05/08/2008,CRP,TX,ASW,CE,Combined TRACON& Tower with Radar,13,39,40,109,201,0,10,50,18,78,13,49,90,127,279,0,0,0,279
05/09/2008,CRP,TX,ASW,CE,Combined TRACON& Tower with Radar,13,41,42,115,211,0,2,32,7,41,13,43,74,122,252,0,0,0,252
05/10/2008,CRP,TX,ASW,CE,Combined TRACON& Tower with Radar,7,31,30,39,107,0,10,28,9,47,7,41,58,48,154,0,0,0,154
05/11/2008,CRP,TX,ASW,CE,Combined TRACON& Tower with Radar,10,33,32,28,103,0,5,13,7,25,10,38,45,35,128,0,0,0,128
05/12/2008,CRP,TX,ASW,CE,Combined TRACON& Tower with Radar,13,43,41,108,205,0,7,31,16,54,13,50,72,124,259,0,0,0,259
05/13/2008,CRP,TX,ASW,CE,Combined TRACON& Tower with Radar,12,49,46,86,193,0,2,11,7,20,12,51,57,93,213,0,60,60,273
05/14/2008,CRP,TX,ASW,CE,Combined TRACON& Tower with Radar,15,53,49,102,219,0,2,7,13,22,15,55,56,115,241,0,140,140,381
05/15/2008,CRP,TX,ASW,CE,Combined TRACON& Tower with Radar,11,42,50,94,197,0,4,42,9,55,11,46,92,103,252,4,106,110,362
05/16/2008,CRP,TX,ASW,CE,Combined TRACON& Tower with Radar,13,46,39,98,196,0,7,28,40,75,13,53,67,138,271,0,368,368,639
05/17/2008,CRP,TX,ASW,CE,Combined TRACON& Tower with Radar,6,29,17,68,120,0,7,31,28,66,6,36,48,96,186,0,190,190,376
05/18/2008,CRP,TX,ASW,CE,Combined TRACON& Tower with Radar,10,33,25,55,123,0,2,48,38,88,10,35,73,93,211,0,254,254,465
05/19/2008,CRP,TX,ASW,CE,Combined TRACON& Tower with Radar,12,37,25,133,207,0,8,39,25,72,12,45,64,158,279,0,100,100,379
05/20/2008,CRP,TX,ASW,CE,Combined TRACON& Tower with Radar,11,42,44,114,211,0,4,40,17,61,11,46,84,131,272,0,214,214,486
05/21/2008,CRP,TX,ASW,CE,Combined TRACON& Tower with Radar,12,42,30,96,180,0,7,24,2,33,12,49,54,98,213,0,38,38,251
05/22/2008,CRP,TX,ASW,CE,Combined TRACON& Tower with Radar,12,42,49,93,196,0,8,17,9,34,12,50,66,102,230,4,42,46,276
05/23/2008,CRP,TX,ASW,CE,Combined TRACON& Tower with Radar,11,43,36,65,155,0,1,23,14,38,11,44,59,79,193,4,146,150,343
05/24/2008,CRP,TX,ASW,CE,Combined TRACON& Tower with Radar,7,32,21,33,93,0,6,11,3,20,7,38,32,36,113,0,60,60,173
05/25/2008,CRP,TX,ASW,CE,Combined TRACON& Tower with Radar,5,28,9,29,71,0,7,14,4,25,5,35,23,33,96,0,14,14,110
05/26/2008,CRP,TX,ASW,CE,Combined TRACON& Tower with Radar,7,29,22,7,65,0,6,26,7,39,7,35,48,14,104,10,0,10,114
05/27/2008,CRP,TX,ASW,CE,Combined TRACON& Tower with Radar,12,36,23,94,165,0,7,33,34,74,12,43,56,128,239,0,168,168,407
05/28/2008,CRP,TX,ASW,CE,Combined TRACON& Tower with Radar,11,45,32,96,184,0,5,34,18,57,11,50,66,114,241,10,140,150,391
05/29/2008,CRP,TX,ASW,CE,Combined TRACON& Tower with Radar,13,39,24,143,219,0,8,29,11,48,13,47,53,154,267,0,78,78,345
05/30/2008,CRP,TX,ASW,CE,Combined TRACON& Tower with Radar,12,37,16,72,137,0,6,50,27,83,12,43,66,99,220,0,170,170,390
05/31/2008,CRP,TX,ASW,CE,Combined TRACON& Tower with Radar,8,30,15,43,96,0,4,29,13,46,8,34,44,56,142,0,0,0,142
06/01/2008,CRP,TX,ASW,CE,Combined TRACON& Tower with Radar,10,33,12,27,82,0,4,25,17,46,10,37,37,44,128,0,52,52,180
06/02/2008,CRP,TX,ASW,CE,Combined TRACON& Tower with Radar,14,40,21,101,176,0,3,26,10,39,14,43,47,111,215,0,0,0,215
06/03/2008,CRP,TX,ASW,CE,Combined TRACON& Tower with Radar,11,46,21,91,169,0,15,29,4,48,11,61,50,95,217,0,38,38,255
06/04/2008,CRP,TX,ASW,CE,Combined TRACON& Tower with Radar,13,50,22,87,172,0,9,20,27,56,13,59,42,114,228,0,196,196,424
06/05/2008,CRP,TX,ASW,CE,Combined TRACON& Tower with Radar,13,39,38,68,158,0,4,20,7,31,13,43,58,75,189,0,80,80,269
06/06/2008,CRP,TX,ASW,CE,Combined TRACON& Tower with Radar,13,43,23,90,169,0,6,25,16,47,13,49,48,106,216,0,74,74,290
06/07/2008,CRP,TX,ASW,CE,Combined TRACON& Tower with Radar,6,32,19,28,85,0,3,14,8,25,6,35,33,36,110,0,24,24,134
06/08/2008,CRP,TX,ASW,CE,Combined TRACON& Tower with Radar,9,36,26,62,133,0,3,24,16,43,9,39,50,78,176,0,0,0,176
06/09/2008,CRP,TX,ASW,CE,Combined TRACON& Tower with Radar,12,38,19,94,163,0,9,31,18,58,12,47,50,112,221,0,84,84,305
06/10/2008,CRP,TX,ASW,CE,Combined TRACON& Tower with Radar,15,45,26,62,148,0,10,26,9,45,15,55,52,71,193,0,16,16,209
06/11/2008,CRP,TX,ASW,CE,Combined TRACON& Tower with Radar,12,45,32,73,162,0,8,29,11,48,12,53,61,84,210,4,34,38,248
06/12/2008,CRP,TX,ASW,CE,Combined TRACON& Tower with Radar,12,46,35,128,221,0,5,34,14,53,12,51,69,142,274,0,82,82,356
06/13/2008,CRP,TX,ASW,CE,Combined TRACON& Tower with Radar,12,42,19,72,145,0,2,35,7,44,12,44,54,79,189,0,134,134,323
06/14/2008,CRP,TX,ASW,CE,Combined TRACON& Tower with Radar,6,37,13,36,92,0,1,25,12,38,6,38,38,48,130,0,12,12,142
06/15/2008,CRP,TX,ASW,CE,Combined TRACON& Tower with Radar,10,42,13,34,99,0,2,29,6,37,10,44,42,40,136,0,78,78,214
06/16/2008,CRP,TX,ASW,CE,Combined TRACON& Tower with Radar,11,40,30,133,214,0,4,19,13,36,11,44,49,146,250,0,18,18,268
06/17/2008,CRP,TX,ASW,CE,Combined TRACON& Tower with Radar,11,43,36,118,208,0,11,42,14,67,11,54,78,132,275,0,102,102,377
06/18/2008,CRP,TX,ASW,CE,Combined TRACON& Tower with Radar,14,41,49,63,167,0,14,38,23,75,14,55,87,86,242,0,122,122,364
06/19/2008,CRP,TX,ASW,CE,Combined TRACON& Tower with Radar,18,39,30,129,216,0,10,44,20,74,18,49,74,149,290,0,226,226,516
06/20/2008,CRP,TX,ASW,CE,Combined TRACON& Tower with Radar,14,44,38,109,205,0,8,29,18,55,14,52,67,127,260,0,208,208,468
06/21/2008,CRP,TX,ASW,CE,Combined TRACON& Tower with Radar,13,36,25,48,122,0,8,30,33,71,13,44,55,81,193,0,142,142,335
06/22/2008,CRP,TX,ASW,CE,Combined TRACON& Tower with Radar,13,36,17,53,119,0,2,31,28,61,13,38,48,81,180,0,82,82,262
06/23/2008,CRP,TX,ASW,CE,Combined TRACON& Tower with Radar,12,39,33,50,134,0,5,30,12,47,12,44,63,62,181,2,128,130,311
06/24/2008,CRP,TX,ASW,CE,Combined TRACON& Tower with Radar,12,39,51,60,162,0,12,33,29,74,12,51,84,89,236,10,192,202,438
06/25/2008,CRP,TX,ASW,CE,Combined TRACON& Tower with Radar,12,42,29,88,171,0,5,45,13,63,12,47,74,101,234,0,168,168,402
06/26/2008,CRP,TX,ASW,CE,Combined TRACON& Tower with Radar,24,38,27,93,182,0,7,19,14,40,24,45,46,107,222,0,80,80,302
06/27/2008,CRP,TX,ASW,CE,Combined TRACON& Tower with Radar,13,40,37,119,209,0,8,29,28,65,13,48,66,147,274,0,56,56,330
06/28/2008,CRP,TX,ASW,CE,Combined TRACON& Tower with Radar,6,40,8,49,103,0,7,21,12,40,6,47,29,61,143,0,48,48,191
06/29/2008,CRP,TX,ASW,CE,Combined TRACON& Tower with Radar,25,39,20,84,168,2,6,17,13,38,27,45,37,97,206,2,76,78,284
06/30/2008,CRP,TX,ASW,CE,Combined TRACON& Tower with Radar,13,39,34,129,215,0,11,26,12,49,13,50,60,141,264,14,26,40,304
07/01/2008,CRP,TX,ASW,CE,Combined TRACON& Tower with Radar,12,40,31,48,131,0,8,30,19,57,12,48,61,67,188,0,10,10,198
07/02/2008,CRP,TX,ASW,CE,Combined TRACON& Tower with Radar,13,41,31,77,162,0,11,18,11,40,13,52,49,88,202,0,20,20,222
07/03/2008,CRP,TX,ASW,CE,Combined TRACON& Tower with Radar,13,49,26,51,139,0,11,14,12,37,13,60,40,63,176,18,148,166,342
07/04/2008,CRP,TX,ASW,CE,Combined TRACON& Tower with Radar,6,36,8,3,53,0,6,10,2,18,6,42,18,5,71,0,2,2,73
07/05/2008,CRP,TX,ASW,CE,Combined TRACON& Tower with Radar,6,34,10,8,58,0,1,10,1,12,6,35,20,9,70,0,0,0,70
07/06/2008,CRP,TX,ASW,CE,Combined TRACON& Tower with Radar,10,38,22,39,109,0,2,12,5,19,10,40,34,44,128,0,0,0,128
07/07/2008,CRP,TX,ASW,CE,Combined TRACON& Tower with Radar,14,41,25,81,161,0,3,10,8,21,14,44,35,89,182,0,0,0,182
07/08/2008,CRP,TX,ASW,CE,Combined TRACON& Tower with Radar,11,47,32,83,173,0,5,20,4,29,11,52,52,87,202,2,170,172,374
07/09/2008,CRP,TX,ASW,CE,Combined TRACON& Tower with Radar,17,51,42,102,212,0,16,26,24,66,17,67,68,126,278,0,310,310,588
07/10/2008,CRP,TX,ASW,CE,Combined TRACON& Tower with Radar,12,41,43,115,211,0,12,33,32,77,12,53,76,147,288,0,220,220,508
07/11/2008,CRP,TX,ASW,CE,Combined TRACON& Tower with Radar,12,43,39,71,165,0,9,49,16,74,12,52,88,87,239,0,182,182,421
07/12/2008,CRP,TX,ASW,CE,Combined TRACON& Tower with Radar,6,42,13,25,86,0,1,29,9,39,6,43,42,34,125,0,62,62,187
07/13/2008,CRP,TX,ASW,CE,Combined TRACON& Tower with Radar,10,43,5,27,85,0,3,28,17,48,10,46,33,44,133,0,82,82,215
07/14/2008,CRP,TX,ASW,CE,Combined TRACON& Tower with Radar,10,45,16,96,167,0,14,41,11,66,10,59,57,107,233,0,12,12,245
07/15/2008,CRP,TX,ASW,CE,Combined TRACON& Tower with Radar,12,42,18,98,170,0,8,57,14,79,12,50,75,112,249,0,0,0,249
07/16/2008,CRP,TX,ASW,CE,Combined TRACON& Tower with Radar,13,42,29,110,194,0,10,48,18,76,13,52,77,128,270,20,70,90,360
07/17/2008,CRP,TX,ASW,CE,Combined TRACON& Tower with Radar,12,45,37,123,217,0,9,38,13,60,12,54,75,136,277,0,10,10,287
07/18/2008,CRP,TX,ASW,CE,Combined TRACON& Tower with Radar,12,44,32,79,167,0,8,38,22,68,12,52,70,101,235,22,44,66,301
07/19/2008,CRP,TX,ASW,CE,Combined TRACON& Tower with Radar,6,36,16,61,119,0,5,34,17,56,6,41,50,78,175,0,140,140,315
07/20/2008,CRP,TX,ASW,CE,Combined TRACON& Tower with Radar,9,38,21,69,137,0,4,25,13,42,9,42,46,82,179,0,146,146,325
07/21/2008,CRP,TX,ASW,CE,Combined TRACON& Tower with Radar,13,41,20,43,117,0,9,40,6,55,13,50,60,49,172,0,12,12,184
07/22/2008,CRP,TX,ASW,CE,Combined TRACON& Tower with Radar,13,41,30,10,94,0,11,30,2,43,13,52,60,12,137,0,0,0,137
07/23/2008,CRP,TX,ASW,CE,Combined TRACON& Tower with Radar,0,25,4,0,29,0,0,1,0,1,0,25,5,0,30,0,0,0,30
07/24/2008,CRP,TX,ASW,CE,Combined TRACON& Tower with Radar,15,49,14,5,83,0,2,2,6,10,15,51,16,11,93,0,0,0,93
07/25/2008,CRP,TX,ASW,CE,Combined TRACON& Tower with Radar,12,46,31,31,120,0,7,22,6,35,12,53,53,37,155,0,24,24,179
07/26/2008,CRP,TX,ASW,CE,Combined TRACON& Tower with Radar,6,39,6,6,57,0,9,32,0,41,6,48,38,6,98,0,0,0,98
07/27/2008,CRP,TX,ASW,CE,Combined TRACON& Tower with Radar,10,35,14,10,69,0,10,26,11,47,10,45,40,21,116,0,0,0,116
07/28/2008,CRP,TX,ASW,CE,Combined TRACON& Tower with Radar,14,43,33,173,263,0,5,38,23,66,14,48,71,196,329,18,154,172,501
07/29/2008,CRP,TX,ASW,CE,Combined TRACON& Tower with Radar,12,42,52,145,251,0,7,48,20,75,12,49,100,165,326,0,206,206,532
07/30/2008,CRP,TX,ASW,CE,Combined TRACON& Tower with Radar,11,44,45,152,252,0,5,32,15,52,11,49,77,167,304,0,256,256,560
07/31/2008,CRP,TX,ASW,CE,Combined TRACON& Tower with Radar,14,41,35,151,241,0,3,47,8,58,14,44,82,159,299,0,56,56,355
08/01/2008,CRP,TX,ASW,CE,Combined TRACON& Tower with Radar,13,42,33,95,183,0,5,38,16,59,13,47,71,111,242,0,30,30,272
08/02/2008,CRP,TX,ASW,CE,Combined TRACON& Tower with Radar,6,38,6,69,119,0,8,25,15,48,6,46,31,84,167,0,80,80,247
08/03/2008,CRP,TX,ASW,CE,Combined TRACON& Tower with Radar,11,42,20,74,147,0,5,29,15,49,11,47,49,89,196,0,0,0,196
08/04/2008,CRP,TX,ASW,CE,Combined TRACON& Tower with Radar,13,44,25,84,166,0,4,27,21,52,13,48,52,105,218,0,74,74,292
08/05/2008,CRP,TX,ASW,CE,Combined TRACON& Tower with Radar,10,37,9,67,123,0,3,21,15,39,10,40,30,82,162,4,282,286,448
08/06/2008,CRP,TX,ASW,CE,Combined TRACON& Tower with Radar,12,41,13,130,196,0,6,37,18,61,12,47,50,148,257,28,118,146,403
08/07/2008,CRP,TX,ASW,CE,Combined TRACON& Tower with Radar,12,41,42,116,211,0,5,46,29,80,12,46,88,145,291,0,188,188,479
08/08/2008,CRP,TX,ASW,CE,Combined TRACON& Tower with Radar,11,40,18,103,172,0,3,48,21,72,11,43,66,124,244,4,124,128,372
08/09/2008,CRP,TX,ASW,CE,Combined TRACON& Tower with Radar,7,38,9,64,118,0,8,25,19,52,7,46,34,83,170,26,48,74,244
08/10/2008,CRP,TX,ASW,CE,Combined TRACON& Tower with Radar,10,39,15,48,112,0,2,23,15,40,10,41,38,63,152,0,50,50,202
08/11/2008,CRP,TX,ASW,CE,Combined TRACON& Tower with Radar,12,42,22,146,222,0,13,33,22,68,12,55,55,168,290,0,206,206,496
08/12/2008,CRP,TX,ASW,CE,Combined TRACON& Tower with Radar,12,41,38,120,211,0,4,31,19,54,12,45,69,139,265,0,228,228,493
08/13/2008,CRP,TX,ASW,CE,Combined TRACON& Tower with Radar,12,46,48,109,215,0,8,26,15,49,12,54,74,124,264,0,58,58,322
08/14/2008,CRP,TX,ASW,CE,Combined TRACON& Tower with Radar,12,42,47,75,176,0,10,33,11,54,12,52,80,86,230,0,94,94,324
08/15/2008,CRP,TX,ASW,CE,Combined TRACON& Tower with Radar,12,38,33,67,150,0,8,43,13,64,12,46,76,80,214,0,26,26,240
08/16/2008,CRP,TX,ASW,CE,Combined TRACON& Tower with Radar,6,39,12,40,97,0,1,15,16,32,6,40,27,56,129,0,44,44,173
08/17/2008,CRP,TX,ASW,CE,Combined TRACON& Tower with Radar,10,36,15,101,162,0,2,4,10,16,10,38,19,111,178,0,0,0,178
08/18/2008,CRP,TX,ASW,CE,Combined TRACON& Tower with Radar,12,44,30,65,151,0,2,11,15,28,12,46,41,80,179,2,114,116,295
08/19/2008,CRP,TX,ASW,CE,Combined TRACON& Tower with Radar,14,42,20,106,182,0,4,16,14,34,14,46,36,120,216,0,176,176,392
08/20/2008,CRP,TX,ASW,CE,Combined TRACON& Tower with Radar,15,43,31,56,145,0,5,24,9,38,15,48,55,65,183,0,72,72,255
08/21/2008,CRP,TX,ASW,CE,Combined TRACON& Tower with Radar,17,40,39,96,192,0,13,26,20,59,17,53,65,116,251,0,78,78,329
08/22/2008,CRP,TX,ASW,CE,Combined TRACON& Tower with Radar,14,43,34,50,141,0,5,14,27,46,14,48,48,77,187,0,0,0,187
08/23/2008,CRP,TX,ASW,CE,Combined TRACON& Tower with Radar,6,38,18,63,125,0,8,14,22,44,6,46,32,85,169,12,144,156,325
08/24/2008,CRP,TX,ASW,CE,Combined TRACON& Tower with Radar,10,37,13,77,137,0,7,11,16,34,10,44,24,93,171,0,0,0,171
08/25/2008,CRP,TX,ASW,CE,Combined TRACON& Tower with Radar,12,40,23,66,141,0,8,28,9,45,12,48,51,75,186,0,136,136,322
08/26/2008,CRP,TX,ASW,CE,Combined TRACON& Tower with Radar,12,48,17,120,197,0,7,41,13,61,12,55,58,133,258,8,56,64,322
08/27/2008,CRP,TX,ASW,CE,Combined TRACON& Tower with Radar,12,43,32,157,244,0,7,47,24,78,12,50,79,181,322,0,154,154,476
08/28/2008,CRP,TX,ASW,CE,Combined TRACON& Tower with Radar,12,50,33,95,190,0,10,32,21,63,12,60,65,116,253,2,198,200,453
08/29/2008,CRP,TX,ASW,CE,Combined TRACON& Tower with Radar,11,51,40,36,138,0,3,16,18,37,11,54,56,54,175,12,204,216,391
08/30/2008,CRP,TX,ASW,CE,Combined TRACON& Tower with Radar,7,37,15,17,76,0,6,9,8,23,7,43,24,25,99,0,14,14,113
08/31/2008,CRP,TX,ASW,CE,Combined TRACON& Tower with Radar,8,29,15,44,96,0,7,28,12,47,8,36,43,56,143,0,16,16,159
09/01/2008,CRP,TX,ASW,CE,Combined TRACON& Tower with Radar,10,40,27,37,114,0,4,35,7,46,10,44,62,44,160,0,80,80,240
09/02/2008,CRP,TX,ASW,CE,Combined TRACON& Tower with Radar,12,45,22,87,166,0,8,29,12,49,12,53,51,99,215,0,182,182,397
09/03/2008,CRP,TX,ASW,CE,Combined TRACON& Tower with Radar,12,44,23,89,168,0,10,26,12,48,12,54,49,101,216,0,118,118,334
09/04/2008,CRP,TX,ASW,CE,Combined TRACON& Tower with Radar,14,40,18,84,156,0,2,42,13,57,14,42,60,97,213,0,0,0,213
09/05/2008,CRP,TX,ASW,CE,Combined TRACON& Tower with Radar,12,40,25,56,133,0,9,33,16,58,12,49,58,72,191,0,20,20,211
09/06/2008,CRP,TX,ASW,CE,Combined TRACON& Tower with Radar,6,30,18,47,101,0,2,26,15,43,6,32,44,62,144,6,28,34,178
09/07/2008,CRP,TX,ASW,CE,Combined TRACON& Tower with Radar,14,41,19,62,136,0,8,13,11,32,14,49,32,73,168,0,0,0,168
09/08/2008,CRP,TX,ASW,CE,Combined TRACON& Tower with Radar,13,40,35,93,181,0,3,35,7,45,13,43,70,100,226,8,14,22,248
09/09/2008,CRP,TX,ASW,CE,Combined TRACON& Tower with Radar,12,37,26,127,202,0,10,25,7,42,12,47,51,134,244,0,98,98,342
09/10/2008,CRP,TX,ASW,CE,Combined TRACON& Tower with Radar,13,57,44,24,138,0,12,44,5,61,13,69,88,29,199,0,14,14,213
09/11/2008,CRP,TX,ASW,CE,Combined TRACON& Tower with Radar,12,57,41,20,130,0,13,39,18,70,12,70,80,38,200,0,0,0,200
09/12/2008,CRP,TX,ASW,CE,Combined TRACON& Tower with Radar,2,14,5,15,36,0,5,13,0,18,2,19,18,15,54,0,0,0,54
09/13/2008,CRP,TX,ASW,CE,Combined TRACON& Tower with Radar,0,12,11,7,30,0,8,16,0,24,0,20,27,7,54,0,0,0,54
09/14/2008,CRP,TX,ASW,CE,Combined TRACON& Tower with Radar,2,25,17,3,47,0,14,15,6,35,2,39,32,9,82,0,0,0,82
09/15/2008,CRP,TX,ASW,CE,Combined TRACON& Tower with Radar,5,35,30,69,139,0,14,27,15,56,5,49,57,84,195,0,106,106,301
09/16/2008,CRP,TX,ASW,CE,Combined TRACON& Tower with Radar,6,38,15,88,147,0,14,42,13,69,6,52,57,101,216,0,54,54,270
09/17/2008,CRP,TX,ASW,CE,Combined TRACON& Tower with Radar,6,47,34,84,171,0,18,43,19,80,6,65,77,103,251,0,144,144,395
09/18/2008,CRP,TX,ASW,CE,Combined TRACON& Tower with Radar,6,47,32,124,209,0,14,47,16,77,6,61,79,140,286,0,134,134,420
09/19/2008,CRP,TX,ASW,CE,Combined TRACON& Tower with Radar,10,41,38,95,184,0,21,46,29,96,10,62,84,124,280,4,92,96,376
09/20/2008,CRP,TX,ASW,CE,Combined TRACON& Tower with Radar,6,44,14,36,100,0,11,20,16,47,6,55,34,52,147,6,68,74,221
09/21/2008,CRP,TX,ASW,CE,Combined TRACON& Tower with Radar,10,44,19,50,123,0,15,24,28,67,10,59,43,78,190,0,140,140,330
09/22/2008,CRP,TX,ASW,CE,Combined TRACON& Tower with Radar,12,38,25,85,160,0,8,38,21,67,12,46,63,106,227,0,278,278,505
09/23/2008,CRP,TX,ASW,CE,Combined TRACON& Tower with Radar,12,44,46,93,195,0,17,16,12,45,12,61,62,105,240,0,124,124,364
09/24/2008,CRP,TX,ASW,CE,Combined TRACON& Tower with Radar,12,44,36,130,222,0,11,17,11,39,12,55,53,141,261,0,202,202,463
09/25/2008,CRP,TX,ASW,CE,Combined TRACON& Tower with Radar,12,39,40,65,156,0,17,43,18,78,12,56,83,83,234,0,85,85,319
09/26/2008,CRP,TX,ASW,CE,Combined TRACON& Tower with Radar,12,46,21,52,131,0,13,47,20,80,12,59,68,72,211,0,46,46,257
09/27/2008,CRP,TX,ASW,CE,Combined TRACON& Tower with Radar,6,32,14,15,67,0,9,32,11,52,6,41,46,26,119,10,92,102,221
09/28/2008,CRP,TX,ASW,CE,Combined TRACON& Tower with Radar,10,37,13,20,80,0,3,25,6,34,10,40,38,26,114,0,8,8,122
09/29/2008,CRP,TX,ASW,CE,Combined TRACON& Tower with Radar,12,46,22,69,149,0,10,35,10,55,12,56,57,79,204,0,110,110,314
09/30/2008,CRP,TX,ASW,CE,Combined TRACON& Tower with Radar,12,45,33,69,159,0,13,49,4,66,12,58,82,73,225,0,30,30,255
10/01/2008,CRP,TX,ASW,CE,Combined TRACON& Tower with Radar,12,48,31,102,193,0,17,64,16,97,12,65,95,118,290,0,126,126,416
10/02/2008,CRP,TX,ASW,CE,Combined TRACON& Tower with Radar,12,43,32,100,187,0,10,49,29,88,12,53,81,129,275,0,110,110,385
10/03/2008,CRP,TX,ASW,CE,Combined TRACON& Tower with Radar,12,46,20,76,154,0,11,36,25,72,12,57,56,101,226,0,0,0,226
10/04/2008,CRP,TX,ASW,CE,Combined TRACON& Tower with Radar,6,32,11,13,62,0,4,37,6,47,6,36,48,19,109,6,60,66,175
10/05/2008,CRP,TX,ASW,CE,Combined TRACON& Tower with Radar,10,39,22,19,90,0,12,29,13,54,10,51,51,32,144,8,74,82,226
10/06/2008,CRP,TX,ASW,CE,Combined TRACON& Tower with Radar,12,45,22,105,184,0,10,23,8,41,12,55,45,113,225,0,42,42,267
10/07/2008,CRP,TX,ASW,CE,Combined TRACON& Tower with Radar,14,45,41,98,198,0,11,12,11,34,14,56,53,109,232,0,188,188,420
10/08/2008,CRP,TX,ASW,CE,Combined TRACON& Tower with Radar,13,53,48,107,221,0,9,43,20,72,13,62,91,127,293,16,150,166,459
10/09/2008,CRP,TX,ASW,CE,Combined TRACON& Tower with Radar,11,46,51,100,208,0,12,43,13,68,11,58,94,113,276,4,168,172,448
10/10/2008,CRP,TX,ASW,CE,Combined TRACON& Tower with Radar,13,49,32,65,159,0,4,50,17,71,13,53,82,82,230,16,188,204,434
10/11/2008,CRP,TX,ASW,CE,Combined TRACON& Tower with Radar,6,36,16,54,112,0,5,23,13,41,6,41,39,67,153,0,60,60,213
10/12/2008,CRP,TX,ASW,CE,Combined TRACON& Tower with Radar,7,37,16,51,111,0,1,14,19,34,7,38,30,70,145,0,64,64,209
10/13/2008,CRP,TX,ASW,CE,Combined TRACON& Tower with Radar,13,42,25,31,111,0,6,19,8,33,13,48,44,39,144,0,0,0,144
10/14/2008,CRP,TX,ASW,CE,Combined TRACON& Tower with Radar,12,45,33,52,142,0,13,30,27,70,12,58,63,79,212,2,150,152,364
10/15/2008,CRP,TX,ASW,CE,Combined TRACON& Tower with Radar,13,42,36,46,137,0,14,18,10,42,13,56,54,56,179,0,96,96,275
10/16/2008,CRP,TX,ASW,CE,Combined TRACON& Tower with Radar,15,51,36,90,192,0,3,7,8,18,15,54,43,98,210,0,0,0,210
10/17/2008,CRP,TX,ASW,CE,Combined TRACON& Tower with Radar,14,53,32,37,136,0,1,47,34,82,14,54,79,71,218,8,240,248,466
10/18/2008,CRP,TX,ASW,CE,Combined TRACON& Tower with Radar,6,32,21,43,102,0,5,32,30,67,6,37,53,73,169,0,68,68,237
10/19/2008,CRP,TX,ASW,CE,Combined TRACON& Tower with Radar,8,41,11,53,113,0,9,35,12,56,8,50,46,65,169,0,0,0,169
10/20/2008,CRP,TX,ASW,CE,Combined TRACON& Tower with Radar,12,42,38,79,171,0,14,42,14,70,12,56,80,93,241,18,104,122,363
10/21/2008,CRP,TX,ASW,CE,Combined TRACON& Tower with Radar,12,41,30,78,161,0,13,52,17,82,12,54,82,95,243,0,104,104,347
10/22/2008,CRP,TX,ASW,CE,Combined TRACON& Tower with Radar,16,41,32,59,148,0,7,51,7,65,16,48,83,66,213,0,106,106,319
10/23/2008,CRP,TX,ASW,CE,Combined TRACON& Tower with Radar,19,52,42,95,208,0,12,48,20,80,19,64,90,115,288,4,132,136,424
10/24/2008,CRP,TX,ASW,CE,Combined TRACON& Tower with Radar,14,43,39,71,167,0,10,52,22,84,14,53,91,93,251,0,82,82,333
10/25/2008,CRP,TX,ASW,CE,Combined TRACON& Tower with Radar,6,36,13,16,71,0,11,26,58,95,6,47,39,74,166,12,424,436,602
10/26/2008,CRP,TX,ASW,CE,Combined TRACON& Tower with Radar,8,36,27,43,114,0,6,27,42,75,8,42,54,85,189,0,80,80,269
10/27/2008,CRP,TX,ASW,CE,Combined TRACON& Tower with Radar,13,40,26,100,179,0,8,28,18,54,13,48,54,118,233,0,104,104,337
10/28/2008,CRP,TX,ASW,CE,Combined TRACON& Tower with Radar,13,39,25,85,162,0,8,29,15,52,13,47,54,100,214,2,130,132,346
10/29/2008,CRP,TX,ASW,CE,Combined TRACON& Tower with Radar,12,39,34,31,116,0,8,44,15,67,12,47,78,46,183,0,82,82,265
10/30/2008,CRP,TX,ASW,CE,Combined TRACON& Tower with Radar,12,42,32,82,168,0,11,56,13,80,12,53,88,95,248,0,198,198,446
10/31/2008,CRP,TX,ASW,CE,Combined TRACON& Tower with Radar,12,48,14,29,103,0,9,46,24,79,12,57,60,53,182,0,50,50,232
11/01/2008,CRP,TX,ASW,CE,Combined TRACON& Tower with Radar,8,32,14,25,79,0,8,34,27,69,8,40,48,52,148,0,0,0,148
11/02/2008,CRP,TX,ASW,CE,Combined TRACON& Tower with Radar,10,38,16,35,99,0,6,31,28,65,10,44,47,63,164,0,0,0,164
11/03/2008,CRP,TX,ASW,CE,Combined TRACON& Tower with Radar,12,41,26,96,175,0,9,27,24,60,12,50,53,120,235,8,184,192,427
11/04/2008,CRP,TX,ASW,CE,Combined TRACON& Tower with Radar,12,44,40,83,179,0,7,38,7,52,12,51,78,90,231,6,44,50,281
11/05/2008,CRP,TX,ASW,CE,Combined TRACON& Tower with Radar,14,40,29,97,180,0,10,24,19,53,14,50,53,116,233,0,214,214,447
11/06/2008,CRP,TX,ASW,CE,Combined TRACON& Tower with Radar,12,41,31,93,177,0,15,25,16,56,12,56,56,109,233,10,200,210,443
11/07/2008,CRP,TX,ASW,CE,Combined TRACON& Tower with Radar,12,52,23,91,178,0,10,48,15,73,12,62,71,106,251,20,128,148,399
11/08/2008,CRP,TX,ASW,CE,Combined TRACON& Tower with Radar,6,37,11,27,81,0,15,56,24,95,6,52,67,51,176,0,218,218,394
11/09/2008,CRP,TX,ASW,CE,Combined TRACON& Tower with Radar,10,37,15,23,85,0,2,25,23,50,10,39,40,46,135,10,196,206,341
11/10/2008,CRP,TX,ASW,CE,Combined TRACON& Tower with Radar,11,40,23,71,145,0,14,19,18,51,11,54,42,89,196,0,92,92,288
11/11/2008,CRP,TX,ASW,CE,Combined TRACON& Tower with Radar,12,42,22,39,115,0,10,15,12,37,12,52,37,51,152,0,22,22,174
11/12/2008,CRP,TX,ASW,CE,Combined TRACON& Tower with Radar,13,41,34,71,159,0,4,26,9,39,13,45,60,80,198,8,80,88,286
11/13/2008,CRP,TX,ASW,CE,Combined TRACON& Tower with Radar,12,45,49,59,165,0,12,22,6,40,12,57,71,65,205,0,46,46,251
11/14/2008,CRP,TX,ASW,CE,Combined TRACON& Tower with Radar,12,45,40,80,177,0,19,41,27,87,12,64,81,107,264,8,68,76,340
11/15/2008,CRP,TX,ASW,CE,Combined TRACON& Tower with Radar,6,36,15,42,99,0,5,35,28,68,6,41,50,70,167,0,122,122,289
11/16/2008,CRP,TX,ASW,CE,Combined TRACON& Tower with Radar,16,36,22,29,103,0,5,38,36,79,16,41,60,65,182,2,160,162,344
11/17/2008,CRP,TX,ASW,CE,Combined TRACON& Tower with Radar,12,41,28,57,138,0,5,30,9,44,12,46,58,66,182,0,38,38,220
11/18/2008,CRP,TX,ASW,CE,Combined TRACON& Tower with Radar,12,38,39,41,130,0,7,64,13,84,12,45,103,54,214,6,72,78,292
11/19/2008,CRP,TX,ASW,CE,Combined TRACON& Tower with Radar,12,41,37,84,174,0,15,63,18,96,12,56,100,102,270,0,90,90,360
11/20/2008,CRP,TX,ASW,CE,Combined TRACON& Tower with Radar,14,42,30,78,164,0,9,36,10,55,14,51,66,88,219,0,150,150,369
11/21/2008,CRP,TX,ASW,CE,Combined TRACON& Tower with Radar,12,52,30,43,137,0,4,22,10,36,12,56,52,53,173,0,78,78,251
11/22/2008,CRP,TX,ASW,CE,Combined TRACON& Tower with Radar,10,33,29,40,112,0,1,19,7,27,10,34,48,47,139,2,14,16,155
11/23/2008,CRP,TX,ASW,CE,Combined TRACON& Tower with Radar,12,36,18,43,109,0,9,28,27,64,12,45,46,70,173,16,238,254,427
11/24/2008,CRP,TX,ASW,CE,Combined TRACON& Tower with Radar,14,37,25,53,129,0,16,17,16,49,14,53,42,69,178,0,182,182,360
11/25/2008,CRP,TX,ASW,CE,Combined TRACON& Tower with Radar,12,45,27,39,123,0,12,68,15,95,12,57,95,54,218,0,14,14,232
11/26/2008,CRP,TX,ASW,CE,Combined TRACON& Tower with Radar,14,49,16,4,83,0,10,42,5,57,14,59,58,9,140,2,52,54,194
11/27/2008,CRP,TX,ASW,CE,Combined TRACON& Tower with Radar,4,39,12,0,55,0,6,4,2,12,4,45,16,2,67,0,0,0,67
11/28/2008,CRP,TX,ASW,CE,Combined TRACON& Tower with Radar,8,37,30,7,82,0,9,19,6,34,8,46,49,13,116,0,30,30,146
11/29/2008,CRP,TX,ASW,CE,Combined TRACON& Tower with Radar,8,43,26,10,87,0,9,7,0,16,8,52,33,10,103,0,0,0,103
11/30/2008,CRP,TX,ASW,CE,Combined TRACON& Tower with Radar,9,44,24,4,81,0,10,25,10,45,9,54,49,14,126,0,58,58,184
12/01/2008,CRP,TX,ASW,CE,Combined TRACON& Tower with Radar,12,43,15,29,99,0,8,23,21,52,12,51,38,50,151,0,112,112,263
12/02/2008,CRP,TX,ASW,CE,Combined TRACON& Tower with Radar,13,40,27,57,137,0,8,42,17,67,13,48,69,74,204,4,42,46,250
12/03/2008,CRP,TX,ASW,CE,Combined TRACON& Tower with Radar,10,41,25,58,134,0,12,29,16,57,10,53,54,74,191,0,110,110,301
12/04/2008,CRP,TX,ASW,CE,Combined TRACON& Tower with Radar,10,43,23,67,143,0,9,37,12,58,10,52,60,79,201,0,118,118,319
12/05/2008,CRP,TX,ASW,CE,Combined TRACON& Tower with Radar,12,51,29,54,146,0,10,26,17,53,12,61,55,71,199,0,42,42,241
12/06/2008,CRP,TX,ASW,CE,Combined TRACON& Tower with Radar,6,34,9,55,104,0,2,26,21,49,6,36,35,76,153,0,60,60,213
12/07/2008,CRP,TX,ASW,CE,Combined TRACON& Tower with Radar,8,35,16,47,106,0,6,20,15,41,8,41,36,62,147,0,82,82,229
12/08/2008,CRP,TX,ASW,CE,Combined TRACON& Tower with Radar,10,41,32,60,143,0,11,21,15,47,10,52,53,75,190,0,106,106,296
12/09/2008,CRP,TX,ASW,CE,Combined TRACON& Tower with Radar,10,47,26,26,109,0,11,18,7,36,10,58,44,33,145,0,54,54,199
12/10/2008,CRP,TX,ASW,CE,Combined TRACON& Tower with Radar,10,39,25,34,108,0,9,26,8,43,10,48,51,42,151,0,38,38,189
12/11/2008,CRP,TX,ASW,CE,Combined TRACON& Tower with Radar,10,45,45,35,135,0,13,43,20,76,10,58,88,55,211,0,182,182,393
12/12/2008,CRP,TX,ASW,CE,Combined TRACON& Tower with Radar,10,43,38,68,159,0,11,49,13,73,10,54,87,81,232,0,58,58,290
12/13/2008,CRP,TX,ASW,CE,Combined TRACON& Tower with Radar,7,36,18,15,76,0,15,11,22,48,7,51,29,37,124,4,110,114,238
12/14/2008,CRP,TX,ASW,CE,Combined TRACON& Tower with Radar,10,42,25,33,110,0,6,21,21,48,10,48,46,54,158,0,162,162,320
12/15/2008,CRP,TX,ASW,CE,Combined TRACON& Tower with Radar,10,40,36,87,173,0,5,7,7,19,10,45,43,94,192,0,90,90,282
12/16/2008,CRP,TX,ASW,CE,Combined TRACON& Tower with Radar,14,42,29,34,119,0,4,0,0,4,14,46,29,34,123,0,0,0,123
12/17/2008,CRP,TX,ASW,CE,Combined TRACON& Tower with Radar,9,49,36,8,102,0,0,1,0,1,9,49,37,8,103,0,0,0,103
12/18/2008,CRP,TX,ASW,CE,Combined TRACON& Tower with Radar,13,42,31,62,148,0,6,11,2,19,13,48,42,64,167,0,10,10,177
12/19/2008,CRP,TX,ASW,CE,Combined TRACON& Tower with Radar,10,57,45,85,197,0,6,10,3,19,10,63,55,88,216,0,2,2,218
12/20/2008,CRP,TX,ASW,CE,Combined TRACON& Tower with Radar,8,41,27,28,104,0,4,13,7,24,8,45,40,35,128,6,74,80,208
12/21/2008,CRP,TX,ASW,CE,Combined TRACON& Tower with Radar,10,34,16,18,78,0,4,12,6,22,10,38,28,24,100,0,152,152,252
12/22/2008,CRP,TX,ASW,CE,Combined TRACON& Tower with Radar,10,42,31,33,116,0,6,19,5,30,10,48,50,38,146,2,50,52,198
12/23/2008,CRP,TX,ASW,CE,Combined TRACON& Tower with Radar,9,54,32,17,112,0,1,1,0,2,9,55,33,17,114,0,0,0,114
12/24/2008,CRP,TX,ASW,CE,Combined TRACON& Tower with Radar,8,56,17,0,81,0,8,5,0,13,8,64,22,0,94,0,0,0,94
12/25/2008,CRP,TX,ASW,CE,Combined TRACON& Tower with Radar,6,41,9,10,66,0,2,1,0,3,6,43,10,10,69,0,0,0,69
12/26/2008,CRP,TX,ASW,CE,Combined TRACON& Tower with Radar,10,46,26,1,83,0,6,3,0,9,10,52,29,1,92,0,0,0,92
12/27/2008,CRP,TX,ASW,CE,Combined TRACON& Tower with Radar,6,33,15,0,54,0,4,14,0,18,6,37,29,0,72,0,0,0,72
12/28/2008,CRP,TX,ASW,CE,Combined TRACON& Tower with Radar,9,40,4,0,53,0,6,11,1,18,9,46,15,1,71,0,0,0,71
12/29/2008,CRP,TX,ASW,CE,Combined TRACON& Tower with Radar,10,40,24,31,105,0,14,47,12,73,10,54,71,43,178,0,128,128,306
12/30/2008,CRP,TX,ASW,CE,Combined TRACON& Tower with Radar,10,53,27,25,115,0,17,34,1,52,10,70,61,26,167,0,40,40,207
12/31/2008,CRP,TX,ASW,CE,Combined TRACON& Tower with Radar,6,45,22,21,94,0,8,6,0,14,6,53,28,21,108,0,0,0,108
01/01/2009,CRP,TX,ASW,CE,Combined TRACON& Tower with Radar,8,34,26,0,68,0,6,17,5,28,8,40,43,5,96,12,0,12,108
01/02/2009,CRP,TX,ASW,CE,Combined TRACON& Tower with Radar,10,42,11,26,89,0,6,17,3,26,10,48,28,29,115,0,24,24,139
01/03/2009,CRP,TX,ASW,CE,Combined TRACON& Tower with Radar,6,35,17,18,76,0,7,15,9,31,6,42,32,27,107,0,0,0,107
01/04/2009,CRP,TX,ASW,CE,Combined TRACON& Tower with Radar,8,40,17,19,84,0,1,6,8,15,8,41,23,27,99,0,24,24,123
01/05/2009,CRP,TX,ASW,CE,Combined TRACON& Tower with Radar,10,41,18,56,125,0,7,6,1,14,10,48,24,57,139,0,64,64,203
01/06/2009,CRP,TX,ASW,CE,Combined TRACON& Tower with Radar,10,41,28,46,125,0,15,33,6,54,10,56,61,52,179,0,32,32,211
01/07/2009,CRP,TX,ASW,CE,Combined TRACON& Tower with Radar,10,42,25,70,147,0,14,40,7,61,10,56,65,77,208,0,122,122,330
01/08/2009,CRP,TX,ASW,CE,Combined TRACON& Tower with Radar,12,43,25,61,141,0,20,42,7,69,12,63,67,68,210,0,116,116,326
01/09/2009,CRP,TX,ASW,CE,Combined TRACON& Tower with Radar,12,44,28,83,167,0,3,29,16,48,12,47,57,99,215,0,122,122,337
01/10/2009,CRP,TX,ASW,CE,Combined TRACON& Tower with Radar,6,35,6,58,105,0,5,8,3,16,6,40,14,61,121,0,0,0,121
01/11/2009,CRP,TX,ASW,CE,Combined TRACON& Tower with Radar,10,35,11,20,76,0,6,23,22,51,10,41,34,42,127,0,0,0,127
01/12/2009,CRP,TX,ASW,CE,Combined TRACON& Tower with Radar,12,45,22,51,130,0,7,44,18,69,12,52,66,69,199,4,108,112,311
01/13/2009,CRP,TX,ASW,CE,Combined TRACON& Tower with Radar,12,40,19,89,160,0,11,32,14,57,12,51,51,103,217,0,212,212,429
01/14/2009,CRP,TX,ASW,CE,Combined TRACON& Tower with Radar,12,41,36,76,165,0,21,50,9,80,12,62,86,85,245,0,114,114,359
01/15/2009,CRP,TX,ASW,CE,Combined TRACON& Tower with Radar,11,46,44,77,178,0,12,56,21,89,11,58,100,98,267,0,172,172,439
01/16/2009,CRP,TX,ASW,CE,Combined TRACON& Tower with Radar,13,47,31,74,165,0,6,27,14,47,13,53,58,88,212,0,176,176,388
01/17/2009,CRP,TX,ASW,CE,Combined TRACON& Tower with Radar,4,37,6,60,107,0,5,20,12,37,4,42,26,72,144,2,0,2,146
01/18/2009,CRP,TX,ASW,CE,Combined TRACON& Tower with Radar,10,37,8,45,100,0,3,34,29,66,10,40,42,74,166,16,96,112,278
01/19/2009,CRP,TX,ASW,CE,Combined TRACON& Tower with Radar,12,44,22,41,119,0,9,54,33,96,12,53,76,74,215,10,58,68,283
01/20/2009,CRP,TX,ASW,CE,Combined TRACON& Tower with Radar,12,39,28,46,125,0,20,57,12,89,12,59,85,58,214,0,136,136,350
01/21/2009,CRP,TX,ASW,CE,Combined TRACON& Tower with Radar,12,40,25,60,137,0,8,63,15,86,12,48,88,75,223,0,174,174,397
01/22/2009,CRP,TX,ASW,CE,Combined TRACON& Tower with Radar,14,41,32,86,173,0,23,52,19,94,14,64,84,105,267,0,158,158,425
01/23/2009,CRP,TX,ASW,CE,Combined TRACON& Tower with Radar,12,43,26,87,168,0,8,34,20,62,12,51,60,107,230,0,146,146,376
01/24/2009,CRP,TX,ASW,CE,Combined TRACON& Tower with Radar,6,34,11,57,108,0,11,8,5,24,6,45,19,62,132,8,120,128,260
01/25/2009,CRP,TX,ASW,CE,Combined TRACON& Tower with Radar,12,45,21,48,126,0,1,8,2,11,12,46,29,50,137,0,42,42,179
01/26/2009,CRP,TX,ASW,CE,Combined TRACON& Tower with Radar,13,42,29,70,154,0,12,11,27,50,13,54,40,97,204,24,252,276,480
01/27/2009,CRP,TX,ASW,CE,Combined TRACON& Tower with Radar,12,34,34,140,220,0,9,12,17,38,12,43,46,157,258,0,166,166,424
01/28/2009,CRP,TX,ASW,CE,Combined TRACON& Tower with Radar,13,42,28,49,132,0,11,51,24,86,13,53,79,73,218,0,166,166,384
01/29/2009,CRP,TX,ASW,CE,Combined TRACON& Tower with Radar,14,55,43,84,196,0,20,46,21,87,14,75,89,105,283,0,240,240,523
01/30/2009,CRP,TX,ASW,CE,Combined TRACON& Tower with Radar,12,55,29,65,161,0,7,46,25,78,12,62,75,90,239,0,216,216,455
01/31/2009,CRP,TX,ASW,CE,Combined TRACON& Tower with Radar,5,34,26,67,132,0,8,45,25,78,5,42,71,92,210,0,98,98,308
02/01/2009,CRP,TX,ASW,CE,Combined TRACON& Tower with Radar,11,45,13,40,109,0,7,19,21,47,11,52,32,61,156,0,0,0,156
02/02/2009,CRP,TX,ASW,CE,Combined TRACON& Tower with Radar,12,45,28,100,185,0,8,28,8,44,12,53,56,108,229,0,0,0,229
02/03/2009,CRP,TX,ASW,CE,Combined TRACON& Tower with Radar,11,41,18,83,153,0,10,61,27,98,11,51,79,110,251,0,154,154,405
02/04/2009,CRP,TX,ASW,CE,Combined TRACON& Tower with Radar,15,42,37,44,138,0,20,38,18,76,15,62,75,62,214,14,90,104,318
02/05/2009,CRP,TX,ASW,CE,Combined TRACON& Tower with Radar,12,41,36,32,121,0,8,45,10,63,12,49,81,42,184,30,60,90,274
02/06/2009,CRP,TX,ASW,CE,Combined TRACON& Tower with Radar,12,47,31,23,113,0,13,26,16,55,12,60,57,39,168,0,8,8,176
02/07/2009,CRP,TX,ASW,CE,Combined TRACON& Tower with Radar,6,34,17,49,106,0,9,25,18,52,6,43,42,67,158,0,58,58,216
02/08/2009,CRP,TX,ASW,CE,Combined TRACON& Tower with Radar,10,37,12,58,117,0,7,9,11,27,10,44,21,69,144,0,0,0,144
02/09/2009,CRP,TX,ASW,CE,Combined TRACON& Tower with Radar,10,44,31,86,171,0,6,24,15,45,10,50,55,101,216,0,101,101,317
02/10/2009,CRP,TX,ASW,CE,Combined TRACON& Tower with Radar,15,53,39,103,210,0,10,5,13,28,15,63,44,116,238,0,60,60,298
02/11/2009,CRP,TX,ASW,CE,Combined TRACON& Tower with Radar,13,36,33,62,144,0,8,46,17,71,13,44,79,79,215,10,142,152,367
02/12/2009,CRP,TX,ASW,CE,Combined TRACON& Tower with Radar,12,59,29,67,167,0,12,47,18,77,12,71,76,85,244,0,148,148,392
02/13/2009,CRP,TX,ASW,CE,Combined TRACON& Tower with Radar,12,47,56,105,220,0,4,30,12,46,12,51,86,117,266,54,116,170,436
02/14/2009,CRP,TX,ASW,CE,Combined TRACON& Tower with Radar,8,46,33,38,125,0,0,6,4,10,8,46,39,42,135,2,118,120,255
02/15/2009,CRP,TX,ASW,CE,Combined TRACON& Tower with Radar,10,34,27,47,118,0,10,14,10,34,10,44,41,57,152,4,140,144,296
02/16/2009,CRP,TX,ASW,CE,Combined TRACON& Tower with Radar,12,46,29,66,153,0,5,12,5,22,12,51,41,71,175,0,20,20,195
02/17/2009,CRP,TX,ASW,CE,Combined TRACON& Tower with Radar,12,45,31,83,171,0,11,15,11,37,12,56,46,94,208,0,104,104,312
02/18/2009,CRP,TX,ASW,CE,Combined TRACON& Tower with Radar,10,54,37,37,138,0,4,36,4,44,10,58,73,41,182,0,74,74,256
02/19/2009,CRP,TX,ASW,CE,Combined TRACON& Tower with Radar,12,48,36,45,141,0,9,52,11,72,12,57,88,56,213,0,58,58,271
02/20/2009,CRP,TX,ASW,CE,Combined TRACON& Tower with Radar,12,46,21,79,158,0,13,56,23,92,12,59,77,102,250,0,112,112,362
02/21/2009,CRP,TX,ASW,CE,Combined TRACON& Tower with Radar,4,39,29,61,133,0,6,11,6,23,4,45,40,67,156,0,12,12,168
02/22/2009,CRP,TX,ASW,CE,Combined TRACON& Tower with Radar,10,38,15,70,133,0,18,40,15,73,10,56,55,85,206,0,16,16,222
02/23/2009,CRP,TX,ASW,CE,Combined TRACON& Tower with Radar,12,42,21,82,157,0,9,45,14,68,12,51,66,96,225,0,171,171,396
02/24/2009,CRP,TX,ASW,CE,Combined TRACON& Tower with Radar,12,44,36,91,183,0,7,47,19,73,12,51,83,110,256,2,154,156,412
02/25/2009,CRP,TX,ASW,CE,Combined TRACON& Tower with Radar,13,46,25,64,148,0,11,34,11,56,13,57,59,75,204,0,158,158,362
02/26/2009,CRP,TX,ASW,CE,Combined TRACON& Tower with Radar,12,44,44,82,182,0,6,35,9,50,12,50,79,91,232,0,200,200,432
02/27/2009,CRP,TX,ASW,CE,Combined TRACON& Tower with Radar,12,43,30,53,138,0,2,35,15,52,12,45,65,68,190,0,134,134,324
02/28/2009,CRP,TX,ASW,CE,Combined TRACON& Tower with Radar,6,37,17,43,103,0,4,14,14,32,6,41,31,57,135,4,84,88,223
03/01/2009,CRP,TX,ASW,CE,Combined TRACON& Tower with Radar,12,39,13,41,105,0,9,43,29,81,12,48,56,70,186,0,116,116,302
03/02/2009,CRP,TX,ASW,CE,Combined TRACON& Tower with Radar,12,40,32,72,156,0,9,37,15,61,12,49,69,87,217,0,14,14,231
03/03/2009,CRP,TX,ASW,CE,Combined TRACON& Tower with Radar,12,39,32,75,158,0,6,31,19,56,12,45,63,94,214,6,18,24,238
03/04/2009,CRP,TX,ASW,CE,Combined TRACON& Tower with Radar,12,40,68,81,201,0,16,37,5,58,12,56,105,86,259,0,14,14,273
03/05/2009,CRP,TX,ASW,CE,Combined TRACON& Tower with Radar,12,43,23,57,135,0,14,32,19,65,12,57,55,76,200,0,66,66,266
03/06/2009,CRP,TX,ASW,CE,Combined TRACON& Tower with Radar,13,48,39,47,147,1,15,42,11,69,14,63,81,58,216,24,60,84,300
03/07/2009,CRP,TX,ASW,CE,Combined TRACON& Tower with Radar,7,35,13,30,85,0,13,12,9,34,7,48,25,39,119,0,30,30,149
03/08/2009,CRP,TX,ASW,CE,Combined TRACON& Tower with Radar,10,44,21,52,127,0,5,18,7,30,10,49,39,59,157,0,6,6,163
03/09/2009,CRP,TX,ASW,CE,Combined TRACON& Tower with Radar,10,50,37,71,168,0,4,26,14,44,10,54,63,85,212,0,66,66,278
03/10/2009,CRP,TX,ASW,CE,Combined TRACON& Tower with Radar,10,40,26,62,138,0,3,26,21,50,10,43,52,83,188,0,164,164,352
03/11/2009,CRP,TX,ASW,CE,Combined TRACON& Tower with Radar,10,51,39,44,144,0,6,22,5,33,10,57,61,49,177,0,64,64,241
03/12/2009,CRP,TX,ASW,CE,Combined TRACON& Tower with Radar,10,54,37,96,197,0,2,3,1,6,10,56,40,97,203,0,42,42,245
03/13/2009,CRP,TX,ASW,CE,Combined TRACON& Tower with Radar,8,52,24,28,112,0,0,0,0,0,8,52,24,28,112,0,0,0,112
03/14/2009,CRP,TX,ASW,CE,Combined TRACON& Tower with Radar,8,43,18,31,100,0,1,3,3,7,8,44,21,34,107,0,0,0,107
03/15/2009,CRP,TX,ASW,CE,Combined TRACON& Tower with Radar,10,38,27,24,99,0,4,7,5,16,10,42,34,29,115,0,0,0,115
03/16/2009,CRP,TX,ASW,CE,Combined TRACON& Tower with Radar,10,49,15,47,121,0,10,44,17,71,10,59,59,64,192,0,96,96,288
03/17/2009,CRP,TX,ASW,CE,Combined TRACON& Tower with Radar,10,50,11,19,90,0,9,27,18,54,10,59,38,37,144,0,0,0,144
03/18/2009,CRP,TX,ASW,CE,Combined TRACON& Tower with Radar,10,53,27,32,122,0,15,37,18,70,10,68,64,50,192,2,186,188,380
03/19/2009,CRP,TX,ASW,CE,Combined TRACON& Tower with Radar,10,51,29,38,128,0,7,51,10,68,10,58,80,48,196,0,54,54,250
03/20/2009,CRP,TX,ASW,CE,Combined TRACON& Tower with Radar,10,50,18,23,101,0,6,42,15,63,10,56,60,38,164,0,36,36,200
03/21/2009,CRP,TX,ASW,CE,Combined TRACON& Tower with Radar,10,35,27,35,107,0,24,27,44,95,10,59,54,79,202,10,460,470,672
03/22/2009,CRP,TX,ASW,CE,Combined TRACON& Tower with Radar,10,44,17,47,118,0,19,26,25,70,10,63,43,72,188,2,140,142,330
03/23/2009,CRP,TX,ASW,CE,Combined TRACON& Tower with Radar,10,45,22,48,125,0,18,11,13,42,10,63,33,61,167,0,71,71,238
03/24/2009,CRP,TX,ASW,CE,Combined TRACON& Tower with Radar,10,43,43,89,185,0,11,11,3,25,10,54,54,92,210,0,70,70,280
03/25/2009,CRP,TX,ASW,CE,Combined TRACON& Tower with Radar,9,48,43,68,168,0,1,7,4,12,9,49,50,72,180,0,30,30,210
03/26/2009,CRP,TX,ASW,CE,Combined TRACON& Tower with Radar,11,43,45,38,137,0,2,9,5,16,11,45,54,43,153,0,22,22,175
03/27/2009,CRP,TX,ASW,CE,Combined TRACON& Tower with Radar,14,47,22,52,135,0,8,21,17,46,14,55,43,69,181,0,106,106,287
03/28/2009,CRP,TX,ASW,CE,Combined TRACON& Tower with Radar,6,35,12,52,105,0,5,37,23,65,6,40,49,75,170,0,12,12,182
03/29/2009,CRP,TX,ASW,CE,Combined TRACON& Tower with Radar,12,37,12,43,104,0,14,40,22,76,12,51,52,65,180,0,76,76,256
03/30/2009,CRP,TX,ASW,CE,Combined TRACON& Tower with Radar,10,41,38,77,166,0,12,25,13,50,10,53,63,90,216,0,120,120,336
03/31/2009,CRP,TX,ASW,CE,Combined TRACON& Tower with Radar,11,49,41,49,150,0,3,18,5,26,11,52,59,54,176,0,50,50,226
04/01/2009,CRP,TX,ASW,CE,Combined TRACON& Tower with Radar,10,43,42,87,182,0,12,25,1,38,10,55,67,88,220,2,20,22,242
04/02/2009,CRP,TX,ASW,CE,Combined TRACON& Tower with Radar,13,55,40,59,167,0,8,28,8,44,13,63,68,67,211,0,56,56,267
04/03/2009,CRP,TX,ASW,CE,Combined TRACON& Tower with Radar,11,49,27,33,120,0,10,48,26,84,11,59,75,59,204,2,30,32,236
04/04/2009,CRP,TX,ASW,CE,Combined TRACON& Tower with Radar,6,35,24,17,82,0,11,25,29,65,6,46,49,46,147,0,112,112,259
04/05/2009,CRP,TX,ASW,CE,Combined TRACON& Tower with Radar,10,51,27,22,110,0,13,33,24,70,10,64,60,46,180,14,48,62,242
04/06/2009,CRP,TX,ASW,CE,Combined TRACON& Tower with Radar,10,43,35,79,167,0,4,43,14,61,10,47,78,93,228,0,0,0,228
04/07/2009,CRP,TX,ASW,CE,Combined TRACON& Tower with Radar,16,40,28,38,122,0,17,42,6,65,16,57,70,44,187,60,138,198,385
04/08/2009,CRP,TX,ASW,CE,Combined TRACON& Tower with Radar,18,37,35,65,155,0,10,36,22,68,18,47,71,87,223,6,166,172,395
04/09/2009,CRP,TX,ASW,CE,Combined TRACON& Tower with Radar,19,46,53,82,200,0,14,30,24,68,19,60,83,106,268,2,146,148,416
04/10/2009,CRP,TX,ASW,CE,Combined TRACON& Tower with Radar,18,48,30,25,121,0,9,23,8,40,18,57,53,33,161,12,12,24,185
04/11/2009,CRP,TX,ASW,CE,Combined TRACON& Tower with Radar,17,25,14,12,68,0,1,1,1,3,17,26,15,13,71,0,0,0,71
04/12/2009,CRP,TX,ASW,CE,Combined TRACON& Tower with Radar,23,40,10,37,110,0,2,15,20,37,23,42,25,57,147,0,86,86,233
04/13/2009,CRP,TX,ASW,CE,Combined TRACON& Tower with Radar,23,37,27,52,139,0,11,51,18,80,23,48,78,70,219,2,60,62,281
04/14/2009,CRP,TX,ASW,CE,Combined TRACON& Tower with Radar,21,37,29,50,137,0,14,56,5,75,21,51,85,55,212,4,56,60,272
04/15/2009,CRP,TX,ASW,CE,Combined TRACON& Tower with Radar,20,37,37,43,137,0,12,33,30,75,20,49,70,73,212,0,154,154,366
04/16/2009,CRP,TX,ASW,CE,Combined TRACON& Tower with Radar,20,39,36,58,153,0,2,3,3,8,20,41,39,61,161,0,10,10,171
04/17/2009,CRP,TX,ASW,CE,Combined TRACON& Tower with Radar,28,49,35,29,141,1,3,5,0,9,29,52,40,29,150,0,0,0,150
04/18/2009,CRP,TX,ASW,CE,Combined TRACON& Tower with Radar,26,24,25,7,82,0,1,5,1,7,26,25,30,8,89,0,0,0,89
04/19/2009,CRP,TX,ASW,CE,Combined TRACON& Tower with Radar,21,29,25,25,100,0,5,37,2,44,21,34,62,27,144,0,0,0,144
04/20/2009,CRP,TX,ASW,CE,Combined TRACON& Tower with Radar,22,36,25,24,107,0,14,44,11,69,22,50,69,35,176,0,0,0,176
04/21/2009,CRP,TX,ASW,CE,Combined TRACON& Tower with Radar,20,31,27,69,147,0,7,40,16,63,20,38,67,85,210,0,54,54,264
04/22/2009,CRP,TX,ASW,CE,Combined TRACON& Tower with Radar,16,34,23,40,113,0,17,43,21,81,16,51,66,61,194,0,154,154,348
04/23/2009,CRP,TX,ASW,CE,Combined TRACON& Tower with Radar,20,33,30,94,177,0,16,30,15,61,20,49,60,109,238,0,132,132,370
04/24/2009,CRP,TX,ASW,CE,Combined TRACON& Tower with Radar,23,40,55,77,195,0,10,21,13,44,23,50,76,90,239,6,84,90,329
04/25/2009,CRP,TX,ASW,CE,Combined TRACON& Tower with Radar,19,30,41,36,126,0,4,12,15,31,19,34,53,51,157,44,66,110,267
04/26/2009,CRP,TX,ASW,CE,Combined TRACON& Tower with Radar,18,34,45,24,121,0,2,10,9,21,18,36,55,33,142,0,12,12,154
04/27/2009,CRP,TX,ASW,CE,Combined TRACON& Tower with Radar,23,42,31,49,145,0,4,9,6,19,23,46,40,55,164,0,0,0,164
04/28/2009,CRP,TX,ASW,CE,Combined TRACON& Tower with Radar,22,37,35,67,161,0,20,9,9,38,22,57,44,76,199,22,156,178,377
04/29/2009,CRP,TX,ASW,CE,Combined TRACON& Tower with Radar,19,40,39,61,159,0,2,31,5,38,19,42,70,66,197,14,58,72,269
04/30/2009,CRP,TX,ASW,CE,Combined TRACON& Tower with Radar,22,38,35,43,138,0,16,16,4,36,22,54,51,47,174,4,20,24,198
05/01/2009,CRP,TX,ASW,CE,Combined TRACON& Tower with Radar,19,42,41,44,146,0,11,22,7,40,19,53,63,51,186,26,156,182,368
05/02/2009,CRP,TX,ASW,CE,Combined TRACON& Tower with Radar,7,26,23,11,67,0,8,16,10,34,7,34,39,21,101,18,56,74,175
05/03/2009,CRP,TX,ASW,CE,Combined TRACON& Tower with Radar,18,29,37,30,114,0,6,34,18,58,18,35,71,48,172,28,176,204,376
05/04/2009,CRP,TX,ASW,CE,Combined TRACON& Tower with Radar,17,36,40,92,185,0,3,25,11,39,17,39,65,103,224,0,58,58,282
05/05/2009,CRP,TX,ASW,CE,Combined TRACON& Tower with Radar,18,28,29,68,143,0,5,20,6,31,18,33,49,74,174,0,158,158,332
05/06/2009,CRP,TX,ASW,CE,Combined TRACON& Tower with Radar,19,30,32,83,164,0,2,15,9,26,19,32,47,92,190,0,144,144,334
05/07/2009,CRP,TX,ASW,CE,Combined TRACON& Tower with Radar,19,37,53,64,173,0,3,23,15,41,19,40,76,79,214,0,110,110,324
05/08/2009,CRP,TX,ASW,CE,Combined TRACON& Tower with Radar,15,40,32,51,138,0,8,29,16,53,15,48,61,67,191,0,50,50,241
05/09/2009,CRP,TX,ASW,CE,Combined TRACON& Tower with Radar,15,23,27,33,98,0,15,21,26,62,15,38,48,59,160,12,156,168,328
05/10/2009,CRP,TX,ASW,CE,Combined TRACON& Tower with Radar,16,30,14,43,103,0,2,30,16,48,16,32,44,59,151,52,124,176,327
05/11/2009,CRP,TX,ASW,CE,Combined TRACON& Tower with Radar,13,32,23,99,167,0,1,21,12,34,13,33,44,111,201,0,80,80,281
05/12/2009,CRP,TX,ASW,CE,Combined TRACON& Tower with Radar,19,26,20,59,124,0,8,37,6,51,19,34,57,65,175,8,46,54,229
05/13/2009,CRP,TX,ASW,CE,Combined TRACON& Tower with Radar,18,28,38,57,141,0,6,21,9,36,18,34,59,66,177,0,114,114,291
05/14/2009,CRP,TX,ASW,CE,Combined TRACON& Tower with Radar,16,32,54,62,164,0,5,39,7,51,16,37,93,69,215,6,100,106,321
05/15/2009,CRP,TX,ASW,CE,Combined TRACON& Tower with Radar,17,37,37,38,129,0,11,21,11,43,17,48,58,49,172,36,24,60,232
05/16/2009,CRP,TX,ASW,CE,Combined TRACON& Tower with Radar,20,23,8,37,88,0,4,9,18,31,20,27,17,55,119,0,40,40,159
05/17/2009,CRP,TX,ASW,CE,Combined TRACON& Tower with Radar,16,33,24,30,103,0,2,21,9,32,16,35,45,39,135,22,74,96,231
05/18/2009,CRP,TX,ASW,CE,Combined TRACON& Tower with Radar,18,39,32,40,129,0,6,37,5,48,18,45,69,45,177,4,32,36,213
05/19/2009,CRP,TX,ASW,CE,Combined TRACON& Tower with Radar,20,35,39,54,148,0,7,57,14,78,20,42,96,68,226,4,30,34,260
05/20/2009,CRP,TX,ASW,CE,Combined TRACON& Tower with Radar,18,30,42,47,137,0,6,39,17,62,18,36,81,64,199,0,200,200,399
05/21/2009,CRP,TX,ASW,CE,Combined TRACON& Tower with Radar,17,37,31,72,157,0,5,36,15,56,17,42,67,87,213,8,36,44,257
05/22/2009,CRP,TX,ASW,CE,Combined TRACON& Tower with Radar,19,36,32,34,121,0,11,44,16,71,19,47,76,50,192,10,38,48,240
05/23/2009,CRP,TX,ASW,CE,Combined TRACON& Tower with Radar,16,29,14,12,71,0,8,12,14,34,16,37,26,26,105,0,48,48,153
05/24/2009,CRP,TX,ASW,CE,Combined TRACON& Tower with Radar,14,20,12,23,69,0,9,18,19,46,14,29,30,42,115,0,56,56,171
05/25/2009,CRP,TX,ASW,CE,Combined TRACON& Tower with Radar,16,28,15,47,106,0,8,29,14,51,16,36,44,61,157,0,84,84,241
05/26/2009,CRP,TX,ASW,CE,Combined TRACON& Tower with Radar,17,34,21,57,129,0,6,21,7,34,17,40,42,64,163,8,132,140,303
05/27/2009,CRP,TX,ASW,CE,Combined TRACON& Tower with Radar,19,36,46,57,158,0,1,17,14,32,19,37,63,71,190,0,112,112,302
05/28/2009,CRP,TX,ASW,CE,Combined TRACON& Tower with Radar,18,32,43,62,155,0,6,40,12,58,18,38,83,74,213,14,122,136,349
05/29/2009,CRP,TX,ASW,CE,Combined TRACON& Tower with Radar,18,34,35,56,143,0,5,33,8,46,18,39,68,64,189,0,64,64,253
05/30/2009,CRP,TX,ASW,CE,Combined TRACON& Tower with Radar,12,25,23,35,95,0,6,35,33,74,12,31,58,68,169,0,92,92,261
05/31/2009,CRP,TX,ASW,CE,Combined TRACON& Tower with Radar,14,30,15,29,88,0,8,22,15,45,14,38,37,44,133,0,94,94,227
06/01/2009,CRP,TX,ASW,CE,Combined TRACON& Tower with Radar,17,38,21,98,174,0,3,20,15,38,17,41,41,113,212,0,54,54,266
06/02/2009,CRP,TX,ASW,CE,Combined TRACON& Tower with Radar,17,25,17,71,130,0,8,27,9,44,17,33,44,80,174,24,154,178,352
06/03/2009,CRP,TX,ASW,CE,Combined TRACON& Tower with Radar,18,32,36,40,126,0,5,48,4,57,18,37,84,44,183,0,56,56,239
06/04/2009,CRP,TX,ASW,CE,Combined TRACON& Tower with Radar,13,48,35,53,149,0,4,51,5,60,13,52,86,58,209,0,86,86,295
06/05/2009,CRP,TX,ASW,CE,Combined TRACON& Tower with Radar,19,33,15,66,133,0,2,47,9,58,19,35,62,75,191,22,92,114,305
06/06/2009,CRP,TX,ASW,CE,Combined TRACON& Tower with Radar,18,22,10,32,82,0,4,43,23,70,18,26,53,55,152,2,20,22,174
06/07/2009,CRP,TX,ASW,CE,Combined TRACON& Tower with Radar,16,28,11,28,83,0,8,33,29,70,16,36,44,57,153,4,110,114,267
06/08/2009,CRP,TX,ASW,CE,Combined TRACON& Tower with Radar,18,32,27,71,148,0,11,26,9,46,18,43,53,80,194,6,46,52,246
06/09/2009,CRP,TX,ASW,CE,Combined TRACON& Tower with Radar,17,31,26,71,145,0,6,25,9,40,17,37,51,80,185,6,48,54,239
06/10/2009,CRP,TX,ASW,CE,Combined TRACON& Tower with Radar,18,35,36,83,172,0,8,25,11,44,18,43,61,94,216,0,44,44,260
06/11/2009,CRP,TX,ASW,CE,Combined TRACON& Tower with Radar,11,36,46,96,189,0,9,28,10,47,11,45,74,106,236,0,114,114,350
06/12/2009,CRP,TX,ASW,CE,Combined TRACON& Tower with Radar,23,35,26,52,136,0,9,26,22,57,23,44,52,74,193,2,110,112,305
06/13/2009,CRP,TX,ASW,CE,Combined TRACON& Tower with Radar,16,26,13,16,71,0,9,20,37,66,16,35,33,53,137,6,154,160,297
06/14/2009,CRP,TX,ASW,CE,Combined TRACON& Tower with Radar,16,29,18,63,126,0,9,31,24,64,16,38,49,87,190,2,122,124,314
06/15/2009,CRP,TX,ASW,CE,Combined TRACON& Tower with Radar,22,32,23,85,162,0,13,33,8,54,22,45,56,93,216,0,72,72,288
06/16/2009,CRP,TX,ASW,CE,Combined TRACON& Tower with Radar,23,30,37,65,155,0,8,28,15,51,23,38,65,80,206,10,40,50,256
06/17/2009,CRP,TX,ASW,CE,Combined TRACON& Tower with Radar,21,32,38,38,129,0,4,37,9,50,21,36,75,47,179,0,110,110,289
06/18/2009,CRP,TX,ASW,CE,Combined TRACON& Tower with Radar,19,37,47,50,153,0,7,25,12,44,19,44,72,62,197,0,86,86,283
06/19/2009,CRP,TX,ASW,CE,Combined TRACON& Tower with Radar,19,36,30,72,157,0,13,33,31,77,19,49,63,103,234,2,182,184,418
06/20/2009,CRP,TX,ASW,CE,Combined TRACON& Tower with Radar,15,27,14,57,113,0,3,30,20,53,15,30,44,77,166,22,200,222,388
06/21/2009,CRP,TX,ASW,CE,Combined TRACON& Tower with Radar,19,27,12,14,72,0,5,14,31,50,19,32,26,45,122,2,64,66,188
06/22/2009,CRP,TX,ASW,CE,Combined TRACON& Tower with Radar,17,34,34,34,119,0,5,26,8,39,17,39,60,42,158,0,36,36,194
06/23/2009,CRP,TX,ASW,CE,Combined TRACON& Tower with Radar,18,34,23,84,159,0,12,29,6,47,18,46,52,90,206,20,60,80,286
06/24/2009,CRP,TX,ASW,CE,Combined TRACON& Tower with Radar,16,32,26,68,142,0,6,43,8,57,16,38,69,76,199,0,42,42,241
06/25/2009,CRP,TX,ASW,CE,Combined TRACON& Tower with Radar,18,36,36,65,155,0,5,44,8,57,18,41,80,73,212,0,86,86,298
06/26/2009,CRP,TX,ASW,CE,Combined TRACON& Tower with Radar,20,37,37,43,137,0,7,36,12,55,20,44,73,55,192,28,48,76,268
06/27/2009,CRP,TX,ASW,CE,Combined TRACON& Tower with Radar,15,23,9,44,91,0,4,27,21,52,15,27,36,65,143,20,178,198,341
06/28/2009,CRP,TX,ASW,CE,Combined TRACON& Tower with Radar,15,27,20,34,96,0,1,24,17,42,15,28,44,51,138,0,60,60,198
06/29/2009,CRP,TX,ASW,CE,Combined TRACON& Tower with Radar,18,34,23,101,176,0,7,37,14,58,18,41,60,115,234,2,116,118,352
06/30/2009,CRP,TX,ASW,CE,Combined TRACON& Tower with Radar,18,33,20,107,178,0,8,39,22,69,18,41,59,129,247,0,188,188,435
07/01/2009,CRP,TX,ASW,CE,Combined TRACON& Tower with Radar,19,32,48,128,227,0,5,27,10,42,19,37,75,138,269,0,174,174,443
07/02/2009,CRP,TX,ASW,CE,Combined TRACON& Tower with Radar,16,32,32,53,133,1,14,40,19,74,17,46,72,72,207,0,98,98,305
07/03/2009,CRP,TX,ASW,CE,Combined TRACON& Tower with Radar,21,27,21,14,83,0,13,25,6,44,21,40,46,20,127,0,12,12,139
07/04/2009,CRP,TX,ASW,CE,Combined TRACON& Tower with Radar,12,20,5,24,61,0,5,18,8,31,12,25,23,32,92,0,0,0,92
07/05/2009,CRP,TX,ASW,CE,Combined TRACON& Tower with Radar,15,27,10,50,102,0,5,24,5,34,15,32,34,55,136,0,16,16,152
07/06/2009,CRP,TX,ASW,CE,Combined TRACON& Tower with Radar,21,35,13,55,124,0,6,22,12,40,21,41,35,67,164,0,86,86,250
07/07/2009,CRP,TX,ASW,CE,Combined TRACON& Tower with Radar,17,39,22,70,148,0,5,21,12,38,17,44,43,82,186,0,114,114,300
07/08/2009,CRP,TX,ASW,CE,Combined TRACON& Tower with Radar,15,32,31,67,145,1,8,28,14,51,16,40,59,81,196,0,90,90,286
07/09/2009,CRP,TX,ASW,CE,Combined TRACON& Tower with Radar,18,36,40,53,147,0,14,41,17,72,18,50,81,70,219,0,192,192,411
07/10/2009,CRP,TX,ASW,CE,Combined TRACON& Tower with Radar,18,40,33,41,132,1,5,36,21,63,19,45,69,62,195,2,92,94,289
07/11/2009,CRP,TX,ASW,CE,Combined TRACON& Tower with Radar,14,29,13,61,117,0,8,24,26,58,14,37,37,87,175,0,60,60,235
07/12/2009,CRP,TX,ASW,CE,Combined TRACON& Tower with Radar,18,29,14,90,151,0,7,17,25,49,18,36,31,115,200,6,36,42,242
07/13/2009,CRP,TX,ASW,CE,Combined TRACON& Tower with Radar,14,36,13,69,132,1,18,24,20,63,15,54,37,89,195,0,136,136,331
07/14/2009,CRP,TX,ASW,CE,Combined TRACON& Tower with Radar,15,30,20,57,122,2,4,32,17,55,17,34,52,74,177,0,254,254,431
07/15/2009,CRP,TX,ASW,CE,Combined TRACON& Tower with Radar,15,29,22,96,162,1,13,32,9,55,16,42,54,105,217,8,164,172,389
07/16/2009,CRP,TX,ASW,CE,Combined TRACON& Tower with Radar,13,44,45,66,168,0,10,41,8,59,13,54,86,74,227,0,148,148,375
07/17/2009,CRP,TX,ASW,CE,Combined TRACON& Tower with Radar,18,35,30,83,166,1,8,24,23,56,19,43,54,106,222,0,70,70,292
07/18/2009,CRP,TX,ASW,CE,Combined TRACON& Tower with Radar,18,26,5,13,62,0,4,30,18,52,18,30,35,31,114,0,66,66,180
07/19/2009,CRP,TX,ASW,CE,Combined TRACON& Tower with Radar,13,29,15,55,112,0,10,27,27,64,13,39,42,82,176,0,56,56,232
07/20/2009,CRP,TX,ASW,CE,Combined TRACON& Tower with Radar,14,35,18,87,154,1,12,37,11,61,15,47,55,98,215,2,154,156,371
07/21/2009,CRP,TX,ASW,CE,Combined TRACON& Tower with Radar,22,31,41,52,146,0,7,19,11,37,22,38,60,63,183,34,80,114,297
07/22/2009,CRP,TX,ASW,CE,Combined TRACON& Tower with Radar,14,30,22,71,137,3,17,28,16,64,17,47,50,87,201,0,120,120,321
07/23/2009,CRP,TX,ASW,CE,Combined TRACON& Tower with Radar,18,53,32,69,172,2,12,35,12,61,20,65,67,81,233,0,142,142,375
07/24/2009,CRP,TX,ASW,CE,Combined TRACON& Tower with Radar,14,42,24,56,136,0,13,48,20,81,14,55,72,76,217,6,136,142,359
07/25/2009,CRP,TX,ASW,CE,Combined TRACON& Tower with Radar,12,26,13,45,96,0,6,28,37,71,12,32,41,82,167,0,186,186,353
07/26/2009,CRP,TX,ASW,CE,Combined TRACON& Tower with Radar,13,30,22,22,87,0,5,33,30,68,13,35,55,52,155,8,216,224,379
07/27/2009,CRP,TX,ASW,CE,Combined TRACON& Tower with Radar,16,52,22,107,197,0,5,31,14,50,16,57,53,121,247,18,52,70,317
07/28/2009,CRP,TX,ASW,CE,Combined TRACON& Tower with Radar,15,34,25,65,139,1,8,41,16,66,16,42,66,81,205,0,130,130,335
07/29/2009,CRP,TX,ASW,CE,Combined TRACON& Tower with Radar,17,34,26,81,158,0,7,33,14,54,17,41,59,95,212,20,36,56,268
07/30/2009,CRP,TX,ASW,CE,Combined TRACON& Tower with Radar,14,33,29,48,124,2,14,28,8,52,16,47,57,56,176,10,36,46,222
07/31/2009,CRP,TX,ASW,CE,Combined TRACON& Tower with Radar,17,35,26,72,150,0,11,31,23,65,17,46,57,95,215,0,84,84,299
08/01/2009,CRP,TX,ASW,CE,Combined TRACON& Tower with Radar,12,28,8,28,76,0,11,29,22,62,12,39,37,50,138,4,78,82,220
08/02/2009,CRP,TX,ASW,CE,Combined TRACON& Tower with Radar,13,28,15,46,102,0,13,22,16,51,13,41,37,62,153,20,132,152,305
08/03/2009,CRP,TX,ASW,CE,Combined TRACON& Tower with Radar,15,36,26,109,186,1,14,20,22,57,16,50,46,131,243,0,134,134,377
08/04/2009,CRP,TX,ASW,CE,Combined TRACON& Tower with Radar,15,36,24,60,135,0,5,36,19,60,15,41,60,79,195,20,100,120,315
08/05/2009,CRP,TX,ASW,CE,Combined TRACON& Tower with Radar,14,34,30,56,134,2,7,27,18,54,16,41,57,74,188,0,72,72,260
08/06/2009,CRP,TX,ASW,CE,Combined TRACON& Tower with Radar,16,35,27,37,115,0,3,38,21,62,16,38,65,58,177,2,72,74,251
08/07/2009,CRP,TX,ASW,CE,Combined TRACON& Tower with Radar,17,39,12,37,105,0,5,47,15,67,17,44,59,52,172,0,76,76,248
08/08/2009,CRP,TX,ASW,CE,Combined TRACON& Tower with Radar,12,26,12,41,91,0,2,46,11,59,12,28,58,52,150,22,12,34,184
08/09/2009,CRP,TX,ASW,CE,Combined TRACON& Tower with Radar,13,31,23,33,100,0,4,38,10,52,13,35,61,43,152,0,6,6,158
08/10/2009,CRP,TX,ASW,CE,Combined TRACON& Tower with Radar,16,34,21,34,105,0,1,16,17,34,16,35,37,51,139,0,184,184,323
08/11/2009,CRP,TX,ASW,CE,Combined TRACON& Tower with Radar,17,33,12,47,109,0,2,35,17,54,17,35,47,64,163,0,190,190,353
08/12/2009,CRP,TX,ASW,CE,Combined TRACON& Tower with Radar,20,48,22,67,157,4,6,42,31,83,24,54,64,98,240,2,66,68,308
08/13/2009,CRP,TX,ASW,CE,Combined TRACON& Tower with Radar,19,42,18,77,156,0,18,28,24,70,19,60,46,101,226,0,68,68,294
08/14/2009,CRP,TX,ASW,CE,Combined TRACON& Tower with Radar,15,39,19,49,122,1,7,28,19,55,16,46,47,68,177,2,18,20,197
08/15/2009,CRP,TX,ASW,CE,Combined TRACON& Tower with Radar,13,30,22,55,120,0,9,20,24,53,13,39,42,79,173,6,128,134,307
08/16/2009,CRP,TX,ASW,CE,Combined TRACON& Tower with Radar,12,29,12,62,115,0,8,30,22,60,12,37,42,84,175,0,116,116,291
08/17/2009,CRP,TX,ASW,CE,Combined TRACON& Tower with Radar,15,35,27,99,176,0,10,32,18,60,15,45,59,117,236,0,92,92,328
08/18/2009,CRP,TX,ASW,CE,Combined TRACON& Tower with Radar,15,31,30,127,203,0,11,19,13,43,15,42,49,140,246,0,156,156,402
08/19/2009,CRP,TX,ASW,CE,Combined TRACON& Tower with Radar,16,38,37,86,177,1,4,28,12,45,17,42,65,98,222,26,86,112,334
08/20/2009,CRP,TX,ASW,CE,Combined TRACON& Tower with Radar,15,39,31,105,190,0,7,34,2,43,15,46,65,107,233,4,106,110,343
08/21/2009,CRP,TX,ASW,CE,Combined TRACON& Tower with Radar,26,35,29,31,121,1,8,28,16,53,27,43,57,47,174,14,34,48,222
08/22/2009,CRP,TX,ASW,CE,Combined TRACON& Tower with Radar,10,30,16,80,136,0,7,32,17,56,10,37,48,97,192,0,20,20,212
08/23/2009,CRP,TX,ASW,CE,Combined TRACON& Tower with Radar,10,28,9,61,108,0,2,29,12,43,10,30,38,73,151,20,84,104,255
08/24/2009,CRP,TX,ASW,CE,Combined TRACON& Tower with Radar,18,32,23,57,130,0,7,45,4,56,18,39,68,61,186,0,48,48,234
08/25/2009,CRP,TX,ASW,CE,Combined TRACON& Tower with Radar,9,42,27,58,136,0,7,36,10,53,9,49,63,68,189,0,98,98,287
08/26/2009,CRP,TX,ASW,CE,Combined TRACON& Tower with Radar,8,48,30,98,184,2,4,40,6,52,10,52,70,104,236,6,146,152,388
08/27/2009,CRP,TX,ASW,CE,Combined TRACON& Tower with Radar,8,44,42,107,201,2,8,32,5,47,10,52,74,112,248,10,138,148,396
08/28/2009,CRP,TX,ASW,CE,Combined TRACON& Tower with Radar,9,53,23,80,165,1,4,26,11,42,10,57,49,91,207,4,106,110,317
08/29/2009,CRP,TX,ASW,CE,Combined TRACON& Tower with Radar,8,41,23,69,141,0,6,31,15,52,8,47,54,84,193,4,148,152,345
08/30/2009,CRP,TX,ASW,CE,Combined TRACON& Tower with Radar,6,42,16,42,106,0,7,15,11,33,6,49,31,53,139,0,34,34,173
08/31/2009,CRP,TX,ASW,CE,Combined TRACON& Tower with Radar,12,40,27,106,185,0,4,19,17,40,12,44,46,123,225,0,290,290,515
09/01/2009,CRP,TX,ASW,CE,Combined TRACON& Tower with Radar,13,40,13,43,109,1,8,14,1,24,14,48,27,44,133,6,54,60,193
09/02/2009,CRP,TX,ASW,CE,Combined TRACON& Tower with Radar,9,43,35,73,160,1,4,41,31,77,10,47,76,104,237,6,260,266,503
09/03/2009,CRP,TX,ASW,CE,Combined TRACON& Tower with Radar,11,47,26,57,141,1,5,33,12,51,12,52,59,69,192,8,126,134,326
09/04/2009,CRP,TX,ASW,CE,Combined TRACON& Tower with Radar,11,45,26,41,123,1,7,32,5,45,12,52,58,46,168,38,34,72,240
09/05/2009,CRP,TX,ASW,CE,Combined TRACON& Tower with Radar,8,33,18,25,84,0,5,16,8,29,8,38,34,33,113,0,10,10,123
09/06/2009,CRP,TX,ASW,CE,Combined TRACON& Tower with Radar,5,27,9,22,63,0,9,7,1,17,5,36,16,23,80,0,0,0,80
09/07/2009,CRP,TX,ASW,CE,Combined TRACON& Tower with Radar,9,39,25,34,107,0,1,22,5,28,9,40,47,39,135,0,26,26,161
09/08/2009,CRP,TX,ASW,CE,Combined TRACON& Tower with Radar,12,43,31,8,94,0,12,21,2,35,12,55,52,10,129,0,4,4,133
09/09/2009,CRP,TX,ASW,CE,Combined TRACON& Tower with Radar,12,43,19,5,79,0,3,8,0,11,12,46,27,5,90,0,0,0,90
09/10/2009,CRP,TX,ASW,CE,Combined TRACON& Tower with Radar,12,42,20,15,89,0,4,10,1,15,12,46,30,16,104,0,0,0,104
09/11/2009,CRP,TX,ASW,CE,Combined TRACON& Tower with Radar,12,44,23,18,97,0,4,11,14,29,12,48,34,32,126,6,6,12,138
09/12/2009,CRP,TX,ASW,CE,Combined TRACON& Tower with Radar,8,36,4,56,104,0,4,9,6,19,8,40,13,62,123,2,12,14,137
09/13/2009,CRP,TX,ASW,CE,Combined TRACON& Tower with Radar,11,37,11,73,132,0,9,17,7,33,11,46,28,80,165,0,14,14,179
09/14/2009,CRP,TX,ASW,CE,Combined TRACON& Tower with Radar,12,39,20,97,168,1,11,38,6,56,13,50,58,103,224,0,70,70,294
09/15/2009,CRP,TX,ASW,CE,Combined TRACON& Tower with Radar,11,43,39,102,195,1,9,40,22,72,12,52,79,124,267,0,214,214,481
09/16/2009,CRP,TX,ASW,CE,Combined TRACON& Tower with Radar,11,47,25,131,214,1,10,20,20,51,12,57,45,151,265,0,170,170,435
09/17/2009,CRP,TX,ASW,CE,Combined TRACON& Tower with Radar,12,46,27,72,157,0,11,47,17,75,12,57,74,89,232,0,140,140,372
09/18/2009,CRP,TX,ASW,CE,Combined TRACON& Tower with Radar,11,46,32,85,174,1,11,25,13,50,12,57,57,98,224,0,102,102,326
09/19/2009,CRP,TX,ASW,CE,Combined TRACON& Tower with Radar,10,35,9,61,115,0,1,21,4,26,10,36,30,65,141,6,6,12,153
09/20/2009,CRP,TX,ASW,CE,Combined TRACON& Tower with Radar,8,36,22,33,99,0,11,24,17,52,8,47,46,50,151,12,68,80,231
09/21/2009,CRP,TX,ASW,CE,Combined TRACON& Tower with Radar,11,36,31,70,148,0,10,30,21,61,11,46,61,91,209,0,138,138,347
09/22/2009,CRP,TX,ASW,CE,Combined TRACON& Tower with Radar,15,42,29,7,93,0,1,6,1,8,15,43,35,8,101,0,2,2,103
09/23/2009,CRP,TX,ASW,CE,Combined TRACON& Tower with Radar,11,42,32,110,195,1,3,8,15,27,12,45,40,125,222,0,224,224,446
09/24/2009,CRP,TX,ASW,CE,Combined TRACON& Tower with Radar,10,49,51,103,213,0,9,11,8,28,10,58,62,111,241,0,108,108,349
09/25/2009,CRP,TX,ASW,CE,Combined TRACON& Tower with Radar,10,46,38,89,183,2,12,37,17,68,12,58,75,106,251,0,218,218,469
09/26/2009,CRP,TX,ASW,CE,Combined TRACON& Tower with Radar,8,36,22,29,95,0,6,22,20,48,8,42,44,49,143,0,92,92,235
09/27/2009,CRP,TX,ASW,CE,Combined TRACON& Tower with Radar,8,39,14,31,92,0,5,36,20,61,8,44,50,51,153,0,0,0,153
09/28/2009,CRP,TX,ASW,CE,Combined TRACON& Tower with Radar,12,43,33,56,144,0,9,28,15,52,12,52,61,71,196,4,156,160,356
09/29/2009,CRP,TX,ASW,CE,Combined TRACON& Tower with Radar,11,35,30,49,125,1,8,25,6,40,12,43,55,55,165,14,58,72,237
09/30/2009,CRP,TX,ASW,CE,Combined TRACON& Tower with Radar,12,42,23,67,144,0,9,30,20,59,12,51,53,87,203,0,144,144,347
10/01/2009,CRP,TX,ASW,CE,Combined TRACON& Tower with Radar,10,40,29,44,123,2,6,31,12,51,12,46,60,56,174,0,134,134,308
10/02/2009,CRP,TX,ASW,CE,Combined TRACON& Tower with Radar,12,45,19,97,173,0,4,27,9,40,12,49,46,106,213,0,36,36,249
10/03/2009,CRP,TX,ASW,CE,Combined TRACON& Tower with Radar,8,34,17,44,103,0,2,9,11,22,8,36,26,55,125,0,108,108,233
10/04/2009,CRP,TX,ASW,CE,Combined TRACON& Tower with Radar,8,41,27,72,148,0,6,9,14,29,8,47,36,86,177,8,20,28,205
10/05/2009,CRP,TX,ASW,CE,Combined TRACON& Tower with Radar,8,39,21,119,187,2,9,24,11,46,10,48,45,130,233,0,218,218,451
10/06/2009,CRP,TX,ASW,CE,Combined TRACON& Tower with Radar,11,39,27,95,172,1,9,29,12,51,12,48,56,107,223,0,104,104,327
10/07/2009,CRP,TX,ASW,CE,Combined TRACON& Tower with Radar,12,42,41,93,188,0,9,20,7,36,12,51,61,100,224,0,122,122,346
10/08/2009,CRP,TX,ASW,CE,Combined TRACON& Tower with Radar,11,50,26,45,132,1,8,24,4,37,12,58,50,49,169,0,24,24,193
10/09/2009,CRP,TX,ASW,CE,Combined TRACON& Tower with Radar,16,49,16,31,112,0,2,9,7,18,16,51,25,38,130,0,10,10,140
10/10/2009,CRP,TX,ASW,CE,Combined TRACON& Tower with Radar,8,35,28,39,110,0,2,11,2,15,8,37,39,41,125,14,0,14,139
10/11/2009,CRP,TX,ASW,CE,Combined TRACON& Tower with Radar,10,32,27,11,80,0,5,0,0,5,10,37,27,11,85,8,0,8,93
10/12/2009,CRP,TX,ASW,CE,Combined TRACON& Tower with Radar,12,47,31,28,118,0,4,3,3,10,12,51,34,31,128,0,0,0,128
10/13/2009,CRP,TX,ASW,CE,Combined TRACON& Tower with Radar,10,44,28,80,162,0,4,17,14,35,10,48,45,94,197,0,186,186,383
10/14/2009,CRP,TX,ASW,CE,Combined TRACON& Tower with Radar,11,36,36,78,161,1,8,38,16,63,12,44,74,94,224,0,162,162,386
10/15/2009,CRP,TX,ASW,CE,Combined TRACON& Tower with Radar,12,49,48,77,186,0,4,32,26,62,12,53,80,103,248,0,66,66,314
10/16/2009,CRP,TX,ASW,CE,Combined TRACON& Tower with Radar,10,43,32,63,148,2,8,20,9,39,12,51,52,72,187,4,64,68,255
10/17/2009,CRP,TX,ASW,CE,Combined TRACON& Tower with Radar,8,33,15,50,106,0,6,37,34,77,8,39,52,84,183,0,97,97,280
10/18/2009,CRP,TX,ASW,CE,Combined TRACON& Tower with Radar,8,40,15,25,88,0,4,30,24,58,8,44,45,49,146,10,252,262,408
10/19/2009,CRP,TX,ASW,CE,Combined TRACON& Tower with Radar,10,41,20,67,138,0,12,41,29,82,10,53,61,96,220,4,198,202,422
10/20/2009,CRP,TX,ASW,CE,Combined TRACON& Tower with Radar,12,40,31,90,173,0,9,44,8,61,12,49,75,98,234,10,186,196,430
10/21/2009,CRP,TX,ASW,CE,Combined TRACON& Tower with Radar,12,40,18,52,122,0,13,16,12,41,12,53,34,64,163,0,172,172,335
10/22/2009,CRP,TX,ASW,CE,Combined TRACON& Tower with Radar,14,43,23,73,153,0,9,22,8,39,14,52,45,81,192,0,42,42,234
10/23/2009,CRP,TX,ASW,CE,Combined TRACON& Tower with Radar,11,37,21,70,139,1,15,53,30,99,12,52,74,100,238,4,50,54,292
10/24/2009,CRP,TX,ASW,CE,Combined TRACON& Tower with Radar,8,33,7,37,85,0,6,38,38,82,8,39,45,75,167,10,94,104,271
10/25/2009,CRP,TX,ASW,CE,Combined TRACON& Tower with Radar,10,38,24,5,77,0,4,19,17,40,10,42,43,22,117,0,192,192,309
10/26/2009,CRP,TX,ASW,CE,Combined TRACON& Tower with Radar,21,42,14,9,86,3,8,3,6,20,24,50,17,15,106,0,124,124,230
10/27/2009,CRP,TX,ASW,CE,Combined TRACON& Tower with Radar,11,42,23,88,164,1,6,64,21,92,12,48,87,109,256,6,132,138,394
10/28/2009,CRP,TX,ASW,CE,Combined TRACON& Tower with Radar,11,39,27,41,118,1,11,31,9,52,12,50,58,50,170,0,42,42,212
10/29/2009,CRP,TX,ASW,CE,Combined TRACON& Tower with Radar,12,51,26,22,111,0,7,15,3,25,12,58,41,25,136,0,16,16,152
10/30/2009,CRP,TX,ASW,CE,Combined TRACON& Tower with Radar,16,48,18,20,102,1,11,26,6,44,17,59,44,26,146,0,0,0,146
10/31/2009,CRP,TX,ASW,CE,Combined TRACON& Tower with Radar,9,31,11,5,56,0,2,39,2,43,9,33,50,7,99,0,2,2,101
11/01/2009,CRP,TX,ASW,CE,Combined TRACON& Tower with Radar,10,39,21,8,78,0,4,39,0,43,10,43,60,8,121,18,8,26,147
11/02/2009,CRP,TX,ASW,CE,Combined TRACON& Tower with Radar,11,41,29,82,163,1,4,37,5,47,12,45,66,87,210,0,72,72,282
11/03/2009,CRP,TX,ASW,CE,Combined TRACON& Tower with Radar,11,44,27,65,147,1,6,49,11,67,12,50,76,76,214,0,144,144,358
11/04/2009,CRP,TX,ASW,CE,Combined TRACON& Tower with Radar,11,43,27,70,151,1,7,42,16,66,12,50,69,86,217,12,100,112,329
11/05/2009,CRP,TX,ASW,CE,Combined TRACON& Tower with Radar,10,43,31,85,169,1,20,48,9,78,11,63,79,94,247,0,30,30,277
11/06/2009,CRP,TX,ASW,CE,Combined TRACON& Tower with Radar,11,43,29,69,152,1,3,30,26,60,12,46,59,95,212,10,298,308,520
11/07/2009,CRP,TX,ASW,CE,Combined TRACON& Tower with Radar,8,32,10,34,84,0,3,23,28,54,8,35,33,62,138,0,88,88,226
11/08/2009,CRP,TX,ASW,CE,Combined TRACON& Tower with Radar,10,37,13,30,90,0,4,0,2,6,10,41,13,32,96,0,24,24,120
11/09/2009,CRP,TX,ASW,CE,Combined TRACON& Tower with Radar,12,41,20,36,109,0,3,10,11,24,12,44,30,47,133,0,46,46,179
11/10/2009,CRP,TX,ASW,CE,Combined TRACON& Tower with Radar,11,40,33,26,110,0,2,41,19,62,11,42,74,45,172,0,208,208,380
11/11/2009,CRP,TX,ASW,CE,Combined TRACON& Tower with Radar,14,45,24,27,110,0,12,40,20,72,14,57,64,47,182,6,196,202,384
11/12/2009,CRP,TX,ASW,CE,Combined TRACON& Tower with Radar,11,48,31,43,133,1,5,40,17,63,12,53,71,60,196,16,42,58,254
11/13/2009,CRP,TX,ASW,CE,Combined TRACON& Tower with Radar,11,51,23,53,138,1,6,33,23,63,12,57,56,76,201,12,152,164,365
11/14/2009,CRP,TX,ASW,CE,Combined TRACON& Tower with Radar,8,32,25,49,114,0,6,30,32,68,8,38,55,81,182,8,140,148,330
11/15/2009,CRP,TX,ASW,CE,Combined TRACON& Tower with Radar,12,34,11,30,87,0,10,17,17,44,12,44,28,47,131,0,94,94,225
11/16/2009,CRP,TX,ASW,CE,Combined TRACON& Tower with Radar,11,40,20,44,115,1,12,23,6,42,12,52,43,50,157,0,0,0,157
11/17/2009,CRP,TX,ASW,CE,Combined TRACON& Tower with Radar,12,45,22,42,121,2,2,37,7,48,14,47,59,49,169,2,124,126,295
11/18/2009,CRP,TX,ASW,CE,Combined TRACON& Tower with Radar,13,46,40,53,152,1,2,45,15,63,14,48,85,68,215,0,46,46,261
11/19/2009,CRP,TX,ASW,CE,Combined TRACON& Tower with Radar,10,45,39,31,125,0,12,33,4,49,10,57,72,35,174,6,18,24,198
11/20/2009,CRP,TX,ASW,CE,Combined TRACON& Tower with Radar,10,51,19,19,99,0,0,3,4,7,10,51,22,23,106,0,16,16,122
11/21/2009,CRP,TX,ASW,CE,Combined TRACON& Tower with Radar,7,39,37,32,115,1,8,10,7,26,8,47,47,39,141,14,4,18,159
11/22/2009,CRP,TX,ASW,CE,Combined TRACON& Tower with Radar,8,42,24,32,106,0,7,28,20,55,8,49,52,52,161,12,172,184,345
11/23/2009,CRP,TX,ASW,CE,Combined TRACON& Tower with Radar,8,38,42,55,143,2,11,30,14,57,10,49,72,69,200,0,62,62,262
11/24/2009,CRP,TX,ASW,CE,Combined TRACON& Tower with Radar,10,53,28,25,116,2,12,9,12,35,12,65,37,37,151,0,42,42,193
11/25/2009,CRP,TX,ASW,CE,Combined TRACON& Tower with Radar,9,49,34,7,99,0,14,46,1,61,9,63,80,8,160,12,0,12,172
11/26/2009,CRP,TX,ASW,CE,Combined TRACON& Tower with Radar,6,28,7,0,41,0,1,12,4,17,6,29,19,4,58,0,0,0,58
11/27/2009,CRP,TX,ASW,CE,Combined TRACON& Tower with Radar,6,34,13,8,61,0,1,28,10,39,6,35,41,18,100,10,88,98,198
11/28/2009,CRP,TX,ASW,CE,Combined TRACON& Tower with Radar,6,35,19,7,67,0,7,23,18,48,6,42,42,25,115,20,70,90,205
11/29/2009,CRP,TX,ASW,CE,Combined TRACON& Tower with Radar,10,41,21,11,83,0,10,4,5,19,10,51,25,16,102,0,0,0,102
11/30/2009,CRP,TX,ASW,CE,Combined TRACON& Tower with Radar,10,51,17,38,116,0,6,7,5,18,10,57,24,43,134,0,54,54,188
12/01/2009,CRP,TX,ASW,CE,Combined TRACON& Tower with Radar,10,49,16,5,80,0,1,0,0,1,10,50,16,5,81,0,0,0,81
12/02/2009,CRP,TX,ASW,CE,Combined TRACON& Tower with Radar,9,44,36,45,134,1,7,34,7,49,10,51,70,52,183,0,28,28,211
12/03/2009,CRP,TX,ASW,CE,Combined TRACON& Tower with Radar,9,46,31,54,140,1,11,42,13,67,10,57,73,67,207,0,30,30,237
12/04/2009,CRP,TX,ASW,CE,Combined TRACON& Tower with Radar,10,37,28,2,77,0,4,7,3,14,10,41,35,5,91,0,0,0,91
12/05/2009,CRP,TX,ASW,CE,Combined TRACON& Tower with Radar,8,32,12,41,93,0,3,31,16,50,8,35,43,57,143,16,66,82,225
12/06/2009,CRP,TX,ASW,CE,Combined TRACON& Tower with Radar,8,39,7,53,107,0,6,10,14,30,8,45,17,67,137,0,198,198,335
12/07/2009,CRP,TX,ASW,CE,Combined TRACON& Tower with Radar,10,47,24,25,106,0,3,2,0,5,10,50,26,25,111,0,6,6,117
12/08/2009,CRP,TX,ASW,CE,Combined TRACON& Tower with Radar,8,38,22,46,114,2,5,6,4,17,10,43,28,50,131,0,14,14,145
12/09/2009,CRP,TX,ASW,CE,Combined TRACON& Tower with Radar,9,39,43,83,174,0,5,34,14,53,9,44,77,97,227,0,176,176,403
12/10/2009,CRP,TX,ASW,CE,Combined TRACON& Tower with Radar,10,45,32,62,149,0,11,31,14,56,10,56,63,76,205,0,110,110,315
12/11/2009,CRP,TX,ASW,CE,Combined TRACON& Tower with Radar,9,47,28,34,118,1,1,4,1,7,10,48,32,35,125,0,0,0,125
12/12/2009,CRP,TX,ASW,CE,Combined TRACON& Tower with Radar,6,29,18,19,72,0,0,1,0,1,6,29,19,19,73,0,0,0,73
12/13/2009,CRP,TX,ASW,CE,Combined TRACON& Tower with Radar,7,43,38,21,109,1,1,1,1,4,8,44,39,22,113,0,0,0,113
12/14/2009,CRP,TX,ASW,CE,Combined TRACON& Tower with Radar,7,39,29,31,106,1,1,4,0,6,8,40,33,31,112,0,0,0,112
12/15/2009,CRP,TX,ASW,CE,Combined TRACON& Tower with Radar,9,49,32,67,157,1,4,3,7,15,10,53,35,74,172,0,64,64,236
12/16/2009,CRP,TX,ASW,CE,Combined TRACON& Tower with Radar,11,47,22,37,117,1,2,2,3,8,12,49,24,40,125,0,0,0,125
12/17/2009,CRP,TX,ASW,CE,Combined TRACON& Tower with Radar,10,50,28,43,131,0,3,8,1,12,10,53,36,44,143,0,0,0,143
12/18/2009,CRP,TX,ASW,CE,Combined TRACON& Tower with Radar,10,46,36,42,134,2,9,56,34,101,12,55,92,76,235,34,154,188,423
12/19/2009,CRP,TX,ASW,CE,Combined TRACON& Tower with Radar,8,38,15,43,104,0,5,30,50,85,8,43,45,93,189,4,162,166,355
12/20/2009,CRP,TX,ASW,CE,Combined TRACON& Tower with Radar,8,38,13,38,97,0,7,41,32,80,8,45,54,70,177,0,172,172,349
12/21/2009,CRP,TX,ASW,CE,Combined TRACON& Tower with Radar,10,43,15,19,87,0,14,52,4,70,10,57,67,23,157,0,0,0,157
12/22/2009,CRP,TX,ASW,CE,Combined TRACON& Tower with Radar,9,47,27,12,95,1,8,25,10,44,10,55,52,22,139,0,8,8,147
12/23/2009,CRP,TX,ASW,CE,Combined TRACON& Tower with Radar,10,44,23,21,98,0,6,21,1,28,10,50,44,22,126,0,12,12,138
12/24/2009,CRP,TX,ASW,CE,Combined TRACON& Tower with Radar,8,41,14,0,63,0,3,9,1,13,8,44,23,1,76,0,0,0,76
12/25/2009,CRP,TX,ASW,CE,Combined TRACON& Tower with Radar,4,33,4,0,41,0,2,7,1,10,4,35,11,1,51,0,0,0,51
12/26/2009,CRP,TX,ASW,CE,Combined TRACON& Tower with Radar,8,38,28,0,74,0,0,1,0,1,8,38,29,0,75,0,0,0,75
12/27/2009,CRP,TX,ASW,CE,Combined TRACON& Tower with Radar,8,44,12,0,64,0,7,26,0,33,8,51,38,0,97,16,0,16,113
12/28/2009,CRP,TX,ASW,CE,Combined TRACON& Tower with Radar,10,46,17,38,111,0,1,24,4,29,10,47,41,42,140,0,24,24,164
12/29/2009,CRP,TX,ASW,CE,Combined TRACON& Tower with Radar,10,52,15,25,102,0,3,4,1,8,10,55,19,26,110,0,0,0,110
12/30/2009,CRP,TX,ASW,CE,Combined TRACON& Tower with Radar,10,51,30,22,113,0,2,14,6,22,10,53,44,28,135,2,130,132,267
12/31/2009,CRP,TX,ASW,CE,Combined TRACON& Tower with Radar,5,40,18,10,73,0,4,14,8,26,5,44,32,18,99,0,48,48,147
01/01/2010,CRP,TX,ASW,CE,Combined TRACON& Tower with Radar,7,35,12,0,54,0,11,23,0,34,7,46,35,0,88,0,0,0,88
01/02/2010,CRP,TX,ASW,CE,Combined TRACON& Tower with Radar,6,37,10,3,56,0,2,20,10,32,6,39,30,13,88,8,66,74,162
01/03/2010,CRP,TX,ASW,CE,Combined TRACON& Tower with Radar,6,41,35,28,110,0,2,4,3,9,6,43,39,31,119,0,18,18,137
01/04/2010,CRP,TX,ASW,CE,Combined TRACON& Tower with Radar,10,48,16,37,111,0,5,26,17,48,10,53,42,54,159,0,156,156,315
01/05/2010,CRP,TX,ASW,CE,Combined TRACON& Tower with Radar,10,44,12,40,106,0,3,29,10,42,10,47,41,50,148,0,164,164,312
01/06/2010,CRP,TX,ASW,CE,Combined TRACON& Tower with Radar,9,38,30,89,166,1,5,14,18,38,10,43,44,107,204,0,336,336,540
01/07/2010,CRP,TX,ASW,CE,Combined TRACON& Tower with Radar,10,47,28,44,129,0,4,10,8,22,10,51,38,52,151,0,88,88,239
01/08/2010,CRP,TX,ASW,CE,Combined TRACON& Tower with Radar,10,46,16,68,140,0,7,14,20,41,10,53,30,88,181,0,134,134,315
01/09/2010,CRP,TX,ASW,CE,Combined TRACON& Tower with Radar,8,34,13,14,69,0,2,30,31,63,8,36,43,45,132,0,16,16,148
01/10/2010,CRP,TX,ASW,CE,Combined TRACON& Tower with Radar,8,35,11,43,97,0,2,24,26,52,8,37,35,69,149,0,28,28,177
01/11/2010,CRP,TX,ASW,CE,Combined TRACON& Tower with Radar,10,42,15,86,153,0,12,29,15,56,10,54,44,101,209,0,170,170,379
01/12/2010,CRP,TX,ASW,CE,Combined TRACON& Tower with Radar,10,42,38,54,144,0,13,14,14,41,10,55,52,68,185,10,244,254,439
01/13/2010,CRP,TX,ASW,CE,Combined TRACON& Tower with Radar,10,45,40,31,126,0,1,5,3,9,10,46,45,34,135,0,50,50,185
01/14/2010,CRP,TX,ASW,CE,Combined TRACON& Tower with Radar,9,57,35,69,170,1,4,12,4,21,10,61,47,73,191,0,68,68,259
01/15/2010,CRP,TX,ASW,CE,Combined TRACON& Tower with Radar,11,45,35,14,105,0,2,1,2,5,11,47,36,16,110,0,0,0,110
01/16/2010,CRP,TX,ASW,CE,Combined TRACON& Tower with Radar,4,29,5,28,66,0,4,11,6,21,4,33,16,34,87,0,0,0,87
01/17/2010,CRP,TX,ASW,CE,Combined TRACON& Tower with Radar,8,34,12,5,59,0,1,36,26,63,8,35,48,31,122,6,110,116,238
01/18/2010,CRP,TX,ASW,CE,Combined TRACON& Tower with Radar,10,46,22,13,91,0,5,21,12,38,10,51,43,25,129,12,214,226,355
01/19/2010,CRP,TX,ASW,CE,Combined TRACON& Tower with Radar,7,44,41,36,128,1,3,16,3,23,8,47,57,39,151,0,52,52,203
01/20/2010,CRP,TX,ASW,CE,Combined TRACON& Tower with Radar,9,40,24,30,103,1,3,10,5,19,10,43,34,35,122,0,84,84,206
01/21/2010,CRP,TX,ASW,CE,Combined TRACON& Tower with Radar,10,35,18,39,102,0,8,35,7,50,10,43,53,46,152,12,74,86,238
01/22/2010,CRP,TX,ASW,CE,Combined TRACON& Tower with Radar,9,45,29,45,128,1,4,33,9,47,10,49,62,54,175,8,76,84,259
01/23/2010,CRP,TX,ASW,CE,Combined TRACON& Tower with Radar,4,34,16,39,93,0,6,19,29,54,4,40,35,68,147,0,0,0,147
01/24/2010,CRP,TX,ASW,CE,Combined TRACON& Tower with Radar,8,38,6,9,61,0,4,17,30,51,8,42,23,39,112,0,26,26,138
01/25/2010,CRP,TX,ASW,CE,Combined TRACON& Tower with Radar,9,42,13,48,112,1,9,33,13,56,10,51,46,61,168,4,58,62,230
01/26/2010,CRP,TX,ASW,CE,Combined TRACON& Tower with Radar,10,40,31,39,120,0,8,20,13,41,10,48,51,52,161,2,102,104,265
01/27/2010,CRP,TX,ASW,CE,Combined TRACON& Tower with Radar,8,42,30,78,158,2,9,23,14,48,10,51,53,92,206,0,164,164,370
01/28/2010,CRP,TX,ASW,CE,Combined TRACON& Tower with Radar,10,41,34,60,145,0,8,9,1,18,10,49,43,61,163,8,52,60,223
01/29/2010,CRP,TX,ASW,CE,Combined TRACON& Tower with Radar,9,50,20,24,103,2,5,12,15,34,11,55,32,39,137,24,54,78,215
01/30/2010,CRP,TX,ASW,CE,Combined TRACON& Tower with Radar,7,32,6,24,69,0,8,15,43,66,7,40,21,67,135,0,108,108,243
01/31/2010,CRP,TX,ASW,CE,Combined TRACON& Tower with Radar,8,34,16,37,95,0,0,6,16,22,8,34,22,53,117,0,0,0,117
02/01/2010,CRP,TX,ASW,CE,Combined TRACON& Tower with Radar,9,46,18,12,85,1,1,1,1,4,10,47,19,13,89,0,0,0,89
02/02/2010,CRP,TX,ASW,CE,Combined TRACON& Tower with Radar,8,39,20,6,73,0,0,2,0,2,8,39,22,6,75,0,0,0,75
02/03/2010,CRP,TX,ASW,CE,Combined TRACON& Tower with Radar,10,47,17,17,91,0,0,0,0,0,10,47,17,17,91,0,0,0,91
02/04/2010,CRP,TX,ASW,CE,Combined TRACON& Tower with Radar,9,45,24,63,141,0,7,0,6,13,9,52,24,69,154,0,40,40,194
02/05/2010,CRP,TX,ASW,CE,Combined TRACON& Tower with Radar,9,39,53,35,136,3,11,35,14,63,12,50,88,49,199,0,60,60,259
02/06/2010,CRP,TX,ASW,CE,Combined TRACON& Tower with Radar,5,36,18,30,89,0,6,52,27,85,5,42,70,57,174,2,92,94,268
02/07/2010,CRP,TX,ASW,CE,Combined TRACON& Tower with Radar,12,41,12,19,84,0,8,7,9,24,12,49,19,28,108,12,10,22,130
02/08/2010,CRP,TX,ASW,CE,Combined TRACON& Tower with Radar,22,54,34,79,189,3,10,16,11,40,25,64,50,90,229,0,126,126,355
02/09/2010,CRP,TX,ASW,CE,Combined TRACON& Tower with Radar,12,40,30,49,131,1,7,34,9,51,13,47,64,58,182,10,126,136,318
02/10/2010,CRP,TX,ASW,CE,Combined TRACON& Tower with Radar,10,43,20,73,146,0,7,24,14,45,10,50,44,87,191,0,150,150,341
02/11/2010,CRP,TX,ASW,CE,Combined TRACON& Tower with Radar,6,31,24,19,80,0,1,0,0,1,6,32,24,19,81,0,0,0,81
02/12/2010,CRP,TX,ASW,CE,Combined TRACON& Tower with Radar,12,41,25,79,157,0,10,21,19,50,12,51,46,98,207,0,0,0,207
02/13/2010,CRP,TX,ASW,CE,Combined TRACON& Tower with Radar,4,29,13,54,100,0,6,35,24,65,4,35,48,78,165,0,236,236,401
02/14/2010,CRP,TX,ASW,CE,Combined TRACON& Tower with Radar,6,37,12,18,73,0,8,16,23,47,6,45,28,41,120,2,126,128,248
02/15/2010,CRP,TX,ASW,CE,Combined TRACON& Tower with Radar,10,44,25,72,151,0,6,31,21,58,10,50,56,93,209,0,76,76,285
02/16/2010,CRP,TX,ASW,CE,Combined TRACON& Tower with Radar,9,42,23,59,133,1,22,45,13,81,10,64,68,72,214,0,102,102,316
02/17/2010,CRP,TX,ASW,CE,Combined TRACON& Tower with Radar,10,41,35,57,143,0,12,42,20,74,10,53,77,77,217,0,236,236,453
02/18/2010,CRP,TX,ASW,CE,Combined TRACON& Tower with Radar,9,45,43,76,173,1,6,25,17,49,10,51,68,93,222,0,0,0,222
02/19/2010,CRP,TX,ASW,CE,Combined TRACON& Tower with Radar,9,50,28,80,167,1,3,5,16,25,10,53,33,96,192,0,88,88,280
02/20/2010,CRP,TX,ASW,CE,Combined TRACON& Tower with Radar,4,29,30,38,101,0,1,6,16,23,4,30,36,54,124,0,156,156,280
02/21/2010,CRP,TX,ASW,CE,Combined TRACON& Tower with Radar,8,34,28,58,128,0,3,13,19,35,8,37,41,77,163,0,0,0,163
02/22/2010,CRP,TX,ASW,CE,Combined TRACON& Tower with Radar,10,46,34,103,193,0,4,40,18,62,10,50,74,121,255,0,232,232,487
02/23/2010,CRP,TX,ASW,CE,Combined TRACON& Tower with Radar,9,44,24,40,117,1,2,7,4,14,10,46,31,44,131,0,20,20,151
02/24/2010,CRP,TX,ASW,CE,Combined TRACON& Tower with Radar,10,42,25,78,155,2,9,69,18,98,12,51,94,96,253,0,76,76,329
02/25/2010,CRP,TX,ASW,CE,Combined TRACON& Tower with Radar,10,44,38,75,167,0,9,70,17,96,10,53,108,92,263,2,150,152,415
02/26/2010,CRP,TX,ASW,CE,Combined TRACON& Tower with Radar,8,42,22,66,138,2,4,38,22,66,10,46,60,88,204,22,88,110,314
02/27/2010,CRP,TX,ASW,CE,Combined TRACON& Tower with Radar,6,32,11,24,73,0,3,65,15,83,6,35,76,39,156,12,120,132,288
02/28/2010,CRP,TX,ASW,CE,Combined TRACON& Tower with Radar,6,37,27,24,94,0,4,31,5,40,6,41,58,29,134,0,100,100,234
03/01/2010,CRP,TX,ASW,CE,Combined TRACON& Tower with Radar,10,38,20,80,148,0,3,22,8,33,10,41,42,88,181,30,90,120,301
03/02/2010,CRP,TX,ASW,CE,Combined TRACON& Tower with Radar,10,40,32,112,194,0,8,28,14,50,10,48,60,126,244,20,48,68,312
03/03/2010,CRP,TX,ASW,CE,Combined TRACON& Tower with Radar,10,38,30,92,170,0,9,26,9,44,10,47,56,101,214,0,72,72,286
03/04/2010,CRP,TX,ASW,CE,Combined TRACON& Tower with Radar,10,43,25,64,142,0,11,31,7,49,10,54,56,71,191,0,0,0,191
03/05/2010,CRP,TX,ASW,CE,Combined TRACON& Tower with Radar,10,42,25,58,135,0,4,19,8,31,10,46,44,66,166,38,18,56,222
03/06/2010,CRP,TX,ASW,CE,Combined TRACON& Tower with Radar,4,34,18,46,102,0,13,24,6,43,4,47,42,52,145,36,130,166,311
03/07/2010,CRP,TX,ASW,CE,Combined TRACON& Tower with Radar,6,39,28,82,155,0,4,7,4,15,6,43,35,86,170,0,22,22,192
03/08/2010,CRP,TX,ASW,CE,Combined TRACON& Tower with Radar,10,37,27,75,149,0,9,2,1,12,10,46,29,76,161,6,12,18,179
03/09/2010,CRP,TX,ASW,CE,Combined TRACON& Tower with Radar,9,54,31,71,165,1,1,19,2,23,10,55,50,73,188,4,112,116,304
03/10/2010,CRP,TX,ASW,CE,Combined TRACON& Tower with Radar,12,39,43,123,217,0,6,22,23,51,12,45,65,146,268,0,194,194,462
03/11/2010,CRP,TX,ASW,CE,Combined TRACON& Tower with Radar,8,43,24,56,131,0,5,46,9,60,8,48,70,65,191,0,54,54,245
03/12/2010,CRP,TX,ASW,CE,Combined TRACON& Tower with Radar,8,46,21,44,119,2,6,47,13,68,10,52,68,57,187,0,44,44,231
03/13/2010,CRP,TX,ASW,CE,Combined TRACON& Tower with Radar,6,37,18,57,118,0,4,35,16,55,6,41,53,73,173,12,116,128,301
03/14/2010,CRP,TX,ASW,CE,Combined TRACON& Tower with Radar,8,37,15,27,87,0,4,30,10,44,8,41,45,37,131,0,26,26,157
03/15/2010,CRP,TX,ASW,CE,Combined TRACON& Tower with Radar,10,39,22,72,143,0,5,23,7,35,10,44,45,79,178,4,180,184,362
03/16/2010,CRP,TX,ASW,CE,Combined TRACON& Tower with Radar,9,45,21,116,191,1,5,6,6,18,10,50,27,122,209,2,112,114,323
03/17/2010,CRP,TX,ASW,CE,Combined TRACON& Tower with Radar,10,43,25,78,156,0,5,31,17,53,10,48,56,95,209,0,124,124,333
03/18/2010,CRP,TX,ASW,CE,Combined TRACON& Tower with Radar,12,49,26,75,162,0,14,59,16,89,12,63,85,91,251,10,48,58,309
03/19/2010,CRP,TX,ASW,CE,Combined TRACON& Tower with Radar,9,51,19,76,155,1,11,27,7,46,10,62,46,83,201,10,50,60,261
03/20/2010,CRP,TX,ASW,CE,Combined TRACON& Tower with Radar,6,33,12,58,109,0,0,3,6,9,6,33,15,64,118,0,2,2,120
03/21/2010,CRP,TX,ASW,CE,Combined TRACON& Tower with Radar,10,36,9,32,87,0,1,40,24,65,10,37,49,56,152,0,84,84,236
03/22/2010,CRP,TX,ASW,CE,Combined TRACON& Tower with Radar,11,45,16,85,157,1,7,38,12,58,12,52,54,97,215,10,96,106,321
03/23/2010,CRP,TX,ASW,CE,Combined TRACON& Tower with Radar,9,43,26,98,176,1,6,28,5,40,10,49,54,103,216,0,32,32,248
03/24/2010,CRP,TX,ASW,CE,Combined TRACON& Tower with Radar,10,38,41,118,207,0,5,14,6,25,10,43,55,124,232,0,22,22,254
03/25/2010,CRP,TX,ASW,CE,Combined TRACON& Tower with Radar,10,46,32,66,154,0,7,38,6,51,10,53,70,72,205,0,12,12,217
03/26/2010,CRP,TX,ASW,CE,Combined TRACON& Tower with Radar,10,44,31,42,127,0,13,39,17,69,10,57,70,59,196,22,342,364,560
03/27/2010,CRP,TX,ASW,CE,Combined TRACON& Tower with Radar,8,33,11,26,78,0,14,18,16,48,8,47,29,42,126,4,32,36,162
03/28/2010,CRP,TX,ASW,CE,Combined TRACON& Tower with Radar,8,36,11,40,95,0,4,20,22,46,8,40,31,62,141,2,50,52,193
03/29/2010,CRP,TX,ASW,CE,Combined TRACON& Tower with Radar,10,44,22,80,156,0,4,35,19,58,10,48,57,99,214,14,116,130,344
03/30/2010,CRP,TX,ASW,CE,Combined TRACON& Tower with Radar,10,42,28,91,171,0,11,35,6,52,10,53,63,97,223,0,72,72,295
03/31/2010,CRP,TX,ASW,CE,Combined TRACON& Tower with Radar,10,44,20,66,140,0,5,45,8,58,10,49,65,74,198,0,0,0,198
04/01/2010,CRP,TX,ASW,CE,Combined TRACON& Tower with Radar,8,50,26,80,164,0,6,23,7,36,8,56,49,87,200,0,0,0,200
04/02/2010,CRP,TX,ASW,CE,Combined TRACON& Tower with Radar,10,45,21,76,152,0,7,16,9,32,10,52,37,85,184,0,92,92,276
04/03/2010,CRP,TX,ASW,CE,Combined TRACON& Tower with Radar,6,34,25,45,110,0,0,30,9,39,6,34,55,54,149,10,144,154,303
04/04/2010,CRP,TX,ASW,CE,Combined TRACON& Tower with Radar,8,38,10,56,112,0,2,3,6,11,8,40,13,62,123,0,58,58,181
04/05/2010,CRP,TX,ASW,CE,Combined TRACON& Tower with Radar,10,41,25,66,142,0,5,19,10,34,10,46,44,76,176,0,28,28,204
04/06/2010,CRP,TX,ASW,CE,Combined TRACON& Tower with Radar,8,48,32,47,135,0,9,19,4,32,8,57,51,51,167,0,36,36,203
04/07/2010,CRP,TX,ASW,CE,Combined TRACON& Tower with Radar,9,38,27,33,107,1,2,12,3,18,10,40,39,36,125,0,84,84,209
04/08/2010,CRP,TX,ASW,CE,Combined TRACON& Tower with Radar,8,43,33,74,158,2,5,45,5,57,10,48,78,79,215,0,42,42,257
04/09/2010,CRP,TX,ASW,CE,Combined TRACON& Tower with Radar,12,46,52,50,160,0,2,32,3,37,12,48,84,53,197,34,28,62,259
04/10/2010,CRP,TX,ASW,CE,Combined TRACON& Tower with Radar,6,32,7,25,70,0,5,28,16,49,6,37,35,41,119,44,128,172,291
04/11/2010,CRP,TX,ASW,CE,Combined TRACON& Tower with Radar,8,37,15,51,111,0,0,3,2,5,8,37,18,53,116,4,68,72,188
04/12/2010,CRP,TX,ASW,CE,Combined TRACON& Tower with Radar,12,41,27,84,164,0,9,8,0,17,12,50,35,84,181,0,0,0,181
04/13/2010,CRP,TX,ASW,CE,Combined TRACON& Tower with Radar,8,41,40,99,188,2,6,13,2,23,10,47,53,101,211,0,6,6,217
04/14/2010,CRP,TX,ASW,CE,Combined TRACON& Tower with Radar,12,38,45,78,173,0,5,15,5,25,12,43,60,83,198,4,28,32,230
04/15/2010,CRP,TX,ASW,CE,Combined TRACON& Tower with Radar,9,43,34,40,126,1,4,8,2,15,10,47,42,42,141,0,0,0,141
04/16/2010,CRP,TX,ASW,CE,Combined TRACON& Tower with Radar,9,52,14,27,102,1,0,2,5,8,10,52,16,32,110,0,2,2,112
04/17/2010,CRP,TX,ASW,CE,Combined TRACON& Tower with Radar,8,31,7,35,81,0,0,2,4,6,8,31,9,39,87,0,44,44,131
04/18/2010,CRP,TX,ASW,CE,Combined TRACON& Tower with Radar,8,42,15,34,99,0,3,3,21,27,8,45,18,55,126,0,96,96,222
04/19/2010,CRP,TX,ASW,CE,Combined TRACON& Tower with Radar,9,44,27,72,152,1,5,22,16,44,10,49,49,88,196,46,70,116,312
04/20/2010,CRP,TX,ASW,CE,Combined TRACON& Tower with Radar,10,44,30,76,160,0,10,37,9,56,10,54,67,85,216,22,124,146,362
04/21/2010,CRP,TX,ASW,CE,Combined TRACON& Tower with Radar,10,40,56,51,157,0,6,45,14,65,10,46,101,65,222,1,108,109,331
04/22/2010,CRP,TX,ASW,CE,Combined TRACON& Tower with Radar,7,46,39,104,196,3,4,8,16,31,10,50,47,120,227,0,200,200,427
04/23/2010,CRP,TX,ASW,CE,Combined TRACON& Tower with Radar,9,44,28,33,114,1,8,27,8,44,10,52,55,41,158,6,16,22,180
04/24/2010,CRP,TX,ASW,CE,Combined TRACON& Tower with Radar,6,29,19,44,98,0,8,35,17,60,6,37,54,61,158,18,94,112,270
04/25/2010,CRP,TX,ASW,CE,Combined TRACON& Tower with Radar,8,39,18,39,104,0,11,41,28,80,8,50,59,67,184,0,12,12,196
04/26/2010,CRP,TX,ASW,CE,Combined TRACON& Tower with Radar,9,41,30,55,135,1,9,44,13,67,10,50,74,68,202,28,122,150,352
04/27/2010,CRP,TX,ASW,CE,Combined TRACON& Tower with Radar,8,41,36,73,158,2,8,35,17,62,10,49,71,90,220,0,158,158,378
04/28/2010,CRP,TX,ASW,CE,Combined TRACON& Tower with Radar,8,36,42,63,149,2,12,44,10,68,10,48,86,73,217,30,44,74,291
04/29/2010,CRP,TX,ASW,CE,Combined TRACON& Tower with Radar,10,44,37,53,144,0,11,34,8,53,10,55,71,61,197,0,52,52,249
04/30/2010,CRP,TX,ASW,CE,Combined TRACON& Tower with Radar,10,43,38,52,143,0,4,17,7,28,10,47,55,59,171,30,38,68,239
05/01/2010,CRP,TX,ASW,CE,Combined TRACON& Tower with Radar,6,28,24,62,120,0,5,20,7,32,6,33,44,69,152,30,44,74,226
05/02/2010,CRP,TX,ASW,CE,Combined TRACON& Tower with Radar,8,41,10,75,134,0,8,37,18,63,8,49,47,93,197,0,116,116,313
05/03/2010,CRP,TX,ASW,CE,Combined TRACON& Tower with Radar,10,42,22,73,147,0,10,29,14,53,10,52,51,87,200,26,166,192,392
05/04/2010,CRP,TX,ASW,CE,Combined TRACON& Tower with Radar,10,41,25,56,132,0,8,51,9,68,10,49,76,65,200,12,74,86,286
05/05/2010,CRP,TX,ASW,CE,Combined TRACON& Tower with Radar,9,40,26,70,145,1,6,51,12,70,10,46,77,82,215,48,34,82,297
05/06/2010,CRP,TX,ASW,CE,Combined TRACON& Tower with Radar,11,42,16,60,129,1,9,47,3,60,12,51,63,63,189,18,44,62,251
05/07/2010,CRP,TX,ASW,CE,Combined TRACON& Tower with Radar,10,47,33,71,161,0,8,24,3,35,10,55,57,74,196,16,86,102,298
05/08/2010,CRP,TX,ASW,CE,Combined TRACON& Tower with Radar,6,30,23,61,120,0,3,13,4,20,6,33,36,65,140,10,2,12,152
05/09/2010,CRP,TX,ASW,CE,Combined TRACON& Tower with Radar,10,37,14,73,134,0,3,13,7,23,10,40,27,80,157,0,6,6,163
05/10/2010,CRP,TX,ASW,CE,Combined TRACON& Tower with Radar,8,41,27,60,136,2,6,16,5,29,10,47,43,65,165,0,114,114,279
05/11/2010,CRP,TX,ASW,CE,Combined TRACON& Tower with Radar,9,42,50,50,151,1,9,19,11,40,10,51,69,61,191,0,106,106,297
05/12/2010,CRP,TX,ASW,CE,Combined TRACON& Tower with Radar,8,41,28,73,150,2,5,25,4,36,10,46,53,77,186,0,55,55,241
05/13/2010,CRP,TX,ASW,CE,Combined TRACON& Tower with Radar,9,45,34,44,132,1,9,8,6,24,10,54,42,50,156,20,12,32,188
05/14/2010,CRP,TX,ASW,CE,Combined TRACON& Tower with Radar,15,48,22,111,196,0,2,12,6,20,15,50,34,117,216,0,40,40,256
05/15/2010,CRP,TX,ASW,CE,Combined TRACON& Tower with Radar,11,28,20,40,99,0,4,21,39,64,11,32,41,79,163,26,206,232,395
05/16/2010,CRP,TX,ASW,CE,Combined TRACON& Tower with Radar,8,37,17,51,113,0,0,17,25,42,8,37,34,76,155,0,276,276,431
05/17/2010,CRP,TX,ASW,CE,Combined TRACON& Tower with Radar,9,41,34,56,140,0,2,28,9,39,9,43,62,65,179,2,112,114,293
05/18/2010,CRP,TX,ASW,CE,Combined TRACON& Tower with Radar,13,44,36,45,138,0,2,14,10,26,13,46,50,55,164,4,122,126,290
05/19/2010,CRP,TX,ASW,CE,Combined TRACON& Tower with Radar,8,41,41,81,171,2,11,32,14,59,10,52,73,95,230,0,184,184,414
05/20/2010,CRP,TX,ASW,CE,Combined TRACON& Tower with Radar,6,46,44,93,189,1,8,38,14,61,7,54,82,107,250,2,104,106,356
05/21/2010,CRP,TX,ASW,CE,Combined TRACON& Tower with Radar,13,49,46,58,166,0,9,28,17,54,13,58,74,75,220,0,0,0,220
05/22/2010,CRP,TX,ASW,CE,Combined TRACON& Tower with Radar,6,32,32,38,108,0,7,23,49,79,6,39,55,87,187,8,188,196,383
05/23/2010,CRP,TX,ASW,CE,Combined TRACON& Tower with Radar,8,39,20,48,115,0,1,20,18,39,8,40,40,66,154,0,114,114,268
05/24/2010,CRP,TX,ASW,CE,Combined TRACON& Tower with Radar,11,47,20,104,182,1,10,27,22,60,12,57,47,126,242,22,124,146,388
05/25/2010,CRP,TX,ASW,CE,Combined TRACON& Tower with Radar,10,36,25,47,118,0,2,8,4,14,10,38,33,51,132,36,204,240,372
05/26/2010,CRP,TX,ASW,CE,Combined TRACON& Tower with Radar,10,38,36,117,201,0,4,40,31,75,10,42,76,148,276,60,282,342,618
05/27/2010,CRP,TX,ASW,CE,Combined TRACON& Tower with Radar,12,47,29,80,168,0,6,49,19,74,12,53,78,99,242,16,164,180,422
05/28/2010,CRP,TX,ASW,CE,Combined TRACON& Tower with Radar,9,46,29,63,147,1,10,37,9,57,10,56,66,72,204,18,88,106,310
05/29/2010,CRP,TX,ASW,CE,Combined TRACON& Tower with Radar,8,28,8,15,59,0,8,22,13,43,8,36,30,28,102,0,74,74,176
05/30/2010,CRP,TX,ASW,CE,Combined TRACON& Tower with Radar,7,26,5,41,79,0,4,15,7,26,7,30,20,48,105,0,58,58,163
05/31/2010,CRP,TX,ASW,CE,Combined TRACON& Tower with Radar,7,38,10,34,89,0,11,36,18,65,7,49,46,52,154,0,168,168,322
06/01/2010,CRP,TX,ASW,CE,Combined TRACON& Tower with Radar,11,44,20,35,110,1,5,38,4,48,12,49,58,39,158,26,0,26,184
06/02/2010,CRP,TX,ASW,CE,Combined TRACON& Tower with Radar,12,53,40,57,162,2,9,35,18,64,14,62,75,75,226,44,120,164,390
06/03/2010,CRP,TX,ASW,CE,Combined TRACON& Tower with Radar,11,45,42,32,130,1,6,42,18,67,12,51,84,50,197,16,6,22,219
06/04/2010,CRP,TX,ASW,CE,Combined TRACON& Tower with Radar,10,45,38,59,152,0,10,44,16,70,10,55,82,75,222,38,30,68,290
06/05/2010,CRP,TX,ASW,CE,Combined TRACON& Tower with Radar,6,28,21,46,101,0,6,18,27,51,6,34,39,73,152,22,134,156,308
06/06/2010,CRP,TX,ASW,CE,Combined TRACON& Tower with Radar,11,33,16,72,132,0,0,13,29,42,11,33,29,101,174,22,316,338,512
06/07/2010,CRP,TX,ASW,CE,Combined TRACON& Tower with Radar,9,43,20,57,129,1,6,20,15,42,10,49,40,72,171,22,74,96,267
06/08/2010,CRP,TX,ASW,CE,Combined TRACON& Tower with Radar,10,45,33,55,143,0,9,15,18,42,10,54,48,73,185,18,78,96,281
06/09/2010,CRP,TX,ASW,CE,Combined TRACON& Tower with Radar,10,38,36,35,119,0,5,25,13,43,10,43,61,48,162,10,80,90,252
06/10/2010,CRP,TX,ASW,CE,Combined TRACON& Tower with Radar,12,51,32,59,154,0,5,24,13,42,12,56,56,72,196,24,102,126,322
06/11/2010,CRP,TX,ASW,CE,Combined TRACON& Tower with Radar,10,45,29,91,175,0,9,27,10,46,10,54,56,101,221,4,76,80,301
06/12/2010,CRP,TX,ASW,CE,Combined TRACON& Tower with Radar,6,32,12,35,85,0,12,16,14,42,6,44,28,49,127,30,58,88,215
06/13/2010,CRP,TX,ASW,CE,Combined TRACON& Tower with Radar,10,38,21,22,91,0,7,25,33,65,10,45,46,55,156,28,248,276,432
06/14/2010,CRP,TX,ASW,CE,Combined TRACON& Tower with Radar,10,46,14,53,123,0,5,18,12,35,10,51,32,65,158,76,52,128,286
06/15/2010,CRP,TX,ASW,CE,Combined TRACON& Tower with Radar,10,44,26,59,139,0,6,43,14,63,10,50,69,73,202,22,84,106,308
06/16/2010,CRP,TX,ASW,CE,Combined TRACON& Tower with Radar,9,50,17,27,103,1,5,36,15,57,10,55,53,42,160,102,142,244,404
06/17/2010,CRP,TX,ASW,CE,Combined TRACON& Tower with Radar,9,46,25,26,106,1,6,29,24,60,10,52,54,50,166,26,142,168,334
06/18/2010,CRP,TX,ASW,CE,Combined TRACON& Tower with Radar,9,45,31,36,121,1,4,27,12,44,10,49,58,48,165,0,42,42,207
06/19/2010,CRP,TX,ASW,CE,Combined TRACON& Tower with Radar,6,33,11,31,81,0,6,23,18,47,6,39,34,49,128,12,92,104,232
06/20/2010,CRP,TX,ASW,CE,Combined TRACON& Tower with Radar,8,39,18,29,94,0,12,19,30,61,8,51,37,59,155,20,208,228,383
06/21/2010,CRP,TX,ASW,CE,Combined TRACON& Tower with Radar,10,42,20,67,139,0,11,32,16,59,10,53,52,83,198,14,72,86,284
06/22/2010,CRP,TX,ASW,CE,Combined TRACON& Tower with Radar,10,44,19,42,115,0,10,41,10,61,10,54,60,52,176,32,114,146,322
06/23/2010,CRP,TX,ASW,CE,Combined TRACON& Tower with Radar,9,46,41,38,134,1,21,42,13,77,10,67,83,51,211,22,42,64,275
06/24/2010,CRP,TX,ASW,CE,Combined TRACON& Tower with Radar,10,48,41,36,135,0,14,33,8,55,10,62,74,44,190,14,58,72,262
06/25/2010,CRP,TX,ASW,CE,Combined TRACON& Tower with Radar,9,47,47,53,156,1,6,37,16,60,10,53,84,69,216,40,174,214,430
06/26/2010,CRP,TX,ASW,CE,Combined TRACON& Tower with Radar,7,38,20,30,95,0,9,38,11,58,7,47,58,41,153,116,60,176,329
06/27/2010,CRP,TX,ASW,CE,Combined TRACON& Tower with Radar,12,36,15,31,94,0,5,31,30,66,12,41,46,61,160,42,302,344,504
06/28/2010,CRP,TX,ASW,CE,Combined TRACON& Tower with Radar,10,40,34,38,122,0,5,20,10,35,10,45,54,48,157,0,0,0,157
06/29/2010,CRP,TX,ASW,CE,Combined TRACON& Tower with Radar,12,42,24,29,107,1,6,28,5,40,13,48,52,34,147,0,40,40,187
06/30/2010,CRP,TX,ASW,CE,Combined TRACON& Tower with Radar,8,39,4,1,52,0,0,5,1,6,8,39,9,2,58,0,0,0,58
07/01/2010,CRP,TX,ASW,CE,Combined TRACON& Tower with Radar,10,37,6,0,53,0,0,0,0,0,10,37,6,0,53,0,0,0,53
07/02/2010,CRP,TX,ASW,CE,Combined TRACON& Tower with Radar,9,35,14,28,86,0,1,4,1,6,9,36,18,29,92,2,0,2,94
07/03/2010,CRP,TX,ASW,CE,Combined TRACON& Tower with Radar,7,33,6,39,85,0,2,13,7,22,7,35,19,46,107,14,36,50,157
07/04/2010,CRP,TX,ASW,CE,Combined TRACON& Tower with Radar,5,31,8,20,64,0,7,16,17,40,5,38,24,37,104,6,82,88,192
07/05/2010,CRP,TX,ASW,CE,Combined TRACON& Tower with Radar,7,40,11,17,75,0,7,18,13,38,7,47,29,30,113,42,88,130,243
07/06/2010,CRP,TX,ASW,CE,Combined TRACON& Tower with Radar,10,43,30,42,125,0,4,28,6,38,10,47,58,48,163,20,4,24,187
07/07/2010,CRP,TX,ASW,CE,Combined TRACON& Tower with Radar,9,46,17,61,133,1,4,36,8,49,10,50,53,69,182,24,44,68,250
07/08/2010,CRP,TX,ASW,CE,Combined TRACON& Tower with Radar,12,37,20,14,83,0,2,3,5,10,12,39,23,19,93,6,0,6,99
07/09/2010,CRP,TX,ASW,CE,Combined TRACON& Tower with Radar,14,52,21,87,174,0,3,12,11,26,14,55,33,98,200,6,138,144,344
07/10/2010,CRP,TX,ASW,CE,Combined TRACON& Tower with Radar,6,33,15,54,108,0,5,30,29,64,6,38,45,83,172,44,234,278,450
07/11/2010,CRP,TX,ASW,CE,Combined TRACON& Tower with Radar,8,35,22,65,130,0,5,53,37,95,8,40,75,102,225,22,254,276,501
07/12/2010,CRP,TX,ASW,CE,Combined TRACON& Tower with Radar,13,43,20,78,154,1,7,27,24,59,14,50,47,102,213,8,156,164,377
07/13/2010,CRP,TX,ASW,CE,Combined TRACON& Tower with Radar,9,43,35,55,142,1,11,31,13,56,10,54,66,68,198,4,136,140,338
07/14/2010,CRP,TX,ASW,CE,Combined TRACON& Tower with Radar,9,38,25,88,160,1,14,38,18,71,10,52,63,106,231,0,254,254,485
07/15/2010,CRP,TX,ASW,CE,Combined TRACON& Tower with Radar,8,43,38,58,147,2,9,36,15,62,10,52,74,73,209,10,112,122,331
07/16/2010,CRP,TX,ASW,CE,Combined TRACON& Tower with Radar,8,50,28,95,181,2,6,40,15,63,10,56,68,110,244,18,92,110,354
07/17/2010,CRP,TX,ASW,CE,Combined TRACON& Tower with Radar,6,36,18,58,118,0,13,29,21,63,6,49,47,79,181,40,68,108,289
07/18/2010,CRP,TX,ASW,CE,Combined TRACON& Tower with Radar,8,39,11,50,108,0,5,16,21,42,8,44,27,71,150,0,2,2,152
07/19/2010,CRP,TX,ASW,CE,Combined TRACON& Tower with Radar,10,45,22,52,129,0,10,18,9,37,10,55,40,61,166,0,98,98,264
07/20/2010,CRP,TX,ASW,CE,Combined TRACON& Tower with Radar,9,43,36,58,146,1,9,57,19,86,10,52,93,77,232,58,146,204,436
07/21/2010,CRP,TX,ASW,CE,Combined TRACON& Tower with Radar,9,41,24,71,145,1,10,35,11,57,10,51,59,82,202,10,72,82,284
07/22/2010,CRP,TX,ASW,CE,Combined TRACON& Tower with Radar,9,49,17,61,136,1,7,18,17,43,10,56,35,78,179,10,82,92,271
07/23/2010,CRP,TX,ASW,CE,Combined TRACON& Tower with Radar,10,46,34,52,142,0,4,20,13,37,10,50,54,65,179,0,0,0,179
07/24/2010,CRP,TX,ASW,CE,Combined TRACON& Tower with Radar,6,33,22,61,122,0,1,42,17,60,6,34,64,78,182,34,96,130,312
07/25/2010,CRP,TX,ASW,CE,Combined TRACON& Tower with Radar,9,38,21,109,177,0,7,39,33,79,9,45,60,142,256,8,226,234,490
07/26/2010,CRP,TX,ASW,CE,Combined TRACON& Tower with Radar,20,49,24,51,144,0,5,18,20,43,20,54,42,71,187,8,82,90,277
07/27/2010,CRP,TX,ASW,CE,Combined TRACON& Tower with Radar,7,45,19,80,151,1,6,15,13,35,8,51,34,93,186,42,128,170,356
07/28/2010,CRP,TX,ASW,CE,Combined TRACON& Tower with Radar,6,49,24,66,145,1,12,18,8,39,7,61,42,74,184,0,23,23,207
07/29/2010,CRP,TX,ASW,CE,Combined TRACON& Tower with Radar,8,48,29,95,180,1,8,50,28,87,9,56,79,123,267,42,168,210,477
07/30/2010,CRP,TX,ASW,CE,Combined TRACON& Tower with Radar,10,54,30,51,145,0,5,37,20,62,10,59,67,71,207,14,170,184,391
07/31/2010,CRP,TX,ASW,CE,Combined TRACON& Tower with Radar,6,33,12,32,83,0,4,21,34,59,6,37,33,66,142,26,148,174,316
08/01/2010,CRP,TX,ASW,CE,Combined TRACON& Tower with Radar,8,37,10,37,92,0,6,37,36,79,8,43,47,73,171,8,250,258,429
08/02/2010,CRP,TX,ASW,CE,Combined TRACON& Tower with Radar,10,40,16,50,116,0,8,47,13,68,10,48,63,63,184,14,150,164,348
08/03/2010,CRP,TX,ASW,CE,Combined TRACON& Tower with Radar,10,41,18,79,148,0,6,30,13,49,10,47,48,92,197,8,102,110,307
08/04/2010,CRP,TX,ASW,CE,Combined TRACON& Tower with Radar,9,46,35,72,162,1,4,59,22,86,10,50,94,94,248,6,148,154,402
08/05/2010,CRP,TX,ASW,CE,Combined TRACON& Tower with Radar,9,44,39,54,146,0,3,30,11,44,9,47,69,65,190,30,62,92,282
08/06/2010,CRP,TX,ASW,CE,Combined TRACON& Tower with Radar,11,38,25,72,146,0,8,31,19,58,11,46,56,91,204,32,138,170,374
08/07/2010,CRP,TX,ASW,CE,Combined TRACON& Tower with Radar,8,34,11,50,103,0,5,22,16,43,8,39,33,66,146,38,164,202,348
08/08/2010,CRP,TX,ASW,CE,Combined TRACON& Tower with Radar,8,33,19,58,118,0,3,21,25,49,8,36,40,83,167,28,146,174,341
08/09/2010,CRP,TX,ASW,CE,Combined TRACON& Tower with Radar,7,39,20,63,129,3,8,38,12,61,10,47,58,75,190,4,110,114,304
08/10/2010,CRP,TX,ASW,CE,Combined TRACON& Tower with Radar,10,42,26,56,134,0,6,30,23,59,10,48,56,79,193,26,134,160,353
08/11/2010,CRP,TX,ASW,CE,Combined TRACON& Tower with Radar,12,44,34,50,140,0,5,27,18,50,12,49,61,68,190,14,116,130,320
08/12/2010,CRP,TX,ASW,CE,Combined TRACON& Tower with Radar,10,40,26,50,126,0,2,28,18,48,10,42,54,68,174,6,124,130,304
08/13/2010,CRP,TX,ASW,CE,Combined TRACON& Tower with Radar,9,48,15,41,113,1,6,36,32,75,10,54,51,73,188,4,138,142,330
08/14/2010,CRP,TX,ASW,CE,Combined TRACON& Tower with Radar,6,33,7,35,81,0,4,21,28,53,6,37,28,63,134,6,142,148,282
08/15/2010,CRP,TX,ASW,CE,Combined TRACON& Tower with Radar,8,38,28,31,105,0,3,23,21,47,8,41,51,52,152,0,166,166,318
08/16/2010,CRP,TX,ASW,CE,Combined TRACON& Tower with Radar,11,47,30,65,153,3,7,47,28,85,14,54,77,93,238,28,224,252,490
08/17/2010,CRP,TX,ASW,CE,Combined TRACON& Tower with Radar,10,39,30,82,161,0,12,41,25,78,10,51,71,107,239,32,156,188,427
08/18/2010,CRP,TX,ASW,CE,Combined TRACON& Tower with Radar,10,37,41,82,170,0,4,35,19,58,10,41,76,101,228,26,86,112,340
08/19/2010,CRP,TX,ASW,CE,Combined TRACON& Tower with Radar,9,42,32,78,161,1,10,26,18,55,10,52,58,96,216,18,156,174,390
08/20/2010,CRP,TX,ASW,CE,Combined TRACON& Tower with Radar,10,47,21,59,137,0,6,32,21,59,10,53,53,80,196,0,118,118,314
08/21/2010,CRP,TX,ASW,CE,Combined TRACON& Tower with Radar,6,37,6,66,115,0,11,37,18,66,6,48,43,84,181,0,18,18,199
08/22/2010,CRP,TX,ASW,CE,Combined TRACON& Tower with Radar,6,34,11,81,132,0,5,27,20,52,6,39,38,101,184,0,172,172,356
08/23/2010,CRP,TX,ASW,CE,Combined TRACON& Tower with Radar,10,41,24,91,166,0,4,38,31,73,10,45,62,122,239,0,180,180,419
08/24/2010,CRP,TX,ASW,CE,Combined TRACON& Tower with Radar,9,41,33,57,140,1,10,40,11,62,10,51,73,68,202,8,24,32,234
08/25/2010,CRP,TX,ASW,CE,Combined TRACON& Tower with Radar,9,48,28,92,177,1,17,36,17,71,10,65,64,109,248,0,0,0,248
08/26/2010,CRP,TX,ASW,CE,Combined TRACON& Tower with Radar,12,45,37,89,183,0,5,37,22,64,12,50,74,111,247,8,108,116,363
08/27/2010,CRP,TX,ASW,CE,Combined TRACON& Tower with Radar,10,42,23,75,150,0,10,33,13,56,10,52,56,88,206,8,94,102,308
08/28/2010,CRP,TX,ASW,CE,Combined TRACON& Tower with Radar,6,37,21,45,109,0,3,37,23,63,6,40,58,68,172,20,158,178,350
08/29/2010,CRP,TX,ASW,CE,Combined TRACON& Tower with Radar,8,35,24,50,117,0,0,15,29,44,8,35,39,79,161,12,212,224,385
08/30/2010,CRP,TX,ASW,CE,Combined TRACON& Tower with Radar,10,42,33,76,161,0,2,31,11,44,10,44,64,87,205,24,54,78,283
08/31/2010,CRP,TX,ASW,CE,Combined TRACON& Tower with Radar,10,43,27,76,156,0,3,36,16,55,10,46,63,92,211,30,136,166,377
09/01/2010,CRP,TX,ASW,CE,Combined TRACON& Tower with Radar,8,33,44,63,148,2,7,30,5,44,10,40,74,68,192,2,126,128,320
09/02/2010,CRP,TX,ASW,CE,Combined TRACON& Tower with Radar,9,42,23,78,152,1,5,25,18,49,10,47,48,96,201,4,86,90,291
09/03/2010,CRP,TX,ASW,CE,Combined TRACON& Tower with Radar,10,50,31,24,115,0,5,16,24,45,10,55,47,48,160,36,44,80,240
09/04/2010,CRP,TX,ASW,CE,Combined TRACON& Tower with Radar,6,35,23,34,98,0,3,29,12,44,6,38,52,46,142,6,36,42,184
09/05/2010,CRP,TX,ASW,CE,Combined TRACON& Tower with Radar,4,28,14,28,74,0,3,13,9,25,4,31,27,37,99,16,56,72,171
09/06/2010,CRP,TX,ASW,CE,Combined TRACON& Tower with Radar,8,38,23,3,72,0,0,6,1,7,8,38,29,4,79,0,0,0,79
09/07/2010,CRP,TX,ASW,CE,Combined TRACON& Tower with Radar,8,28,9,16,61,0,5,3,2,10,8,33,12,18,71,0,76,76,147
09/08/2010,CRP,TX,ASW,CE,Combined TRACON& Tower with Radar,12,38,28,23,101,0,4,12,6,22,12,42,40,29,123,0,49,49,172
09/09/2010,CRP,TX,ASW,CE,Combined TRACON& Tower with Radar,9,42,21,72,144,3,8,28,23,62,12,50,49,95,206,38,140,178,384
09/10/2010,CRP,TX,ASW,CE,Combined TRACON& Tower with Radar,10,45,28,107,190,0,10,44,14,68,10,55,72,121,258,6,108,114,372
09/11/2010,CRP,TX,ASW,CE,Combined TRACON& Tower with Radar,8,33,19,45,105,0,12,29,20,61,8,45,48,65,166,24,98,122,288
09/12/2010,CRP,TX,ASW,CE,Combined TRACON& Tower with Radar,6,37,12,73,128,0,13,22,20,55,6,50,34,93,183,4,34,38,221
09/13/2010,CRP,TX,ASW,CE,Combined TRACON& Tower with Radar,10,43,22,102,177,0,7,26,15,48,10,50,48,117,225,40,124,164,389
09/14/2010,CRP,TX,ASW,CE,Combined TRACON& Tower with Radar,9,39,26,71,145,1,4,24,14,43,10,43,50,85,188,4,226,230,418
09/15/2010,CRP,TX,ASW,CE,Combined TRACON& Tower with Radar,10,43,30,56,139,0,11,25,17,53,10,54,55,73,192,12,146,158,350
09/16/2010,CRP,TX,ASW,CE,Combined TRACON& Tower with Radar,14,49,28,68,159,0,9,37,12,58,14,58,65,80,217,0,58,58,275
09/17/2010,CRP,TX,ASW,CE,Combined TRACON& Tower with Radar,10,47,25,28,110,0,1,8,22,31,10,48,33,50,141,18,98,116,257
09/18/2010,CRP,TX,ASW,CE,Combined TRACON& Tower with Radar,6,32,6,13,57,0,0,0,2,2,6,32,6,15,59,0,0,0,59
09/19/2010,CRP,TX,ASW,CE,Combined TRACON& Tower with Radar,8,39,22,7,76,0,0,0,0,0,8,39,22,7,76,0,0,0,76
09/20/2010,CRP,TX,ASW,CE,Combined TRACON& Tower with Radar,11,46,25,25,107,1,1,2,0,4,12,47,27,25,111,0,28,28,139
09/21/2010,CRP,TX,ASW,CE,Combined TRACON& Tower with Radar,9,38,24,93,164,1,10,11,13,35,10,48,35,106,199,14,138,152,351
09/22/2010,CRP,TX,ASW,CE,Combined TRACON& Tower with Radar,10,46,32,36,124,0,1,6,2,9,10,47,38,38,133,0,28,28,161
09/23/2010,CRP,TX,ASW,CE,Combined TRACON& Tower with Radar,9,40,34,73,156,1,4,31,8,44,10,44,65,81,200,0,12,12,212
09/24/2010,CRP,TX,ASW,CE,Combined TRACON& Tower with Radar,10,43,21,70,144,0,6,25,11,42,10,49,46,81,186,0,40,40,226
09/25/2010,CRP,TX,ASW,CE,Combined TRACON& Tower with Radar,6,30,12,79,127,0,4,27,14,45,6,34,39,93,172,0,0,0,172
09/26/2010,CRP,TX,ASW,CE,Combined TRACON& Tower with Radar,8,39,15,63,125,0,9,21,20,50,8,48,36,83,175,6,118,124,299
09/27/2010,CRP,TX,ASW,CE,Combined TRACON& Tower with Radar,10,39,14,88,151,0,12,31,8,51,10,51,45,96,202,0,64,64,266
09/28/2010,CRP,TX,ASW,CE,Combined TRACON& Tower with Radar,11,38,54,67,170,1,6,46,5,58,12,44,100,72,228,28,62,90,318
09/29/2010,CRP,TX,ASW,CE,Combined TRACON& Tower with Radar,12,36,46,66,160,0,6,57,8,71,12,42,103,74,231,4,120,124,355
09/30/2010,CRP,TX,ASW,CE,Combined TRACON& Tower with Radar,9,46,28,42,125,1,11,58,15,85,10,57,86,57,210,26,44,70,280
10/01/2010,CRP,TX,ASW,CE,Combined TRACON& Tower with Radar,14,46,33,40,133,0,11,53,9,73,14,57,86,49,206,20,42,62,268
10/02/2010,CRP,TX,ASW,CE,Combined TRACON& Tower with Radar,6,30,19,36,91,0,6,39,13,58,6,36,58,49,149,26,118,144,293
10/03/2010,CRP,TX,ASW,CE,Combined TRACON& Tower with Radar,8,37,12,30,87,0,4,22,12,38,8,41,34,42,125,2,72,74,199
10/04/2010,CRP,TX,ASW,CE,Combined TRACON& Tower with Radar,9,43,20,51,123,1,6,33,11,51,10,49,53,62,174,0,56,56,230
10/05/2010,CRP,TX,ASW,CE,Combined TRACON& Tower with Radar,9,43,25,70,147,1,8,51,8,68,10,51,76,78,215,0,58,58,273
10/06/2010,CRP,TX,ASW,CE,Combined TRACON& Tower with Radar,9,40,31,83,163,1,17,43,4,65,10,57,74,87,228,0,66,66,294
10/07/2010,CRP,TX,ASW,CE,Combined TRACON& Tower with Radar,9,45,21,58,133,1,9,33,10,53,10,54,54,68,186,16,44,60,246
10/08/2010,CRP,TX,ASW,CE,Combined TRACON& Tower with Radar,9,44,17,60,130,1,6,31,8,46,10,50,48,68,176,2,28,30,206
10/09/2010,CRP,TX,ASW,CE,Combined TRACON& Tower with Radar,6,30,13,22,71,0,4,32,11,47,6,34,45,33,118,0,44,44,162
10/10/2010,CRP,TX,ASW,CE,Combined TRACON& Tower with Radar,8,36,22,24,90,0,6,28,14,48,8,42,50,38,138,30,16,46,184
10/11/2010,CRP,TX,ASW,CE,Combined TRACON& Tower with Radar,10,41,21,39,111,0,5,16,11,32,10,46,37,50,143,0,62,62,205
10/12/2010,CRP,TX,ASW,CE,Combined TRACON& Tower with Radar,8,38,41,51,138,1,9,31,8,49,9,47,72,59,187,0,64,64,251
10/13/2010,CRP,TX,ASW,CE,Combined TRACON& Tower with Radar,10,43,35,34,122,1,7,39,7,54,11,50,74,41,176,4,38,42,218
10/14/2010,CRP,TX,ASW,CE,Combined TRACON& Tower with Radar,10,51,25,51,137,0,3,49,12,64,10,54,74,63,201,20,84,104,305
10/15/2010,CRP,TX,ASW,CE,Combined TRACON& Tower with Radar,10,42,24,68,144,0,7,47,13,67,10,49,71,81,211,24,80,104,315
10/16/2010,CRP,TX,ASW,CE,Combined TRACON& Tower with Radar,6,30,7,48,91,0,19,41,12,72,6,49,48,60,163,12,134,146,309
10/17/2010,CRP,TX,ASW,CE,Combined TRACON& Tower with Radar,8,39,4,41,92,0,4,39,16,59,8,43,43,57,151,0,134,134,285
10/18/2010,CRP,TX,ASW,CE,Combined TRACON& Tower with Radar,10,44,18,45,117,0,9,35,13,57,10,53,53,58,174,4,134,138,312
10/19/2010,CRP,TX,ASW,CE,Combined TRACON& Tower with Radar,10,38,22,47,117,0,11,24,15,50,10,49,46,62,167,26,82,108,275
10/20/2010,CRP,TX,ASW,CE,Combined TRACON& Tower with Radar,9,40,24,56,129,1,12,32,13,58,10,52,56,69,187,0,122,122,309
10/21/2010,CRP,TX,ASW,CE,Combined TRACON& Tower with Radar,9,44,38,71,162,1,14,29,20,64,10,58,67,91,226,0,110,110,336
10/22/2010,CRP,TX,ASW,CE,Combined TRACON& Tower with Radar,9,46,19,63,137,1,6,30,8,45,10,52,49,71,182,0,110,110,292
10/23/2010,CRP,TX,ASW,CE,Combined TRACON& Tower with Radar,6,28,12,46,92,0,5,16,13,34,6,33,28,59,126,0,154,154,280
10/24/2010,CRP,TX,ASW,CE,Combined TRACON& Tower with Radar,10,36,12,44,102,0,10,29,12,51,10,46,41,56,153,0,74,74,227
10/25/2010,CRP,TX,ASW,CE,Combined TRACON& Tower with Radar,10,41,20,82,153,0,4,23,22,49,10,45,43,104,202,6,262,268,470
10/26/2010,CRP,TX,ASW,CE,Combined TRACON& Tower with Radar,9,43,35,69,156,2,8,30,24,64,11,51,65,93,220,6,134,140,360
10/27/2010,CRP,TX,ASW,CE,Combined TRACON& Tower with Radar,16,42,39,83,180,1,2,29,22,54,17,44,68,105,234,8,204,212,446
10/28/2010,CRP,TX,ASW,CE,Combined TRACON& Tower with Radar,10,53,36,57,156,0,5,16,9,30,10,58,52,66,186,4,94,98,284
10/29/2010,CRP,TX,ASW,CE,Combined TRACON& Tower with Radar,10,41,27,58,136,0,10,42,13,65,10,51,69,71,201,22,172,194,395
10/30/2010,CRP,TX,ASW,CE,Combined TRACON& Tower with Radar,6,30,11,16,63,0,9,51,9,69,6,39,62,25,132,46,34,80,212
10/31/2010,CRP,TX,ASW,CE,Combined TRACON& Tower with Radar,10,37,20,17,84,0,2,19,6,27,10,39,39,23,111,0,18,18,129
11/01/2010,CRP,TX,ASW,CE,Combined TRACON& Tower with Radar,12,45,31,64,152,0,3,18,13,34,12,48,49,77,186,12,144,156,342
11/02/2010,CRP,TX,ASW,CE,Combined TRACON& Tower with Radar,11,35,27,59,132,1,9,19,11,40,12,44,46,70,172,14,104,118,290
11/03/2010,CRP,TX,ASW,CE,Combined TRACON& Tower with Radar,11,49,32,61,153,1,4,21,9,35,12,53,53,70,188,0,181,181,369
11/04/2010,CRP,TX,ASW,CE,Combined TRACON& Tower with Radar,9,52,27,63,151,1,10,31,30,72,10,62,58,93,223,2,112,114,337
11/05/2010,CRP,TX,ASW,CE,Combined TRACON& Tower with Radar,8,41,36,60,145,1,15,52,4,72,9,56,88,64,217,28,28,56,273
11/06/2010,CRP,TX,ASW,CE,Combined TRACON& Tower with Radar,11,31,13,42,97,0,6,28,10,44,11,37,41,52,141,16,100,116,257
11/07/2010,CRP,TX,ASW,CE,Combined TRACON& Tower with Radar,10,37,18,73,138,0,12,32,10,54,10,49,50,83,192,14,74,88,280
11/08/2010,CRP,TX,ASW,CE,Combined TRACON& Tower with Radar,10,43,19,52,124,0,2,44,9,55,10,45,63,61,179,34,6,40,219
11/09/2010,CRP,TX,ASW,CE,Combined TRACON& Tower with Radar,8,42,21,38,109,2,5,34,9,50,10,47,55,47,159,10,48,58,217
11/10/2010,CRP,TX,ASW,CE,Combined TRACON& Tower with Radar,7,38,36,36,117,2,8,40,28,78,9,46,76,64,195,0,48,48,243
11/11/2010,CRP,TX,ASW,CE,Combined TRACON& Tower with Radar,11,46,39,38,134,0,7,35,30,72,11,53,74,68,206,26,102,128,334
11/12/2010,CRP,TX,ASW,CE,Combined TRACON& Tower with Radar,11,44,21,62,138,1,10,43,23,77,12,54,64,85,215,12,96,108,323
11/13/2010,CRP,TX,ASW,CE,Combined TRACON& Tower with Radar,6,32,23,43,104,0,4,30,17,51,6,36,53,60,155,0,0,0,155
11/14/2010,CRP,TX,ASW,CE,Combined TRACON& Tower with Radar,8,40,24,34,106,0,1,8,6,15,8,41,32,40,121,0,0,0,121
11/15/2010,CRP,TX,ASW,CE,Combined TRACON& Tower with Radar,11,45,40,95,191,1,5,20,5,31,12,50,60,100,222,0,32,32,254
11/16/2010,CRP,TX,ASW,CE,Combined TRACON& Tower with Radar,9,40,28,65,142,1,5,52,19,77,10,45,80,84,219,14,190,204,423
11/17/2010,CRP,TX,ASW,CE,Combined TRACON& Tower with Radar,8,48,42,59,157,2,10,46,20,78,10,58,88,79,235,14,166,180,415
11/18/2010,CRP,TX,ASW,CE,Combined TRACON& Tower with Radar,9,50,44,97,200,0,4,27,1,32,9,54,71,98,232,20,50,70,302
11/19/2010,CRP,TX,ASW,CE,Combined TRACON& Tower with Radar,8,46,29,62,145,1,12,54,10,77,9,58,83,72,222,34,94,128,350
11/20/2010,CRP,TX,ASW,CE,Combined TRACON& Tower with Radar,7,35,24,53,119,0,2,41,19,62,7,37,65,72,181,32,82,114,295
11/21/2010,CRP,TX,ASW,CE,Combined TRACON& Tower with Radar,8,42,26,78,154,0,5,21,27,53,8,47,47,105,207,14,74,88,295
11/22/2010,CRP,TX,ASW,CE,Combined TRACON& Tower with Radar,10,39,36,126,211,0,0,19,12,31,10,39,55,138,242,20,96,116,358
11/23/2010,CRP,TX,ASW,CE,Combined TRACON& Tower with Radar,8,53,37,69,167,2,8,19,14,43,10,61,56,83,210,0,94,94,304
11/24/2010,CRP,TX,ASW,CE,Combined TRACON& Tower with Radar,10,47,19,15,91,0,5,18,3,26,10,52,37,18,117,0,0,0,117
11/25/2010,CRP,TX,ASW,CE,Combined TRACON& Tower with Radar,6,27,6,0,39,0,5,3,0,8,6,32,9,0,47,0,0,0,47
11/26/2010,CRP,TX,ASW,CE,Combined TRACON& Tower with Radar,8,33,13,10,64,0,9,14,8,31,8,42,27,18,95,2,38,40,135
11/27/2010,CRP,TX,ASW,CE,Combined TRACON& Tower with Radar,8,31,11,5,55,0,0,31,8,39,8,31,42,13,94,12,40,52,146
11/28/2010,CRP,TX,ASW,CE,Combined TRACON& Tower with Radar,11,41,11,15,78,0,3,13,3,19,11,44,24,18,97,0,24,24,121
11/29/2010,CRP,TX,ASW,CE,Combined TRACON& Tower with Radar,10,48,35,105,198,0,9,30,15,54,10,57,65,120,252,0,0,0,252
11/30/2010,CRP,TX,ASW,CE,Combined TRACON& Tower with Radar,9,45,19,81,154,2,9,29,17,57,11,54,48,98,211,0,242,242,453
12/01/2010,CRP,TX,ASW,CE,Combined TRACON& Tower with Radar,11,49,31,71,162,1,11,49,33,94,12,60,80,104,256,8,172,180,436
12/02/2010,CRP,TX,ASW,CE,Combined TRACON& Tower with Radar,12,49,30,104,195,0,6,37,12,55,12,55,67,116,250,4,88,92,342
12/03/2010,CRP,TX,ASW,CE,Combined TRACON& Tower with Radar,10,49,21,70,150,2,6,32,21,61,12,55,53,91,211,2,64,66,277
12/04/2010,CRP,TX,ASW,CE,Combined TRACON& Tower with Radar,8,33,19,46,106,0,1,32,39,72,8,34,51,85,178,2,226,228,406
12/05/2010,CRP,TX,ASW,CE,Combined TRACON& Tower with Radar,8,38,16,72,134,0,2,28,29,59,8,40,44,101,193,0,172,172,365
12/06/2010,CRP,TX,ASW,CE,Combined TRACON& Tower with Radar,8,49,14,93,164,1,4,15,12,32,9,53,29,105,196,0,174,174,370
12/07/2010,CRP,TX,ASW,CE,Combined TRACON& Tower with Radar,9,46,29,130,214,2,9,20,12,43,11,55,49,142,257,34,158,192,449
12/08/2010,CRP,TX,ASW,CE,Combined TRACON& Tower with Radar,10,38,40,72,160,0,9,31,6,46,10,47,71,78,206,0,0,0,206
12/09/2010,CRP,TX,ASW,CE,Combined TRACON& Tower with Radar,9,48,45,92,194,1,10,40,6,57,10,58,85,98,251,0,0,0,251
12/10/2010,CRP,TX,ASW,CE,Combined TRACON& Tower with Radar,10,45,29,64,148,0,9,28,20,57,10,54,57,84,205,14,188,202,407
12/11/2010,CRP,TX,ASW,CE,Combined TRACON& Tower with Radar,9,43,11,45,108,0,5,19,29,53,9,48,30,74,161,0,148,148,309
12/12/2010,CRP,TX,ASW,CE,Combined TRACON& Tower with Radar,10,43,15,53,121,0,6,23,21,50,10,49,38,74,171,48,154,202,373
12/13/2010,CRP,TX,ASW,CE,Combined TRACON& Tower with Radar,12,45,19,100,176,1,7,39,6,53,13,52,58,106,229,46,54,100,329
12/14/2010,CRP,TX,ASW,CE,Combined TRACON& Tower with Radar,9,42,27,95,173,1,6,28,25,60,10,48,55,120,233,46,292,338,571
12/15/2010,CRP,TX,ASW,CE,Combined TRACON& Tower with Radar,9,44,30,105,188,3,4,41,18,66,12,48,71,123,254,0,158,158,412
12/16/2010,CRP,TX,ASW,CE,Combined TRACON& Tower with Radar,10,49,25,102,186,0,10,29,8,47,10,59,54,110,233,14,84,98,331
12/17/2010,CRP,TX,ASW,CE,Combined TRACON& Tower with Radar,10,48,30,122,210,0,6,20,15,41,10,54,50,137,251,20,50,70,321
12/18/2010,CRP,TX,ASW,CE,Combined TRACON& Tower with Radar,8,37,14,65,124,0,9,48,20,77,8,46,62,85,201,30,60,90,291
12/19/2010,CRP,TX,ASW,CE,Combined TRACON& Tower with Radar,8,38,16,67,129,0,3,33,20,56,8,41,49,87,185,4,256,260,445
12/20/2010,CRP,TX,ASW,CE,Combined TRACON& Tower with Radar,10,50,19,85,164,0,4,19,12,35,10,54,38,97,199,0,120,120,319
12/21/2010,CRP,TX,ASW,CE,Combined TRACON& Tower with Radar,10,52,40,88,190,0,11,22,11,44,10,63,62,99,234,0,178,178,412
12/22/2010,CRP,TX,ASW,CE,Combined TRACON& Tower with Radar,10,49,25,67,151,0,3,18,7,28,10,52,43,74,179,0,0,0,179
12/23/2010,CRP,TX,ASW,CE,Combined TRACON& Tower with Radar,10,53,23,7,93,0,0,14,0,14,10,53,37,7,107,0,0,0,107
12/24/2010,CRP,TX,ASW,CE,Combined TRACON& Tower with Radar,6,45,13,0,64,0,0,2,1,3,6,45,15,1,67,0,8,8,75
12/25/2010,CRP,TX,ASW,CE,Combined TRACON& Tower with Radar,4,31,7,0,42,0,1,6,0,7,4,32,13,0,49,6,0,6,55
12/26/2010,CRP,TX,ASW,CE,Combined TRACON& Tower with Radar,7,36,16,0,59,0,2,29,0,31,7,38,45,0,90,12,0,12,102
12/27/2010,CRP,TX,ASW,CE,Combined TRACON& Tower with Radar,11,44,23,13,91,0,7,33,0,40,11,51,56,13,131,14,0,14,145
12/28/2010,CRP,TX,ASW,CE,Combined TRACON& Tower with Radar,9,52,28,35,124,0,2,23,3,28,9,54,51,38,152,0,30,30,182
12/29/2010,CRP,TX,ASW,CE,Combined TRACON& Tower with Radar,15,43,24,26,108,0,3,14,5,22,15,46,38,31,130,0,0,0,130
12/30/2010,CRP,TX,ASW,CE,Combined TRACON& Tower with Radar,11,43,20,27,101,0,1,14,3,18,11,44,34,30,119,0,48,48,167
12/31/2010,CRP,TX,ASW,CE,Combined TRACON& Tower with Radar,7,42,19,0,68,0,4,22,0,26,7,46,41,0,94,38,0,38,132
01/01/2011,CRP,TX,ASW,CE,Combined TRACON& Tower with Radar,4,29,5,0,38,0,11,15,0,26,4,40,20,0,64,8,0,8,72
01/02/2011,CRP,TX,ASW,CE,Combined TRACON& Tower with Radar,7,36,20,9,72,0,8,26,0,34,7,44,46,9,106,8,0,8,114
01/03/2011,CRP,TX,ASW,CE,Combined TRACON& Tower with Radar,11,43,17,39,110,0,17,25,4,46,11,60,42,43,156,0,88,88,244
01/04/2011,CRP,TX,ASW,CE,Combined TRACON& Tower with Radar,9,38,42,76,165,0,5,0,0,5,9,43,42,76,170,0,0,0,170
01/05/2011,CRP,TX,ASW,CE,Combined TRACON& Tower with Radar,9,36,40,103,188,2,5,29,14,50,11,41,69,117,238,2,146,148,386
01/06/2011,CRP,TX,ASW,CE,Combined TRACON& Tower with Radar,9,44,29,85,167,1,10,62,3,76,10,54,91,88,243,0,0,0,243
01/07/2011,CRP,TX,ASW,CE,Combined TRACON& Tower with Radar,8,44,23,119,194,1,4,60,12,77,9,48,83,131,271,30,42,72,343
01/08/2011,CRP,TX,ASW,CE,Combined TRACON& Tower with Radar,7,30,22,67,126,0,0,5,6,11,7,30,27,73,137,4,34,38,175
01/09/2011,CRP,TX,ASW,CE,Combined TRACON& Tower with Radar,8,26,16,41,91,0,3,10,14,27,8,29,26,55,118,2,24,26,144
01/10/2011,CRP,TX,ASW,CE,Combined TRACON& Tower with Radar,10,40,20,126,196,0,3,3,1,7,10,43,23,127,203,0,0,0,203
01/11/2011,CRP,TX,ASW,CE,Combined TRACON& Tower with Radar,10,38,39,148,235,0,2,11,16,29,10,40,50,164,264,4,104,108,372
01/12/2011,CRP,TX,ASW,CE,Combined TRACON& Tower with Radar,10,39,32,122,203,0,3,26,15,44,10,42,58,137,247,0,80,80,327
01/13/2011,CRP,TX,ASW,CE,Combined TRACON& Tower with Radar,10,37,44,100,191,0,9,29,7,45,10,46,73,107,236,0,62,62,298
01/14/2011,CRP,TX,ASW,CE,Combined TRACON& Tower with Radar,10,43,44,74,171,0,5,5,1,11,10,48,49,75,182,0,0,0,182
01/15/2011,CRP,TX,ASW,CE,Combined TRACON& Tower with Radar,4,28,9,33,74,0,0,1,2,3,4,28,10,35,77,0,0,0,77
01/16/2011,CRP,TX,ASW,CE,Combined TRACON& Tower with Radar,8,36,34,52,130,0,0,5,7,12,8,36,39,59,142,0,0,0,142
01/17/2011,CRP,TX,ASW,CE,Combined TRACON& Tower with Radar,13,43,36,31,123,0,0,4,1,5,13,43,40,32,128,0,0,0,128
01/18/2011,CRP,TX,ASW,CE,Combined TRACON& Tower with Radar,11,38,30,70,149,0,4,35,7,46,11,42,65,77,195,12,34,46,241
01/19/2011,CRP,TX,ASW,CE,Combined TRACON& Tower with Radar,9,39,35,107,190,1,9,44,30,84,10,48,79,137,274,0,208,208,482
01/20/2011,CRP,TX,ASW,CE,Combined TRACON& Tower with Radar,11,45,45,63,164,1,6,9,10,26,12,51,54,73,190,0,28,28,218
01/21/2011,CRP,TX,ASW,CE,Combined TRACON& Tower with Radar,9,45,20,100,174,1,9,57,43,110,10,54,77,143,284,0,140,140,424
01/22/2011,CRP,TX,ASW,CE,Combined TRACON& Tower with Radar,4,29,25,38,96,0,7,58,42,107,4,36,83,80,203,0,0,0,203
01/23/2011,CRP,TX,ASW,CE,Combined TRACON& Tower with Radar,10,36,23,33,102,0,3,14,11,28,10,39,37,44,130,0,0,0,130
01/24/2011,CRP,TX,ASW,CE,Combined TRACON& Tower with Radar,10,45,34,77,166,0,6,7,5,18,10,51,41,82,184,0,100,100,284
01/25/2011,CRP,TX,ASW,CE,Combined TRACON& Tower with Radar,11,40,24,99,174,1,17,37,16,71,12,57,61,115,245,24,138,162,407
01/26/2011,CRP,TX,ASW,CE,Combined TRACON& Tower with Radar,8,48,33,80,169,2,4,65,23,94,10,52,98,103,263,0,116,116,379
01/27/2011,CRP,TX,ASW,CE,Combined TRACON& Tower with Radar,10,40,30,106,186,0,12,51,19,82,10,52,81,125,268,24,88,112,380
01/28/2011,CRP,TX,ASW,CE,Combined TRACON& Tower with Radar,10,49,18,67,144,0,15,39,15,69,10,64,57,82,213,0,0,0,213
01/29/2011,CRP,TX,ASW,CE,Combined TRACON& Tower with Radar,4,28,17,67,116,0,1,30,37,68,4,29,47,104,184,0,114,114,298
01/30/2011,CRP,TX,ASW,CE,Combined TRACON& Tower with Radar,8,40,18,91,157,0,5,19,23,47,8,45,37,114,204,0,138,138,342
01/31/2011,CRP,TX,ASW,CE,Combined TRACON& Tower with Radar,9,47,38,103,197,1,5,14,5,25,10,52,52,108,222,0,60,60,282
02/01/2011,CRP,TX,ASW,CE,Combined TRACON& Tower with Radar,8,26,21,94,149,0,11,5,19,35,8,37,26,113,184,0,314,314,498
02/02/2011,CRP,TX,ASW,CE,Combined TRACON& Tower with Radar,11,23,38,87,159,0,14,11,12,37,11,37,49,99,196,0,220,220,416
02/03/2011,CRP,TX,ASW,CE,Combined TRACON& Tower with Radar,4,27,15,4,50,0,4,2,0,6,4,31,17,4,56,6,0,6,62
02/04/2011,CRP,TX,ASW,CE,Combined TRACON& Tower with Radar,8,7,10,2,27,0,12,10,0,22,8,19,20,2,49,0,0,0,49
02/05/2011,CRP,TX,ASW,CE,Combined TRACON& Tower with Radar,7,28,13,51,99,0,4,43,13,60,7,32,56,64,159,6,112,118,277
02/06/2011,CRP,TX,ASW,CE,Combined TRACON& Tower with Radar,8,34,7,33,82,0,2,32,13,47,8,36,39,46,129,0,0,0,129
02/07/2011,CRP,TX,ASW,CE,Combined TRACON& Tower with Radar,10,41,28,61,140,0,5,24,12,41,10,46,52,73,181,2,144,146,327
02/08/2011,CRP,TX,ASW,CE,Combined TRACON& Tower with Radar,13,41,19,78,151,1,5,28,19,53,14,46,47,97,204,8,276,284,488
02/09/2011,CRP,TX,ASW,CE,Combined TRACON& Tower with Radar,8,36,18,59,121,2,2,3,3,10,10,38,21,62,131,2,64,66,197
02/10/2011,CRP,TX,ASW,CE,Combined TRACON& Tower with Radar,7,39,18,67,131,1,7,26,13,47,8,46,44,80,178,0,138,138,316
02/11/2011,CRP,TX,ASW,CE,Combined TRACON& Tower with Radar,12,44,17,60,133,0,11,53,15,79,12,55,70,75,212,20,52,72,284
02/12/2011,CRP,TX,ASW,CE,Combined TRACON& Tower with Radar,4,30,15,86,135,0,5,43,23,71,4,35,58,109,206,14,148,162,368
02/13/2011,CRP,TX,ASW,CE,Combined TRACON& Tower with Radar,8,39,3,70,120,0,6,32,16,54,8,45,35,86,174,20,142,162,336
02/14/2011,CRP,TX,ASW,CE,Combined TRACON& Tower with Radar,10,46,13,97,166,0,5,29,13,47,10,51,42,110,213,14,246,260,473
02/15/2011,CRP,TX,ASW,CE,Combined TRACON& Tower with Radar,12,40,36,73,161,0,5,30,9,44,12,45,66,82,205,14,150,164,369
02/16/2011,CRP,TX,ASW,CE,Combined TRACON& Tower with Radar,9,40,45,80,174,1,10,23,4,38,10,50,68,84,212,4,84,88,300
02/17/2011,CRP,TX,ASW,CE,Combined TRACON& Tower with Radar,10,47,31,100,188,1,7,23,10,41,11,54,54,110,229,0,34,34,263
02/18/2011,CRP,TX,ASW,CE,Combined TRACON& Tower with Radar,8,45,26,101,180,0,6,33,23,62,8,51,59,124,242,8,144,152,394
02/19/2011,CRP,TX,ASW,CE,Combined TRACON& Tower with Radar,6,28,35,39,108,0,2,15,7,24,6,30,50,46,132,12,0,12,144
02/20/2011,CRP,TX,ASW,CE,Combined TRACON& Tower with Radar,8,33,27,38,106,0,4,12,2,18,8,37,39,40,124,0,30,30,154
02/21/2011,CRP,TX,ASW,CE,Combined TRACON& Tower with Radar,10,42,37,59,148,0,1,24,7,32,10,43,61,66,180,0,44,44,224
02/22/2011,CRP,TX,ASW,CE,Combined TRACON& Tower with Radar,10,48,39,40,137,1,4,9,4,18,11,52,48,44,155,36,4,40,195
02/23/2011,CRP,TX,ASW,CE,Combined TRACON& Tower with Radar,10,42,31,86,169,0,7,23,11,41,10,49,54,97,210,18,38,56,266
02/24/2011,CRP,TX,ASW,CE,Combined TRACON& Tower with Radar,11,44,43,124,222,0,7,10,25,42,11,51,53,149,264,0,110,110,374
02/25/2011,CRP,TX,ASW,CE,Combined TRACON& Tower with Radar,11,40,22,106,179,0,4,64,10,78,11,44,86,116,257,0,86,86,343
02/26/2011,CRP,TX,ASW,CE,Combined TRACON& Tower with Radar,4,26,28,62,120,0,2,6,1,9,4,28,34,63,129,0,12,12,141
02/27/2011,CRP,TX,ASW,CE,Combined TRACON& Tower with Radar,7,38,9,83,137,1,5,9,9,24,8,43,18,92,161,0,62,62,223
02/28/2011,CRP,TX,ASW,CE,Combined TRACON& Tower with Radar,7,38,24,98,167,1,10,32,14,57,8,48,56,112,224,0,204,204,428
03/01/2011,CRP,TX,ASW,CE,Combined TRACON& Tower with Radar,8,42,25,72,147,1,6,72,9,88,9,48,97,81,235,12,46,58,293
03/02/2011,CRP,TX,ASW,CE,Combined TRACON& Tower with Radar,11,40,33,63,147,0,3,45,18,66,11,43,78,81,213,18,70,88,301
03/03/2011,CRP,TX,ASW,CE,Combined TRACON& Tower with Radar,10,45,33,84,172,0,11,45,8,64,10,56,78,92,236,0,72,72,308
03/04/2011,CRP,TX,ASW,CE,Combined TRACON& Tower with Radar,9,45,36,53,143,1,10,19,15,45,10,55,55,68,188,36,14,50,238
03/05/2011,CRP,TX,ASW,CE,Combined TRACON& Tower with Radar,7,29,3,66,105,0,2,4,15,21,7,31,7,81,126,0,0,0,126
03/06/2011,CRP,TX,ASW,CE,Combined TRACON& Tower with Radar,8,35,10,62,115,0,6,64,19,89,8,41,74,81,204,0,16,16,220
03/07/2011,CRP,TX,ASW,CE,Combined TRACON& Tower with Radar,10,43,34,93,180,0,7,32,14,53,10,50,66,107,233,0,214,214,447
03/08/2011,CRP,TX,ASW,CE,Combined TRACON& Tower with Radar,10,42,34,87,173,0,2,11,6,19,10,44,45,93,192,4,66,70,262
03/09/2011,CRP,TX,ASW,CE,Combined TRACON& Tower with Radar,10,38,41,48,137,0,10,26,19,55,10,48,67,67,192,2,146,148,340
03/10/2011,CRP,TX,ASW,CE,Combined TRACON& Tower with Radar,8,43,34,106,191,0,12,54,13,79,8,55,88,119,270,34,156,190,460
03/11/2011,CRP,TX,ASW,CE,Combined TRACON& Tower with Radar,11,45,27,111,194,0,10,69,20,99,11,55,96,131,293,4,30,34,327
03/12/2011,CRP,TX,ASW,CE,Combined TRACON& Tower with Radar,6,32,16,44,98,0,9,18,16,43,6,41,34,60,141,0,50,50,191
03/13/2011,CRP,TX,ASW,CE,Combined TRACON& Tower with Radar,8,34,22,53,117,0,7,10,6,23,8,41,32,59,140,0,110,110,250
03/14/2011,CRP,TX,ASW,CE,Combined TRACON& Tower with Radar,10,39,33,45,127,0,3,9,4,16,10,42,42,49,143,8,50,58,201
03/15/2011,CRP,TX,ASW,CE,Combined TRACON& Tower with Radar,8,35,25,77,145,0,7,20,2,29,8,42,45,79,174,24,34,58,232
03/16/2011,CRP,TX,ASW,CE,Combined TRACON& Tower with Radar,10,40,33,71,154,0,14,18,5,37,10,54,51,76,191,2,144,146,337
03/17/2011,CRP,TX,ASW,CE,Combined TRACON& Tower with Radar,10,43,35,103,191,0,7,26,14,47,10,50,61,117,238,0,98,98,336
03/18/2011,CRP,TX,ASW,CE,Combined TRACON& Tower with Radar,10,46,18,114,188,0,2,22,12,36,10,48,40,126,224,0,0,0,224
03/19/2011,CRP,TX,ASW,CE,Combined TRACON& Tower with Radar,6,31,19,118,174,0,3,8,11,22,6,34,27,129,196,0,34,34,230
03/20/2011,CRP,TX,ASW,CE,Combined TRACON& Tower with Radar,8,38,27,75,148,0,10,19,15,44,8,48,46,90,192,0,186,186,378
03/21/2011,CRP,TX,ASW,CE,Combined TRACON& Tower with Radar,10,40,28,92,170,0,7,25,13,45,10,47,53,105,215,0,122,122,337
03/22/2011,CRP,TX,ASW,CE,Combined TRACON& Tower with Radar,8,43,45,54,150,1,8,14,5,28,9,51,59,59,178,0,28,28,206
03/23/2011,CRP,TX,ASW,CE,Combined TRACON& Tower with Radar,10,39,34,84,167,1,11,25,12,49,11,50,59,96,216,0,94,94,310
03/24/2011,CRP,TX,ASW,CE,Combined TRACON& Tower with Radar,8,39,25,114,186,0,11,20,7,38,8,50,45,121,224,8,174,182,406
03/25/2011,CRP,TX,ASW,CE,Combined TRACON& Tower with Radar,11,44,26,81,162,0,4,32,10,46,11,48,58,91,208,0,44,44,252
03/26/2011,CRP,TX,ASW,CE,Combined TRACON& Tower with Radar,8,28,12,57,105,0,11,27,13,51,8,39,39,70,156,0,38,38,194
03/27/2011,CRP,TX,ASW,CE,Combined TRACON& Tower with Radar,7,37,20,33,97,0,5,9,18,32,7,42,29,51,129,50,244,294,423
03/28/2011,CRP,TX,ASW,CE,Combined TRACON& Tower with Radar,11,45,28,68,152,0,2,8,4,14,11,47,36,72,166,0,48,48,214
03/29/2011,CRP,TX,ASW,CE,Combined TRACON& Tower with Radar,12,46,24,67,149,0,2,9,2,13,12,48,33,69,162,14,0,14,176
03/30/2011,CRP,TX,ASW,CE,Combined TRACON& Tower with Radar,6,40,29,57,132,1,13,33,15,62,7,53,62,72,194,0,40,40,234
03/31/2011,CRP,TX,ASW,CE,Combined TRACON& Tower with Radar,12,43,29,65,149,0,17,46,14,77,12,60,75,79,226,28,104,132,358
04/01/2011,CRP,TX,ASW,CE,Combined TRACON& Tower with Radar,9,44,28,102,183,0,5,37,22,64,9,49,65,124,247,0,60,60,307
04/02/2011,CRP,TX,ASW,CE,Combined TRACON& Tower with Radar,5,36,25,78,144,0,8,24,16,48,5,44,49,94,192,12,62,74,266
04/03/2011,CRP,TX,ASW,CE,Combined TRACON& Tower with Radar,11,33,26,73,143,0,4,15,7,26,11,37,41,80,169,6,96,102,271
04/04/2011,CRP,TX,ASW,CE,Combined TRACON& Tower with Radar,8,39,22,67,136,0,6,12,9,27,8,45,34,76,163,12,110,122,285
04/05/2011,CRP,TX,ASW,CE,Combined TRACON& Tower with Radar,10,40,27,83,160,0,6,60,7,73,10,46,87,90,233,8,164,172,405
04/06/2011,CRP,TX,ASW,CE,Combined TRACON& Tower with Radar,8,41,22,83,154,2,9,35,21,67,10,50,57,104,221,6,62,68,289
04/07/2011,CRP,TX,ASW,CE,Combined TRACON& Tower with Radar,7,42,37,19,105,0,10,29,5,44,7,52,66,24,149,22,50,72,221
04/08/2011,CRP,TX,ASW,CE,Combined TRACON& Tower with Radar,9,41,30,8,88,1,7,41,1,50,10,48,71,9,138,0,18,18,156
04/09/2011,CRP,TX,ASW,CE,Combined TRACON& Tower with Radar,7,28,9,16,60,0,0,20,1,21,7,28,29,17,81,0,18,18,99
04/10/2011,CRP,TX,ASW,CE,Combined TRACON& Tower with Radar,7,30,24,35,96,0,11,22,2,35,7,41,46,37,131,0,0,0,131
04/11/2011,CRP,TX,ASW,CE,Combined TRACON& Tower with Radar,10,39,25,51,125,1,14,26,4,45,11,53,51,55,170,8,64,72,242
04/12/2011,CRP,TX,ASW,CE,Combined TRACON& Tower with Radar,8,39,47,74,168,0,13,47,13,73,8,52,94,87,241,0,54,54,295
04/13/2011,CRP,TX,ASW,CE,Combined TRACON& Tower with Radar,9,36,43,77,165,0,9,32,3,44,9,45,75,80,209,14,80,94,303
04/14/2011,CRP,TX,ASW,CE,Combined TRACON& Tower with Radar,7,43,31,151,232,1,0,22,9,32,8,43,53,160,264,18,126,144,408
04/15/2011,CRP,TX,ASW,CE,Combined TRACON& Tower with Radar,11,45,43,92,191,2,7,31,19,59,13,52,74,111,250,10,92,102,352
04/16/2011,CRP,TX,ASW,CE,Combined TRACON& Tower with Radar,6,29,18,84,137,0,9,40,17,66,6,38,58,101,203,0,84,84,287
04/17/2011,CRP,TX,ASW,CE,Combined TRACON& Tower with Radar,8,31,21,75,135,0,9,20,13,42,8,40,41,88,177,0,164,164,341
04/18/2011,CRP,TX,ASW,CE,Combined TRACON& Tower with Radar,11,37,33,108,189,1,7,19,4,31,12,44,52,112,220,18,76,94,314
04/19/2011,CRP,TX,ASW,CE,Combined TRACON& Tower with Radar,8,32,37,126,203,1,7,34,3,45,9,39,71,129,248,4,54,58,306
04/20/2011,CRP,TX,ASW,CE,Combined TRACON& Tower with Radar,11,35,57,95,198,0,14,25,3,42,11,49,82,98,240,6,78,84,324
04/21/2011,CRP,TX,ASW,CE,Combined TRACON& Tower with Radar,8,43,29,136,216,1,9,20,9,39,9,52,49,145,255,20,8,28,283
04/22/2011,CRP,TX,ASW,CE,Combined TRACON& Tower with Radar,11,41,31,90,173,0,10,19,15,44,11,51,50,105,217,0,32,32,249
04/23/2011,CRP,TX,ASW,CE,Combined TRACON& Tower with Radar,6,31,10,42,89,0,16,21,12,49,6,47,31,54,138,0,32,32,170
04/24/2011,CRP,TX,ASW,CE,Combined TRACON& Tower with Radar,7,31,12,52,102,0,4,5,4,13,7,35,17,56,115,0,80,80,195
04/25/2011,CRP,TX,ASW,CE,Combined TRACON& Tower with Radar,6,31,30,150,217,2,10,22,21,55,8,41,52,171,272,0,62,62,334
04/26/2011,CRP,TX,ASW,CE,Combined TRACON& Tower with Radar,7,36,36,78,157,1,8,13,9,31,8,44,49,87,188,26,122,148,336
04/27/2011,CRP,TX,ASW,CE,Combined TRACON& Tower with Radar,10,46,33,76,165,1,3,29,13,46,11,49,62,89,211,26,130,156,367
04/28/2011,CRP,TX,ASW,CE,Combined TRACON& Tower with Radar,7,45,26,90,168,1,6,32,14,53,8,51,58,104,221,32,72,104,325
04/29/2011,CRP,TX,ASW,CE,Combined TRACON& Tower with Radar,9,42,20,54,125,1,12,38,15,66,10,54,58,69,191,0,20,20,211
04/30/2011,CRP,TX,ASW,CE,Combined TRACON& Tower with Radar,6,29,18,78,131,0,0,16,21,37,6,29,34,99,168,0,160,160,328
05/01/2011,CRP,TX,ASW,CE,Combined TRACON& Tower with Radar,8,31,16,47,102,0,2,15,16,33,8,33,31,63,135,0,140,140,275
05/02/2011,CRP,TX,ASW,CE,Combined TRACON& Tower with Radar,7,34,15,87,143,0,6,9,11,26,7,40,24,98,169,0,160,160,329
05/03/2011,CRP,TX,ASW,CE,Combined TRACON& Tower with Radar,8,38,29,93,168,1,8,28,13,50,9,46,57,106,218,40,134,174,392
05/04/2011,CRP,TX,ASW,CE,Combined TRACON& Tower with Radar,8,41,27,92,168,2,5,30,15,52,10,46,57,107,220,0,86,86,306
05/05/2011,CRP,TX,ASW,CE,Combined TRACON& Tower with Radar,9,48,21,111,189,0,13,28,17,58,9,61,49,128,247,0,202,202,449
05/06/2011,CRP,TX,ASW,CE,Combined TRACON& Tower with Radar,10,42,36,92,180,1,8,31,18,58,11,50,67,110,238,0,40,40,278
05/07/2011,CRP,TX,ASW,CE,Combined TRACON& Tower with Radar,6,39,13,41,99,0,9,16,24,49,6,48,29,65,148,0,228,228,376
05/08/2011,CRP,TX,ASW,CE,Combined TRACON& Tower with Radar,9,33,13,34,89,0,9,22,7,38,9,42,35,41,127,0,72,72,199
05/09/2011,CRP,TX,ASW,CE,Combined TRACON& Tower with Radar,8,40,16,86,150,2,4,30,4,40,10,44,46,90,190,0,42,42,232
05/10/2011,CRP,TX,ASW,CE,Combined TRACON& Tower with Radar,9,41,41,128,219,0,8,18,14,40,9,49,59,142,259,14,118,132,391
05/11/2011,CRP,TX,ASW,CE,Combined TRACON& Tower with Radar,5,35,44,86,170,2,5,10,3,20,7,40,54,89,190,0,22,22,212
05/12/2011,CRP,TX,ASW,CE,Combined TRACON& Tower with Radar,9,25,12,28,74,1,6,8,8,23,10,31,20,36,97,0,74,74,171
05/13/2011,CRP,TX,ASW,CE,Combined TRACON& Tower with Radar,11,45,25,111,192,1,8,31,10,50,12,53,56,121,242,8,52,60,302
05/14/2011,CRP,TX,ASW,CE,Combined TRACON& Tower with Radar,7,30,12,59,108,0,10,42,24,76,7,40,54,83,184,6,134,140,324
05/15/2011,CRP,TX,ASW,CE,Combined TRACON& Tower with Radar,7,30,14,59,110,0,5,23,15,43,7,35,37,74,153,0,0,0,153
05/16/2011,CRP,TX,ASW,CE,Combined TRACON& Tower with Radar,10,37,22,102,171,1,17,28,13,59,11,54,50,115,230,0,200,200,430
05/17/2011,CRP,TX,ASW,CE,Combined TRACON& Tower with Radar,10,36,36,112,194,0,9,35,18,62,10,45,71,130,256,12,148,160,416
05/18/2011,CRP,TX,ASW,CE,Combined TRACON& Tower with Radar,9,38,40,149,236,1,9,17,8,35,10,47,57,157,271,0,24,24,295
05/19/2011,CRP,TX,ASW,CE,Combined TRACON& Tower with Radar,6,41,48,110,205,1,9,15,2,27,7,50,63,112,232,18,84,102,334
05/20/2011,CRP,TX,ASW,CE,Combined TRACON& Tower with Radar,10,37,37,108,192,0,7,16,4,27,10,44,53,112,219,16,24,40,259
05/21/2011,CRP,TX,ASW,CE,Combined TRACON& Tower with Radar,7,28,19,46,100,0,3,10,7,20,7,31,29,53,120,0,232,232,352
05/22/2011,CRP,TX,ASW,CE,Combined TRACON& Tower with Radar,8,33,19,64,124,0,1,20,16,37,8,34,39,80,161,0,100,100,261
05/23/2011,CRP,TX,ASW,CE,Combined TRACON& Tower with Radar,10,34,23,87,154,0,12,20,10,42,10,46,43,97,196,16,100,116,312
05/24/2011,CRP,TX,ASW,CE,Combined TRACON& Tower with Radar,10,36,33,101,180,0,3,31,6,40,10,39,64,107,220,0,56,56,276
05/25/2011,CRP,TX,ASW,CE,Combined TRACON& Tower with Radar,7,38,43,108,196,0,9,44,9,62,7,47,87,117,258,22,113,135,393
05/26/2011,CRP,TX,ASW,CE,Combined TRACON& Tower with Radar,12,47,32,10,101,0,7,26,5,38,12,54,58,15,139,32,32,64,203
05/27/2011,CRP,TX,ASW,CE,Combined TRACON& Tower with Radar,11,48,34,30,123,1,11,33,11,56,12,59,67,41,179,16,56,72,251
05/28/2011,CRP,TX,ASW,CE,Combined TRACON& Tower with Radar,7,31,13,5,56,0,7,16,3,26,7,38,29,8,82,0,0,0,82
05/29/2011,CRP,TX,ASW,CE,Combined TRACON& Tower with Radar,8,24,16,0,48,0,9,7,4,20,8,33,23,4,68,0,0,0,68
05/30/2011,CRP,TX,ASW,CE,Combined TRACON& Tower with Radar,10,34,9,15,68,0,5,13,2,20,10,39,22,17,88,0,0,0,88
05/31/2011,CRP,TX,ASW,CE,Combined TRACON& Tower with Radar,7,40,26,78,151,1,13,30,7,51,8,53,56,85,202,28,90,118,320
06/01/2011,CRP,TX,ASW,CE,Combined TRACON& Tower with Radar,8,40,26,57,131,2,9,28,11,50,10,49,54,68,181,4,72,76,257
06/02/2011,CRP,TX,ASW,CE,Combined TRACON& Tower with Radar,10,43,24,47,124,0,8,41,8,57,10,51,65,55,181,0,42,42,223
06/03/2011,CRP,TX,ASW,CE,Combined TRACON& Tower with Radar,7,42,13,63,125,2,11,25,21,59,9,53,38,84,184,16,132,148,332
06/04/2011,CRP,TX,ASW,CE,Combined TRACON& Tower with Radar,7,29,11,85,132,0,16,24,30,70,7,45,35,115,202,36,90,126,328
06/05/2011,CRP,TX,ASW,CE,Combined TRACON& Tower with Radar,7,28,14,100,149,0,6,18,27,51,7,34,32,127,200,12,186,198,398
06/06/2011,CRP,TX,ASW,CE,Combined TRACON& Tower with Radar,10,45,9,69,133,0,7,38,11,56,10,52,47,80,189,0,124,124,313
06/07/2011,CRP,TX,ASW,CE,Combined TRACON& Tower with Radar,10,36,30,72,148,0,13,51,5,69,10,49,81,77,217,14,104,118,335
06/08/2011,CRP,TX,ASW,CE,Combined TRACON& Tower with Radar,9,36,37,61,143,1,15,37,16,69,10,51,74,77,212,4,92,96,308
06/09/2011,CRP,TX,ASW,CE,Combined TRACON& Tower with Radar,10,44,42,53,149,0,14,35,14,63,10,58,77,67,212,24,128,152,364
06/10/2011,CRP,TX,ASW,CE,Combined TRACON& Tower with Radar,12,40,27,45,124,0,6,36,15,57,12,46,63,60,181,22,48,70,251
06/11/2011,CRP,TX,ASW,CE,Combined TRACON& Tower with Radar,7,32,6,55,100,0,9,26,20,55,7,41,32,75,155,0,170,170,325
06/12/2011,CRP,TX,ASW,CE,Combined TRACON& Tower with Radar,7,32,17,41,97,0,7,44,19,70,7,39,61,60,167,0,138,138,305
06/13/2011,CRP,TX,ASW,CE,Combined TRACON& Tower with Radar,12,40,16,58,126,0,6,44,14,64,12,46,60,72,190,0,120,120,310
06/14/2011,CRP,TX,ASW,CE,Combined TRACON& Tower with Radar,9,40,28,50,127,1,15,32,15,63,10,55,60,65,190,0,148,148,338
06/15/2011,CRP,TX,ASW,CE,Combined TRACON& Tower with Radar,10,39,24,62,135,1,4,28,11,44,11,43,52,73,179,0,74,74,253
06/16/2011,CRP,TX,ASW,CE,Combined TRACON& Tower with Radar,9,45,30,67,151,0,12,32,16,60,9,57,62,83,211,0,244,244,455
06/17/2011,CRP,TX,ASW,CE,Combined TRACON& Tower with Radar,10,40,16,49,115,0,11,19,17,47,10,51,35,66,162,0,0,0,162
06/18/2011,CRP,TX,ASW,CE,Combined TRACON& Tower with Radar,7,30,17,39,93,0,15,24,26,65,7,45,41,65,158,0,0,0,158
06/19/2011,CRP,TX,ASW,CE,Combined TRACON& Tower with Radar,7,32,11,37,87,0,10,23,13,46,7,42,34,50,133,0,138,138,271
06/20/2011,CRP,TX,ASW,CE,Combined TRACON& Tower with Radar,10,39,12,78,139,0,17,15,10,42,10,56,27,88,181,8,106,114,295
06/21/2011,CRP,TX,ASW,CE,Combined TRACON& Tower with Radar,10,44,29,98,181,0,16,16,6,38,10,60,45,104,219,52,24,76,295
06/22/2011,CRP,TX,ASW,CE,Combined TRACON& Tower with Radar,10,37,20,29,96,0,3,4,12,19,10,40,24,41,115,30,132,162,277
06/23/2011,CRP,TX,ASW,CE,Combined TRACON& Tower with Radar,12,40,35,58,145,0,4,15,29,48,12,44,50,87,193,0,132,132,325
06/24/2011,CRP,TX,ASW,CE,Combined TRACON& Tower with Radar,9,38,23,54,124,1,4,28,25,58,10,42,51,79,182,2,202,204,386
06/25/2011,CRP,TX,ASW,CE,Combined TRACON& Tower with Radar,7,30,11,36,84,0,8,20,22,50,7,38,31,58,134,26,106,132,266
06/26/2011,CRP,TX,ASW,CE,Combined TRACON& Tower with Radar,9,33,12,8,62,0,5,34,18,57,9,38,46,26,119,0,6,6,125
06/27/2011,CRP,TX,ASW,CE,Combined TRACON& Tower with Radar,11,38,20,55,124,0,6,35,11,52,11,44,55,66,176,0,112,112,288
06/28/2011,CRP,TX,ASW,CE,Combined TRACON& Tower with Radar,10,40,43,76,169,0,10,51,15,76,10,50,94,91,245,4,130,134,379
06/29/2011,CRP,TX,ASW,CE,Combined TRACON& Tower with Radar,8,47,28,92,175,1,10,36,21,68,9,57,64,113,243,2,78,80,323
06/30/2011,CRP,TX,ASW,CE,Combined TRACON& Tower with Radar,11,42,35,72,160,1,6,23,9,39,12,48,58,81,199,0,96,96,295
07/01/2011,CRP,TX,ASW,CE,Combined TRACON& Tower with Radar,10,50,35,52,147,0,13,27,9,49,10,63,62,61,196,0,28,28,224
07/02/2011,CRP,TX,ASW,CE,Combined TRACON& Tower with Radar,7,30,12,22,71,0,7,25,6,38,7,37,37,28,109,8,48,56,165
07/03/2011,CRP,TX,ASW,CE,Combined TRACON& Tower with Radar,7,32,4,7,50,0,8,11,3,22,7,40,15,10,72,0,0,0,72
07/04/2011,CRP,TX,ASW,CE,Combined TRACON& Tower with Radar,7,34,9,17,67,0,3,11,3,17,7,37,20,20,84,0,0,0,84
07/05/2011,CRP,TX,ASW,CE,Combined TRACON& Tower with Radar,10,42,17,42,111,1,7,24,5,37,11,49,41,47,148,0,72,72,220
07/06/2011,CRP,TX,ASW,CE,Combined TRACON& Tower with Radar,12,35,27,84,158,0,11,24,8,43,12,46,51,92,201,0,34,34,235
07/07/2011,CRP,TX,ASW,CE,Combined TRACON& Tower with Radar,10,44,17,118,189,0,12,19,12,43,10,56,36,130,232,22,86,108,340
07/08/2011,CRP,TX,ASW,CE,Combined TRACON& Tower with Radar,10,38,22,98,168,0,6,32,35,73,10,44,54,133,241,0,210,210,451
07/09/2011,CRP,TX,ASW,CE,Combined TRACON& Tower with Radar,7,31,18,44,100,0,8,31,26,65,7,39,49,70,165,38,112,150,315
07/10/2011,CRP,TX,ASW,CE,Combined TRACON& Tower with Radar,8,39,15,40,102,0,5,17,14,36,8,44,32,54,138,2,102,104,242
07/11/2011,CRP,TX,ASW,CE,Combined TRACON& Tower with Radar,9,38,23,94,164,0,6,17,9,32,9,44,40,103,196,0,14,14,210
07/12/2011,CRP,TX,ASW,CE,Combined TRACON& Tower with Radar,10,43,27,81,161,0,8,35,9,52,10,51,62,90,213,0,22,22,235
07/13/2011,CRP,TX,ASW,CE,Combined TRACON& Tower with Radar,10,42,32,83,167,0,4,39,22,65,10,46,71,105,232,4,192,196,428
07/14/2011,CRP,TX,ASW,CE,Combined TRACON& Tower with Radar,12,38,20,73,143,0,21,38,13,72,12,59,58,86,215,0,96,96,311
07/15/2011,CRP,TX,ASW,CE,Combined TRACON& Tower with Radar,9,42,21,63,135,1,3,31,26,61,10,45,52,89,196,0,48,48,244
07/16/2011,CRP,TX,ASW,CE,Combined TRACON& Tower with Radar,7,32,10,65,114,0,4,26,13,43,7,36,36,78,157,0,28,28,185
07/17/2011,CRP,TX,ASW,CE,Combined TRACON& Tower with Radar,11,33,13,85,142,0,5,28,20,53,11,38,41,105,195,0,148,148,343
07/18/2011,CRP,TX,ASW,CE,Combined TRACON& Tower with Radar,9,32,21,99,161,0,6,25,20,51,9,38,46,119,212,0,106,106,318
07/19/2011,CRP,TX,ASW,CE,Combined TRACON& Tower with Radar,13,44,16,63,136,1,10,28,15,54,14,54,44,78,190,0,248,248,438
07/20/2011,CRP,TX,ASW,CE,Combined TRACON& Tower with Radar,11,41,29,92,173,1,14,29,14,58,12,55,58,106,231,14,96,110,341
07/21/2011,CRP,TX,ASW,CE,Combined TRACON& Tower with Radar,8,37,33,63,141,0,12,33,30,75,8,49,66,93,216,0,254,254,470
07/22/2011,CRP,TX,ASW,CE,Combined TRACON& Tower with Radar,9,40,24,61,134,1,7,37,17,62,10,47,61,78,196,6,16,22,218
07/23/2011,CRP,TX,ASW,CE,Combined TRACON& Tower with Radar,7,32,9,79,127,0,3,12,27,42,7,35,21,106,169,0,282,282,451
07/24/2011,CRP,TX,ASW,CE,Combined TRACON& Tower with Radar,7,33,15,92,147,0,6,20,18,44,7,39,35,110,191,0,204,204,395
07/25/2011,CRP,TX,ASW,CE,Combined TRACON& Tower with Radar,10,35,19,106,170,1,14,23,18,56,11,49,42,124,226,0,204,204,430
07/26/2011,CRP,TX,ASW,CE,Combined TRACON& Tower with Radar,11,40,25,118,194,0,9,35,14,58,11,49,60,132,252,0,212,212,464
07/27/2011,CRP,TX,ASW,CE,Combined TRACON& Tower with Radar,9,42,22,71,144,1,10,32,15,58,10,52,54,86,202,0,80,80,282
07/28/2011,CRP,TX,ASW,CE,Combined TRACON& Tower with Radar,14,39,20,72,145,0,14,24,12,50,14,53,44,84,195,0,182,182,377
07/29/2011,CRP,TX,ASW,CE,Combined TRACON& Tower with Radar,5,44,17,12,78,0,5,6,3,14,5,49,23,15,92,0,20,20,112
07/30/2011,CRP,TX,ASW,CE,Combined TRACON& Tower with Radar,5,34,6,1,46,0,2,11,1,14,5,36,17,2,60,6,0,6,66
07/31/2011,CRP,TX,ASW,CE,Combined TRACON& Tower with Radar,8,34,17,47,106,0,0,15,2,17,8,34,32,49,123,0,18,18,141
08/01/2011,CRP,TX,ASW,CE,Combined TRACON& Tower with Radar,9,37,15,81,142,1,7,27,5,40,10,44,42,86,182,8,80,88,270
08/02/2011,CRP,TX,ASW,CE,Combined TRACON& Tower with Radar,9,42,20,86,157,1,6,26,12,45,10,48,46,98,202,16,102,118,320
08/03/2011,CRP,TX,ASW,CE,Combined TRACON& Tower with Radar,10,37,24,74,145,0,7,44,13,64,10,44,68,87,209,10,40,50,259
08/04/2011,CRP,TX,ASW,CE,Combined TRACON& Tower with Radar,9,37,32,65,143,1,13,42,13,69,10,50,74,78,212,4,52,56,268
08/05/2011,CRP,TX,ASW,CE,Combined TRACON& Tower with Radar,10,44,18,48,120,0,9,26,14,49,10,53,44,62,169,22,74,96,265
08/06/2011,CRP,TX,ASW,CE,Combined TRACON& Tower with Radar,6,32,9,43,90,0,4,21,24,49,6,36,30,67,139,22,184,206,345
08/07/2011,CRP,TX,ASW,CE,Combined TRACON& Tower with Radar,8,31,12,23,74,0,14,28,15,57,8,45,40,38,131,0,124,124,255
08/08/2011,CRP,TX,ASW,CE,Combined TRACON& Tower with Radar,10,38,19,92,159,0,14,27,13,54,10,52,46,105,213,6,110,116,329
08/09/2011,CRP,TX,ASW,CE,Combined TRACON& Tower with Radar,12,40,19,90,161,0,13,29,6,48,12,53,48,96,209,6,88,94,303
08/10/2011,CRP,TX,ASW,CE,Combined TRACON& Tower with Radar,9,42,27,67,145,1,8,31,31,71,10,50,58,98,216,30,130,160,376
08/11/2011,CRP,TX,ASW,CE,Combined TRACON& Tower with Radar,10,42,17,131,200,0,8,44,33,85,10,50,61,164,285,8,180,188,473
08/12/2011,CRP,TX,ASW,CE,Combined TRACON& Tower with Radar,9,42,28,76,155,1,15,27,35,78,10,57,55,111,233,28,112,140,373
08/13/2011,CRP,TX,ASW,CE,Combined TRACON& Tower with Radar,6,34,5,66,111,0,5,22,20,47,6,39,27,86,158,6,88,94,252
08/14/2011,CRP,TX,ASW,CE,Combined TRACON& Tower with Radar,8,39,14,47,108,0,5,34,18,57,8,44,48,65,165,10,58,68,233
08/15/2011,CRP,TX,ASW,CE,Combined TRACON& Tower with Radar,10,39,18,97,164,0,5,45,20,70,10,44,63,117,234,0,152,152,386
08/16/2011,CRP,TX,ASW,CE,Combined TRACON& Tower with Radar,10,38,43,117,208,0,15,26,11,52,10,53,69,128,260,6,144,150,410
08/17/2011,CRP,TX,ASW,CE,Combined TRACON& Tower with Radar,10,41,24,75,150,0,12,25,9,46,10,53,49,84,196,0,44,44,240
08/18/2011,CRP,TX,ASW,CE,Combined TRACON& Tower with Radar,8,42,36,81,167,2,11,33,9,55,10,53,69,90,222,0,34,34,256
08/19/2011,CRP,TX,ASW,CE,Combined TRACON& Tower with Radar,12,46,31,91,180,0,10,30,9,49,12,56,61,100,229,12,48,60,289
08/20/2011,CRP,TX,ASW,CE,Combined TRACON& Tower with Radar,6,31,11,78,126,0,7,26,28,61,6,38,37,106,187,6,122,128,315
08/21/2011,CRP,TX,ASW,CE,Combined TRACON& Tower with Radar,6,33,14,67,120,0,5,29,21,55,6,38,43,88,175,14,248,262,437
08/22/2011,CRP,TX,ASW,CE,Combined TRACON& Tower with Radar,12,40,16,72,140,0,7,30,10,47,12,47,46,82,187,0,120,120,307
08/23/2011,CRP,TX,ASW,CE,Combined TRACON& Tower with Radar,10,39,31,84,164,0,12,42,26,80,10,51,73,110,244,8,96,104,348
08/24/2011,CRP,TX,ASW,CE,Combined TRACON& Tower with Radar,9,38,9,55,111,1,13,26,4,44,10,51,35,59,155,14,30,44,199
08/25/2011,CRP,TX,ASW,CE,Combined TRACON& Tower with Radar,10,40,40,16,106,0,7,26,1,34,10,47,66,17,140,36,0,36,176
08/26/2011,CRP,TX,ASW,CE,Combined TRACON& Tower with Radar,10,41,21,80,152,0,11,32,18,61,10,52,53,98,213,12,96,108,321
08/27/2011,CRP,TX,ASW,CE,Combined TRACON& Tower with Radar,6,34,14,85,139,0,12,31,42,85,6,46,45,127,224,4,244,248,472
08/28/2011,CRP,TX,ASW,CE,Combined TRACON& Tower with Radar,6,31,8,29,74,0,4,32,38,74,6,35,40,67,148,24,210,234,382
08/29/2011,CRP,TX,ASW,CE,Combined TRACON& Tower with Radar,11,42,12,87,152,1,15,29,16,61,12,57,41,103,213,0,122,122,335
08/30/2011,CRP,TX,ASW,CE,Combined TRACON& Tower with Radar,7,41,23,84,155,1,16,21,16,54,8,57,44,100,209,6,68,74,283
08/31/2011,CRP,TX,ASW,CE,Combined TRACON& Tower with Radar,10,37,30,87,164,0,6,27,20,53,10,43,57,107,217,18,120,138,355
09/01/2011,CRP,TX,ASW,CE,Combined TRACON& Tower with Radar,11,45,28,80,164,1,10,33,7,51,12,55,61,87,215,4,148,152,367
09/02/2011,CRP,TX,ASW,CE,Combined TRACON& Tower with Radar,12,42,19,40,113,0,7,22,9,38,12,49,41,49,151,2,140,142,293
09/03/2011,CRP,TX,ASW,CE,Combined TRACON& Tower with Radar,6,33,2,19,60,0,9,7,23,39,6,42,9,42,99,0,78,78,177
09/04/2011,CRP,TX,ASW,CE,Combined TRACON& Tower with Radar,6,24,7,27,64,0,3,11,17,31,6,27,18,44,95,0,48,48,143
09/05/2011,CRP,TX,ASW,CE,Combined TRACON& Tower with Radar,8,34,18,33,93,0,1,20,7,28,8,35,38,40,121,0,0,0,121
09/06/2011,CRP,TX,ASW,CE,Combined TRACON& Tower with Radar,10,42,21,80,153,0,10,25,13,48,10,52,46,93,201,10,96,106,307
09/07/2011,CRP,TX,ASW,CE,Combined TRACON& Tower with Radar,9,40,23,90,162,1,13,48,10,72,10,53,71,100,234,22,50,72,306
09/08/2011,CRP,TX,ASW,CE,Combined TRACON& Tower with Radar,9,45,23,96,173,1,8,38,17,64,10,53,61,113,237,8,44,52,289
09/09/2011,CRP,TX,ASW,CE,Combined TRACON& Tower with Radar,10,42,24,82,158,0,8,37,9,54,10,50,61,91,212,0,32,32,244
09/10/2011,CRP,TX,ASW,CE,Combined TRACON& Tower with Radar,6,29,12,51,98,0,6,24,14,44,6,35,36,65,142,8,46,54,196
09/11/2011,CRP,TX,ASW,CE,Combined TRACON& Tower with Radar,8,34,8,45,95,0,6,21,15,42,8,40,29,60,137,0,30,30,167
09/12/2011,CRP,TX,ASW,CE,Combined TRACON& Tower with Radar,10,41,18,129,198,0,10,34,14,58,10,51,52,143,256,16,118,134,390
09/13/2011,CRP,TX,ASW,CE,Combined TRACON& Tower with Radar,10,46,21,81,158,0,7,16,11,34,10,53,37,92,192,10,46,56,248
09/14/2011,CRP,TX,ASW,CE,Combined TRACON& Tower with Radar,10,45,43,51,149,0,5,26,8,39,10,50,69,59,188,24,40,64,252
09/15/2011,CRP,TX,ASW,CE,Combined TRACON& Tower with Radar,8,44,33,80,165,0,11,27,7,45,8,55,60,87,210,0,94,94,304
09/16/2011,CRP,TX,ASW,CE,Combined TRACON& Tower with Radar,9,40,21,44,114,1,9,27,13,50,10,49,48,57,164,0,36,36,200
09/17/2011,CRP,TX,ASW,CE,Combined TRACON& Tower with Radar,6,29,12,17,64,0,0,20,14,34,6,29,32,31,98,0,116,116,214
09/18/2011,CRP,TX,ASW,CE,Combined TRACON& Tower with Radar,8,32,12,65,117,0,5,13,16,34,8,37,25,81,151,12,138,150,301
09/19/2011,CRP,TX,ASW,CE,Combined TRACON& Tower with Radar,9,39,16,57,121,1,6,17,8,32,10,45,33,65,153,0,110,110,263
09/20/2011,CRP,TX,ASW,CE,Combined TRACON& Tower with Radar,8,39,28,81,156,2,5,36,14,57,10,44,64,95,213,16,120,136,349
09/21/2011,CRP,TX,ASW,CE,Combined TRACON& Tower with Radar,10,44,20,79,153,0,7,35,13,55,10,51,55,92,208,38,246,284,492
09/22/2011,CRP,TX,ASW,CE,Combined TRACON& Tower with Radar,9,44,29,64,146,1,10,25,14,50,10,54,54,78,196,0,215,215,411
09/23/2011,CRP,TX,ASW,CE,Combined TRACON& Tower with Radar,10,41,15,55,121,0,6,18,8,32,10,47,33,63,153,0,14,14,167
09/24/2011,CRP,TX,ASW,CE,Combined TRACON& Tower with Radar,6,28,10,33,77,0,3,28,11,42,6,31,38,44,119,2,121,123,242
09/25/2011,CRP,TX,ASW,CE,Combined TRACON& Tower with Radar,6,31,12,44,93,0,3,15,13,31,6,34,27,57,124,0,120,120,244
09/26/2011,CRP,TX,ASW,CE,Combined TRACON& Tower with Radar,7,39,22,82,150,1,10,25,14,50,8,49,47,96,200,0,156,156,356
09/27/2011,CRP,TX,ASW,CE,Combined TRACON& Tower with Radar,11,36,36,89,172,1,11,31,16,59,12,47,67,105,231,28,106,134,365
09/28/2011,CRP,TX,ASW,CE,Combined TRACON& Tower with Radar,10,38,38,42,128,0,7,37,11,55,10,45,75,53,183,20,0,20,203
09/29/2011,CRP,TX,ASW,CE,Combined TRACON& Tower with Radar,14,41,23,23,101,0,7,21,9,37,14,48,44,32,138,0,16,16,154
09/30/2011,CRP,TX,ASW,CE,Combined TRACON& Tower with Radar,12,36,37,36,121,0,13,26,13,52,12,49,63,49,173,0,14,14,187
10/01/2011,CRP,TX,ASW,CE,Combined TRACON& Tower with Radar,10,27,7,15,59,0,8,25,4,37,10,35,32,19,96,0,28,28,124
10/02/2011,CRP,TX,ASW,CE,Combined TRACON& Tower with Radar,8,34,16,42,100,0,1,24,4,29,8,35,40,46,129,10,0,10,139
10/03/2011,CRP,TX,ASW,CE,Combined TRACON& Tower with Radar,12,40,16,106,174,0,12,30,5,47,12,52,46,111,221,6,128,134,355
10/04/2011,CRP,TX,ASW,CE,Combined TRACON& Tower with Radar,10,38,20,97,165,1,18,57,7,83,11,56,77,104,248,14,78,92,340
10/05/2011,CRP,TX,ASW,CE,Combined TRACON& Tower with Radar,9,44,22,121,196,1,7,35,9,52,10,51,57,130,248,4,32,36,284
10/06/2011,CRP,TX,ASW,CE,Combined TRACON& Tower with Radar,9,46,33,65,153,1,12,34,5,52,10,58,67,70,205,0,14,14,219
10/07/2011,CRP,TX,ASW,CE,Combined TRACON& Tower with Radar,10,48,19,39,116,0,6,32,18,56,10,54,51,57,172,0,0,0,172
10/08/2011,CRP,TX,ASW,CE,Combined TRACON& Tower with Radar,6,36,6,29,77,0,0,21,12,33,6,36,27,41,110,4,66,70,180
10/09/2011,CRP,TX,ASW,CE,Combined TRACON& Tower with Radar,10,32,16,8,66,0,4,9,1,14,10,36,25,9,80,0,0,0,80
10/10/2011,CRP,TX,ASW,CE,Combined TRACON& Tower with Radar,10,42,19,30,101,0,1,9,4,14,10,43,28,34,115,0,58,58,173
10/11/2011,CRP,TX,ASW,CE,Combined TRACON& Tower with Radar,9,38,15,86,148,1,16,32,12,61,10,54,47,98,209,26,134,160,369
10/12/2011,CRP,TX,ASW,CE,Combined TRACON& Tower with Radar,7,43,32,73,155,0,9,45,14,68,7,52,77,87,223,0,146,146,369
10/13/2011,CRP,TX,ASW,CE,Combined TRACON& Tower with Radar,8,52,26,74,160,2,15,33,16,66,10,67,59,90,226,38,114,152,378
10/14/2011,CRP,TX,ASW,CE,Combined TRACON& Tower with Radar,10,39,22,60,131,0,11,54,14,79,10,50,76,74,210,10,60,70,280
10/15/2011,CRP,TX,ASW,CE,Combined TRACON& Tower with Radar,6,27,12,36,81,0,5,13,13,31,6,32,25,49,112,0,176,176,288
10/16/2011,CRP,TX,ASW,CE,Combined TRACON& Tower with Radar,7,34,7,47,95,1,3,28,12,44,8,37,35,59,139,0,78,78,217
10/17/2011,CRP,TX,ASW,CE,Combined TRACON& Tower with Radar,11,38,14,79,142,1,6,57,7,71,12,44,71,86,213,0,68,68,281
10/18/2011,CRP,TX,ASW,CE,Combined TRACON& Tower with Radar,10,43,14,100,167,0,10,25,18,53,10,53,39,118,220,0,152,152,372
10/19/2011,CRP,TX,ASW,CE,Combined TRACON& Tower with Radar,8,40,26,70,144,0,11,34,16,61,8,51,60,86,205,0,204,204,409
10/20/2011,CRP,TX,ASW,CE,Combined TRACON& Tower with Radar,12,45,18,71,146,0,12,36,7,55,12,57,54,78,201,4,84,88,289
10/21/2011,CRP,TX,ASW,CE,Combined TRACON& Tower with Radar,10,43,24,38,115,0,10,23,13,46,10,53,47,51,161,0,130,130,291
10/22/2011,CRP,TX,ASW,CE,Combined TRACON& Tower with Radar,6,28,15,17,66,0,6,31,10,47,6,34,46,27,113,0,74,74,187
10/23/2011,CRP,TX,ASW,CE,Combined TRACON& Tower with Radar,12,33,14,73,132,0,0,28,15,43,12,33,42,88,175,0,84,84,259
10/24/2011,CRP,TX,ASW,CE,Combined TRACON& Tower with Radar,9,36,25,95,165,1,15,28,27,71,10,51,53,122,236,0,216,216,452
10/25/2011,CRP,TX,ASW,CE,Combined TRACON& Tower with Radar,9,38,19,68,134,1,7,51,19,78,10,45,70,87,212,0,122,122,334
10/26/2011,CRP,TX,ASW,CE,Combined TRACON& Tower with Radar,9,41,31,65,146,1,13,42,11,67,10,54,73,76,213,0,112,112,325
10/27/2011,CRP,TX,ASW,CE,Combined TRACON& Tower with Radar,8,47,27,78,160,0,4,31,12,47,8,51,58,90,207,0,122,122,329
10/28/2011,CRP,TX,ASW,CE,Combined TRACON& Tower with Radar,9,43,30,60,142,1,13,19,31,64,10,56,49,91,206,0,262,262,468
10/29/2011,CRP,TX,ASW,CE,Combined TRACON& Tower with Radar,6,30,14,26,76,0,7,24,4,35,6,37,38,30,111,0,40,40,151
10/30/2011,CRP,TX,ASW,CE,Combined TRACON& Tower with Radar,8,35,15,32,90,0,8,32,5,45,8,43,47,37,135,8,52,60,195
10/31/2011,CRP,TX,ASW,CE,Combined TRACON& Tower with Radar,10,37,6,103,156,0,11,32,5,48,10,48,38,108,204,0,60,60,264
11/01/2011,CRP,TX,ASW,CE,Combined TRACON& Tower with Radar,10,39,34,87,170,0,15,40,6,61,10,54,74,93,231,14,54,68,299
11/02/2011,CRP,TX,ASW,CE,Combined TRACON& Tower with Radar,10,36,20,80,146,0,18,42,10,70,10,54,62,90,216,4,124,128,344
11/03/2011,CRP,TX,ASW,CE,Combined TRACON& Tower with Radar,8,41,31,80,160,0,9,14,20,43,8,50,45,100,203,0,178,178,381
11/04/2011,CRP,TX,ASW,CE,Combined TRACON& Tower with Radar,8,42,18,79,147,0,11,44,13,68,8,53,62,92,215,10,164,174,389
11/05/2011,CRP,TX,ASW,CE,Combined TRACON& Tower with Radar,6,29,10,62,107,0,12,24,14,50,6,41,34,76,157,6,114,120,277
11/06/2011,CRP,TX,ASW,CE,Combined TRACON& Tower with Radar,8,37,14,69,128,0,9,11,27,47,8,46,25,96,175,6,410,416,591
11/07/2011,CRP,TX,ASW,CE,Combined TRACON& Tower with Radar,10,40,25,93,168,0,6,14,28,48,10,46,39,121,216,0,156,156,372
11/08/2011,CRP,TX,ASW,CE,Combined TRACON& Tower with Radar,12,50,26,112,200,0,8,23,10,41,12,58,49,122,241,0,146,146,387
11/09/2011,CRP,TX,ASW,CE,Combined TRACON& Tower with Radar,10,41,29,68,148,0,4,24,21,49,10,45,53,89,197,0,182,182,379
11/10/2011,CRP,TX,ASW,CE,Combined TRACON& Tower with Radar,11,44,23,118,196,1,16,34,17,68,12,60,57,135,264,12,16,28,292
11/11/2011,CRP,TX,ASW,CE,Combined TRACON& Tower with Radar,9,45,20,74,148,1,9,43,20,73,10,54,63,94,221,0,194,194,415
11/12/2011,CRP,TX,ASW,CE,Combined TRACON& Tower with Radar,6,29,19,33,87,0,5,17,7,29,6,34,36,40,116,12,58,70,186
11/13/2011,CRP,TX,ASW,CE,Combined TRACON& Tower with Radar,10,35,29,24,98,0,7,18,16,41,10,42,47,40,139,6,168,174,313
11/14/2011,CRP,TX,ASW,CE,Combined TRACON& Tower with Radar,9,43,25,127,204,1,7,16,15,39,10,50,41,142,243,12,160,172,415
11/15/2011,CRP,TX,ASW,CE,Combined TRACON& Tower with Radar,9,40,22,61,132,1,5,13,13,32,10,45,35,74,164,0,88,88,252
11/16/2011,CRP,TX,ASW,CE,Combined TRACON& Tower with Radar,7,48,24,68,147,3,10,39,14,66,10,58,63,82,213,0,88,88,301
11/17/2011,CRP,TX,ASW,CE,Combined TRACON& Tower with Radar,9,41,41,130,221,1,11,32,6,50,10,52,73,136,271,2,46,48,319
11/18/2011,CRP,TX,ASW,CE,Combined TRACON& Tower with Radar,7,45,22,82,156,0,6,27,12,45,7,51,49,94,201,0,38,38,239
11/19/2011,CRP,TX,ASW,CE,Combined TRACON& Tower with Radar,6,27,22,40,95,0,7,16,6,29,6,34,38,46,124,0,18,18,142
11/20/2011,CRP,TX,ASW,CE,Combined TRACON& Tower with Radar,8,34,14,38,94,0,7,9,8,24,8,41,23,46,118,6,26,32,150
11/21/2011,CRP,TX,ASW,CE,Combined TRACON& Tower with Radar,12,45,29,123,209,0,5,12,9,26,12,50,41,132,235,4,32,36,271
11/22/2011,CRP,TX,ASW,CE,Combined TRACON& Tower with Radar,7,44,31,84,166,2,5,23,12,42,9,49,54,96,208,10,88,98,306
11/23/2011,CRP,TX,ASW,CE,Combined TRACON& Tower with Radar,8,44,24,21,97,2,8,43,3,56,10,52,67,24,153,6,24,30,183
11/24/2011,CRP,TX,ASW,CE,Combined TRACON& Tower with Radar,4,22,6,0,32,0,3,10,1,14,4,25,16,1,46,0,0,0,46
11/25/2011,CRP,TX,ASW,CE,Combined TRACON& Tower with Radar,6,35,10,4,55,0,9,34,0,43,6,44,44,4,98,0,0,0,98
11/26/2011,CRP,TX,ASW,CE,Combined TRACON& Tower with Radar,6,31,14,16,67,0,6,9,2,17,6,37,23,18,84,0,0,0,84
11/27/2011,CRP,TX,ASW,CE,Combined TRACON& Tower with Radar,10,42,14,3,69,0,0,23,0,23,10,42,37,3,92,0,0,0,92
11/28/2011,CRP,TX,ASW,CE,Combined TRACON& Tower with Radar,8,42,24,75,149,0,15,36,4,55,8,57,60,79,204,0,28,28,232
11/29/2011,CRP,TX,ASW,CE,Combined TRACON& Tower with Radar,8,40,31,109,188,2,11,51,13,77,10,51,82,122,265,2,44,46,311
11/30/2011,CRP,TX,ASW,CE,Combined TRACON& Tower with Radar,8,46,22,109,185,0,10,23,5,38,8,56,45,114,223,0,36,36,259
12/01/2011,CRP,TX,ASW,CE,Combined TRACON& Tower with Radar,9,48,27,92,176,1,9,22,8,40,10,57,49,100,216,2,116,118,334
12/02/2011,CRP,TX,ASW,CE,Combined TRACON& Tower with Radar,10,48,20,113,191,0,14,8,25,47,10,62,28,138,238,0,60,60,298
12/03/2011,CRP,TX,ASW,CE,Combined TRACON& Tower with Radar,6,26,11,61,104,0,3,7,7,17,6,29,18,68,121,0,0,0,121
12/04/2011,CRP,TX,ASW,CE,Combined TRACON& Tower with Radar,8,37,21,72,138,0,10,6,10,26,8,47,27,82,164,0,42,42,206
12/05/2011,CRP,TX,ASW,CE,Combined TRACON& Tower with Radar,10,47,27,74,158,0,4,2,10,16,10,51,29,84,174,0,100,100,274
12/06/2011,CRP,TX,ASW,CE,Combined TRACON& Tower with Radar,9,47,42,80,178,1,7,27,14,49,10,54,69,94,227,14,122,136,363
12/07/2011,CRP,TX,ASW,CE,Combined TRACON& Tower with Radar,9,42,25,73,149,1,7,40,11,59,10,49,65,84,208,0,18,18,226
12/08/2011,CRP,TX,ASW,CE,Combined TRACON& Tower with Radar,7,46,21,70,144,3,9,32,7,51,10,55,53,77,195,0,58,58,253
12/09/2011,CRP,TX,ASW,CE,Combined TRACON& Tower with Radar,9,44,30,75,158,1,13,18,12,44,10,57,48,87,202,14,54,68,270
12/10/2011,CRP,TX,ASW,CE,Combined TRACON& Tower with Radar,6,29,20,16,71,0,0,7,0,7,6,29,27,16,78,0,0,0,78
12/11/2011,CRP,TX,ASW,CE,Combined TRACON& Tower with Radar,8,38,26,31,103,0,3,3,4,10,8,41,29,35,113,24,0,24,137
12/12/2011,CRP,TX,ASW,CE,Combined TRACON& Tower with Radar,7,48,40,102,197,3,4,9,1,17,10,52,49,103,214,0,20,20,234
12/13/2011,CRP,TX,ASW,CE,Combined TRACON& Tower with Radar,14,46,39,113,212,0,8,9,6,23,14,54,48,119,235,4,48,52,287
12/14/2011,CRP,TX,ASW,CE,Combined TRACON& Tower with Radar,11,39,46,108,204,1,7,13,8,29,12,46,59,116,233,0,74,74,307
12/15/2011,CRP,TX,ASW,CE,Combined TRACON& Tower with Radar,9,50,46,82,187,1,5,10,11,27,10,55,56,93,214,2,130,132,346
12/16/2011,CRP,TX,ASW,CE,Combined TRACON& Tower with Radar,9,49,57,80,195,1,3,7,6,17,10,52,64,86,212,0,38,38,250
12/17/2011,CRP,TX,ASW,CE,Combined TRACON& Tower with Radar,8,37,18,30,93,0,3,3,2,8,8,40,21,32,101,0,10,10,111
12/18/2011,CRP,TX,ASW,CE,Combined TRACON& Tower with Radar,8,39,21,21,89,0,2,8,5,15,8,41,29,26,104,0,52,52,156
12/19/2011,CRP,TX,ASW,CE,Combined TRACON& Tower with Radar,10,37,14,102,163,0,14,10,7,31,10,51,24,109,194,0,66,66,260
12/20/2011,CRP,TX,ASW,CE,Combined TRACON& Tower with Radar,9,51,22,56,138,1,9,16,17,43,10,60,38,73,181,2,102,104,285
12/21/2011,CRP,TX,ASW,CE,Combined TRACON& Tower with Radar,10,55,15,91,171,0,13,23,3,39,10,68,38,94,210,0,4,4,214
12/22/2011,CRP,TX,ASW,CE,Combined TRACON& Tower with Radar,10,42,23,36,111,0,8,39,6,53,10,50,62,42,164,42,14,56,220
12/23/2011,CRP,TX,ASW,CE,Combined TRACON& Tower with Radar,10,56,17,10,93,0,3,10,2,15,10,59,27,12,108,24,12,36,144
12/24/2011,CRP,TX,ASW,CE,Combined TRACON& Tower with Radar,4,34,9,0,47,0,0,0,0,0,4,34,9,0,47,0,0,0,47
12/25/2011,CRP,TX,ASW,CE,Combined TRACON& Tower with Radar,4,31,4,0,39,0,1,1,0,2,4,32,5,0,41,0,0,0,41
12/26/2011,CRP,TX,ASW,CE,Combined TRACON& Tower with Radar,10,37,7,0,54,0,4,21,0,25,10,41,28,0,79,0,0,0,79
12/27/2011,CRP,TX,ASW,CE,Combined TRACON& Tower with Radar,9,48,18,9,84,1,10,32,5,48,10,58,50,14,132,28,8,36,168
12/28/2011,CRP,TX,ASW,CE,Combined TRACON& Tower with Radar,9,44,20,26,99,1,10,48,2,61,10,54,68,28,160,24,0,24,184
12/29/2011,CRP,TX,ASW,CE,Combined TRACON& Tower with Radar,10,36,12,8,66,0,10,33,1,44,10,46,45,9,110,0,0,0,110
12/30/2011,CRP,TX,ASW,CE,Combined TRACON& Tower with Radar,10,46,18,0,74,0,8,26,0,34,10,54,44,0,108,0,0,0,108
12/31/2011,CRP,TX,ASW,CE,Combined TRACON& Tower with Radar,6,23,5,7,41,0,2,14,0,16,6,25,19,7,57,32,0,32,89
01/01/2012,CRP,TX,ASW,CE,Combined TRACON& Tower with Radar,6,27,8,0,41,0,7,10,0,17,6,34,18,0,58,0,0,0,58
01/02/2012,CRP,TX,ASW,CE,Combined TRACON& Tower with Radar,10,41,15,0,66,0,3,25,0,28,10,44,40,0,94,0,0,0,94
01/03/2012,CRP,TX,ASW,CE,Combined TRACON& Tower with Radar,11,38,14,64,127,1,7,33,5,46,12,45,47,69,173,0,64,64,237
01/04/2012,CRP,TX,ASW,CE,Combined TRACON& Tower with Radar,11,35,31,78,155,0,8,28,6,42,11,43,59,84,197,0,118,118,315
01/05/2012,CRP,TX,ASW,CE,Combined TRACON& Tower with Radar,9,42,29,100,180,1,8,33,13,55,10,50,62,113,235,28,82,110,345
01/06/2012,CRP,TX,ASW,CE,Combined TRACON& Tower with Radar,11,44,24,79,158,0,14,29,15,58,11,58,53,94,216,0,104,104,320
01/07/2012,CRP,TX,ASW,CE,Combined TRACON& Tower with Radar,6,28,12,88,134,0,2,36,7,45,6,30,48,95,179,12,0,12,191
01/08/2012,CRP,TX,ASW,CE,Combined TRACON& Tower with Radar,6,30,18,49,103,2,6,13,11,32,8,36,31,60,135,4,58,62,197
01/09/2012,CRP,TX,ASW,CE,Combined TRACON& Tower with Radar,10,47,24,109,190,2,14,2,8,26,12,61,26,117,216,0,24,24,240
01/10/2012,CRP,TX,ASW,CE,Combined TRACON& Tower with Radar,10,38,29,61,138,0,10,30,8,48,10,48,59,69,186,0,22,22,208
01/11/2012,CRP,TX,ASW,CE,Combined TRACON& Tower with Radar,9,38,29,51,127,1,24,34,20,79,10,62,63,71,206,14,166,180,386
01/12/2012,CRP,TX,ASW,CE,Combined TRACON& Tower with Radar,10,38,32,47,127,0,12,34,10,56,10,50,66,57,183,0,48,48,231
01/13/2012,CRP,TX,ASW,CE,Combined TRACON& Tower with Radar,10,42,24,65,141,0,18,35,17,70,10,60,59,82,211,20,86,106,317
01/14/2012,CRP,TX,ASW,CE,Combined TRACON& Tower with Radar,4,28,9,23,64,0,8,44,31,83,4,36,53,54,147,12,130,142,289
01/15/2012,CRP,TX,ASW,CE,Combined TRACON& Tower with Radar,8,32,9,19,68,0,3,5,17,25,8,35,14,36,93,0,214,214,307
01/16/2012,CRP,TX,ASW,CE,Combined TRACON& Tower with Radar,10,46,21,35,112,0,2,11,9,22,10,48,32,44,134,0,26,26,160
01/17/2012,CRP,TX,ASW,CE,Combined TRACON& Tower with Radar,9,41,39,92,181,1,12,25,7,45,10,53,64,99,226,10,88,98,324
01/18/2012,CRP,TX,ASW,CE,Combined TRACON& Tower with Radar,10,42,37,100,189,0,16,23,11,50,10,58,60,111,239,20,84,104,343
01/19/2012,CRP,TX,ASW,CE,Combined TRACON& Tower with Radar,9,47,40,79,175,1,16,23,3,43,10,63,63,82,218,12,98,110,328
01/20/2012,CRP,TX,ASW,CE,Combined TRACON& Tower with Radar,9,48,22,58,137,1,11,18,7,37,10,59,40,65,174,0,30,30,204
01/21/2012,CRP,TX,ASW,CE,Combined TRACON& Tower with Radar,4,27,24,52,107,0,5,5,3,13,4,32,29,55,120,38,18,56,176
01/22/2012,CRP,TX,ASW,CE,Combined TRACON& Tower with Radar,7,33,14,44,98,1,6,13,2,22,8,39,27,46,120,0,44,44,164
01/23/2012,CRP,TX,ASW,CE,Combined TRACON& Tower with Radar,10,43,26,111,190,0,13,25,15,53,10,56,51,126,243,0,146,146,389
01/24/2012,CRP,TX,ASW,CE,Combined TRACON& Tower with Radar,10,39,31,103,183,0,3,5,6,14,10,42,36,109,197,0,0,0,197
01/25/2012,CRP,TX,ASW,CE,Combined TRACON& Tower with Radar,15,31,24,86,156,1,14,9,12,36,16,45,33,98,192,0,20,20,212
01/26/2012,CRP,TX,ASW,CE,Combined TRACON& Tower with Radar,11,40,30,39,120,1,20,46,18,85,12,60,76,57,205,0,88,88,293
01/27/2012,CRP,TX,ASW,CE,Combined TRACON& Tower with Radar,10,50,28,46,134,0,13,34,11,58,10,63,62,57,192,4,102,106,298
01/28/2012,CRP,TX,ASW,CE,Combined TRACON& Tower with Radar,4,27,10,49,90,0,3,19,23,45,4,30,29,72,135,4,170,174,309
01/29/2012,CRP,TX,ASW,CE,Combined TRACON& Tower with Radar,8,35,9,50,102,0,12,27,17,56,8,47,36,67,158,12,124,136,294
01/30/2012,CRP,TX,ASW,CE,Combined TRACON& Tower with Radar,10,45,16,59,130,1,13,12,1,27,11,58,28,60,157,0,30,30,187
01/31/2012,CRP,TX,ASW,CE,Combined TRACON& Tower with Radar,10,40,34,71,155,1,5,13,4,23,11,45,47,75,178,18,138,156,334
02/01/2012,CRP,TX,ASW,CE,Combined TRACON& Tower with Radar,9,38,35,39,121,1,4,13,6,24,10,42,48,45,145,14,64,78,223
02/02/2012,CRP,TX,ASW,CE,Combined TRACON& Tower with Radar,9,47,39,67,162,1,2,14,0,17,10,49,53,67,179,0,20,20,199
02/03/2012,CRP,TX,ASW,CE,Combined TRACON& Tower with Radar,11,50,22,68,151,1,8,11,5,25,12,58,33,73,176,0,88,88,264
02/04/2012,CRP,TX,ASW,CE,Combined TRACON& Tower with Radar,8,27,8,29,72,0,2,7,1,10,8,29,15,30,82,0,2,2,84
02/05/2012,CRP,TX,ASW,CE,Combined TRACON& Tower with Radar,8,32,8,20,68,0,4,3,4,11,8,36,11,24,79,0,8,8,87
02/06/2012,CRP,TX,ASW,CE,Combined TRACON& Tower with Radar,12,41,33,89,175,0,5,16,6,27,12,46,49,95,202,0,186,186,388
02/07/2012,CRP,TX,ASW,CE,Combined TRACON& Tower with Radar,10,41,17,85,153,0,17,22,8,47,10,58,39,93,200,14,114,128,328
02/08/2012,CRP,TX,ASW,CE,Combined TRACON& Tower with Radar,8,42,36,68,154,0,13,25,6,44,8,55,61,74,198,0,94,94,292
02/09/2012,CRP,TX,ASW,CE,Combined TRACON& Tower with Radar,10,49,29,94,182,0,15,11,2,28,10,64,40,96,210,0,12,12,222
02/10/2012,CRP,TX,ASW,CE,Combined TRACON& Tower with Radar,10,50,33,93,186,0,7,15,6,28,10,57,48,99,214,0,20,20,234
02/11/2012,CRP,TX,ASW,CE,Combined TRACON& Tower with Radar,4,31,6,48,89,0,14,44,29,87,4,45,50,77,176,0,228,228,404
02/12/2012,CRP,TX,ASW,CE,Combined TRACON& Tower with Radar,8,33,10,44,95,0,7,8,7,22,8,40,18,51,117,0,86,86,203
02/13/2012,CRP,TX,ASW,CE,Combined TRACON& Tower with Radar,10,43,30,86,169,0,3,10,8,21,10,46,40,94,190,0,58,58,248
02/14/2012,CRP,TX,ASW,CE,Combined TRACON& Tower with Radar,8,44,30,71,153,2,0,9,5,16,10,44,39,76,169,0,40,40,209
02/15/2012,CRP,TX,ASW,CE,Combined TRACON& Tower with Radar,10,39,44,64,157,0,9,20,6,35,10,48,64,70,192,0,118,118,310
02/16/2012,CRP,TX,ASW,CE,Combined TRACON& Tower with Radar,10,35,40,75,160,0,6,16,13,35,10,41,56,88,195,0,210,210,405
02/17/2012,CRP,TX,ASW,CE,Combined TRACON& Tower with Radar,11,46,25,46,128,1,2,2,1,6,12,48,27,47,134,0,0,0,134
02/18/2012,CRP,TX,ASW,CE,Combined TRACON& Tower with Radar,6,38,19,26,89,0,2,7,10,19,6,40,26,36,108,0,0,0,108
02/19/2012,CRP,TX,ASW,CE,Combined TRACON& Tower with Radar,8,31,24,22,85,0,4,47,22,73,8,35,71,44,158,24,144,168,326
02/20/2012,CRP,TX,ASW,CE,Combined TRACON& Tower with Radar,12,42,30,33,117,0,1,26,9,36,12,43,56,42,153,14,42,56,209
02/21/2012,CRP,TX,ASW,CE,Combined TRACON& Tower with Radar,10,45,34,54,143,0,4,37,7,48,10,49,71,61,191,0,56,56,247
02/22/2012,CRP,TX,ASW,CE,Combined TRACON& Tower with Radar,6,47,22,94,169,4,8,14,5,31,10,55,36,99,200,0,134,134,334
02/23/2012,CRP,TX,ASW,CE,Combined TRACON& Tower with Radar,12,40,25,91,168,0,7,26,9,42,12,47,51,100,210,0,52,52,262
02/24/2012,CRP,TX,ASW,CE,Combined TRACON& Tower with Radar,10,45,20,42,117,0,15,25,9,49,10,60,45,51,166,6,30,36,202
02/25/2012,CRP,TX,ASW,CE,Combined TRACON& Tower with Radar,4,32,13,20,69,0,7,14,8,29,4,39,27,28,98,14,26,40,138
02/26/2012,CRP,TX,ASW,CE,Combined TRACON& Tower with Radar,9,36,15,28,88,1,1,22,11,35,10,37,37,39,123,8,34,42,165
02/27/2012,CRP,TX,ASW,CE,Combined TRACON& Tower with Radar,8,44,18,29,99,0,0,2,2,4,8,44,20,31,103,0,28,28,131
02/28/2012,CRP,TX,ASW,CE,Combined TRACON& Tower with Radar,10,41,29,35,115,0,6,6,10,22,10,47,35,45,137,0,42,42,179
02/29/2012,CRP,TX,ASW,CE,Combined TRACON& Tower with Radar,8,35,26,51,120,2,4,29,13,48,10,39,55,64,168,0,140,140,308
03/01/2012,CRP,TX,ASW,CE,Combined TRACON& Tower with Radar,10,36,21,88,155,0,13,15,13,41,10,49,36,101,196,0,78,78,274
03/02/2012,CRP,TX,ASW,CE,Combined TRACON& Tower with Radar,6,48,24,59,137,1,11,27,6,45,7,59,51,65,182,6,48,54,236
03/03/2012,CRP,TX,ASW,CE,Combined TRACON& Tower with Radar,5,31,25,32,93,0,7,20,9,36,5,38,45,41,129,4,20,24,153
03/04/2012,CRP,TX,ASW,CE,Combined TRACON& Tower with Radar,8,34,22,49,113,0,12,37,8,57,8,46,59,57,170,34,62,96,266
03/05/2012,CRP,TX,ASW,CE,Combined TRACON& Tower with Radar,9,39,18,51,117,1,7,35,11,54,10,46,53,62,171,28,76,104,275
03/06/2012,CRP,TX,ASW,CE,Combined TRACON& Tower with Radar,8,39,34,83,164,2,14,17,8,41,10,53,51,91,205,0,26,26,231
03/07/2012,CRP,TX,ASW,CE,Combined TRACON& Tower with Radar,8,42,41,97,188,0,1,13,3,17,8,43,54,100,205,12,36,48,253
03/08/2012,CRP,TX,ASW,CE,Combined TRACON& Tower with Radar,10,50,36,54,150,0,6,8,1,15,10,56,44,55,165,0,14,14,179
03/09/2012,CRP,TX,ASW,CE,Combined TRACON& Tower with Radar,16,53,27,69,165,0,1,4,2,7,16,54,31,71,172,0,0,0,172
03/10/2012,CRP,TX,ASW,CE,Combined TRACON& Tower with Radar,6,32,22,47,107,0,0,0,0,0,6,32,22,47,107,0,0,0,107
03/11/2012,CRP,TX,ASW,CE,Combined TRACON& Tower with Radar,8,37,7,61,113,0,6,13,0,19,8,43,20,61,132,0,30,30,162
03/12/2012,CRP,TX,ASW,CE,Combined TRACON& Tower with Radar,8,42,29,37,116,2,9,4,2,17,10,51,33,39,133,0,0,0,133
03/13/2012,CRP,TX,ASW,CE,Combined TRACON& Tower with Radar,10,40,37,66,153,0,4,13,7,24,10,44,50,73,177,0,44,44,221
03/14/2012,CRP,TX,ASW,CE,Combined TRACON& Tower with Radar,8,47,25,73,153,2,8,20,15,45,10,55,45,88,198,0,88,88,286
03/15/2012,CRP,TX,ASW,CE,Combined TRACON& Tower with Radar,10,47,36,56,149,0,14,20,4,38,10,61,56,60,187,12,42,54,241
03/16/2012,CRP,TX,ASW,CE,Combined TRACON& Tower with Radar,9,43,28,92,172,1,10,6,14,31,10,53,34,106,203,0,0,0,203
03/17/2012,CRP,TX,ASW,CE,Combined TRACON& Tower with Radar,6,38,15,28,87,0,13,8,6,27,6,51,23,34,114,0,86,86,200
03/18/2012,CRP,TX,ASW,CE,Combined TRACON& Tower with Radar,8,35,13,31,87,0,1,10,7,18,8,36,23,38,105,0,24,24,129
03/19/2012,CRP,TX,ASW,CE,Combined TRACON& Tower with Radar,12,32,20,65,129,0,11,10,2,23,12,43,30,67,152,0,48,48,200
03/20/2012,CRP,TX,ASW,CE,Combined TRACON& Tower with Radar,7,37,8,48,100,1,7,8,8,24,8,44,16,56,124,34,104,138,262
03/21/2012,CRP,TX,ASW,CE,Combined TRACON& Tower with Radar,10,38,22,61,131,0,14,41,7,62,10,52,63,68,193,22,52,74,267
03/22/2012,CRP,TX,ASW,CE,Combined TRACON& Tower with Radar,12,38,40,45,135,0,14,49,19,82,12,52,89,64,217,14,50,64,281
03/23/2012,CRP,TX,ASW,CE,Combined TRACON& Tower with Radar,8,48,31,55,142,0,11,33,17,61,8,59,64,72,203,30,4,34,237
03/24/2012,CRP,TX,ASW,CE,Combined TRACON& Tower with Radar,6,27,12,45,90,0,1,30,12,43,6,28,42,57,133,10,94,104,237
03/25/2012,CRP,TX,ASW,CE,Combined TRACON& Tower with Radar,10,35,7,29,81,0,4,34,9,47,10,39,41,38,128,0,52,52,180
03/26/2012,CRP,TX,ASW,CE,Combined TRACON& Tower with Radar,7,41,24,98,170,1,7,29,10,47,8,48,53,108,217,2,88,90,307
03/27/2012,CRP,TX,ASW,CE,Combined TRACON& Tower with Radar,9,39,37,78,163,1,15,26,12,54,10,54,63,90,217,28,120,148,365
03/28/2012,CRP,TX,ASW,CE,Combined TRACON& Tower with Radar,12,49,16,81,158,0,14,15,13,42,12,63,31,94,200,14,72,86,286
03/29/2012,CRP,TX,ASW,CE,Combined TRACON& Tower with Radar,11,48,21,50,130,0,4,6,5,15,11,52,27,55,145,0,44,44,189
03/30/2012,CRP,TX,ASW,CE,Combined TRACON& Tower with Radar,9,48,29,39,125,2,13,37,18,70,11,61,66,57,195,12,112,124,319
03/31/2012,CRP,TX,ASW,CE,Combined TRACON& Tower with Radar,8,31,7,43,89,0,4,24,5,33,8,35,31,48,122,16,0,16,138
04/01/2012,CRP,TX,ASW,CE,Combined TRACON& Tower with Radar,6,32,12,41,91,0,0,17,5,22,6,32,29,46,113,0,8,8,121
04/02/2012,CRP,TX,ASW,CE,Combined TRACON& Tower with Radar,14,40,20,75,149,0,7,27,7,41,14,47,47,82,190,14,44,58,248
04/03/2012,CRP,TX,ASW,CE,Combined TRACON& Tower with Radar,8,40,39,75,162,0,11,15,1,27,8,51,54,76,189,0,14,14,203
04/04/2012,CRP,TX,ASW,CE,Combined TRACON& Tower with Radar,9,38,24,50,121,1,12,17,5,35,10,50,41,55,156,2,42,44,200
04/05/2012,CRP,TX,ASW,CE,Combined TRACON& Tower with Radar,9,45,19,62,135,1,16,33,2,52,10,61,52,64,187,22,20,42,229
04/06/2012,CRP,TX,ASW,CE,Combined TRACON& Tower with Radar,10,42,17,77,146,0,15,49,8,72,10,57,66,85,218,4,0,4,222
04/07/2012,CRP,TX,ASW,CE,Combined TRACON& Tower with Radar,6,29,17,8,60,0,5,29,9,43,6,34,46,17,103,2,66,68,171
04/08/2012,CRP,TX,ASW,CE,Combined TRACON& Tower with Radar,8,36,18,40,102,0,4,30,8,42,8,40,48,48,144,0,30,30,174
04/09/2012,CRP,TX,ASW,CE,Combined TRACON& Tower with Radar,9,39,18,120,186,1,10,38,7,56,10,49,56,127,242,6,90,96,338
04/10/2012,CRP,TX,ASW,CE,Combined TRACON& Tower with Radar,10,42,33,101,186,0,11,54,22,87,10,53,87,123,273,8,62,70,343
04/11/2012,CRP,TX,ASW,CE,Combined TRACON& Tower with Radar,11,43,26,82,162,0,11,47,13,71,11,54,73,95,233,0,52,52,285
04/12/2012,CRP,TX,ASW,CE,Combined TRACON& Tower with Radar,11,40,29,43,123,2,10,32,9,53,13,50,61,52,176,14,12,26,202
04/13/2012,CRP,TX,ASW,CE,Combined TRACON& Tower with Radar,8,42,37,36,123,2,7,14,5,28,10,49,51,41,151,2,28,30,181
04/14/2012,CRP,TX,ASW,CE,Combined TRACON& Tower with Radar,4,27,20,15,66,0,7,3,2,12,4,34,23,17,78,0,0,0,78
04/15/2012,CRP,TX,ASW,CE,Combined TRACON& Tower with Radar,11,25,13,39,88,0,5,4,5,14,11,30,17,44,102,0,62,62,164
04/16/2012,CRP,TX,ASW,CE,Combined TRACON& Tower with Radar,10,41,19,39,109,0,4,0,0,4,10,45,19,39,113,0,48,48,161
04/17/2012,CRP,TX,ASW,CE,Combined TRACON& Tower with Radar,9,45,20,88,162,1,7,34,5,47,10,52,54,93,209,24,24,48,257
04/18/2012,CRP,TX,ASW,CE,Combined TRACON& Tower with Radar,10,39,44,85,178,1,10,54,17,82,11,49,98,102,260,16,58,74,334
04/19/2012,CRP,TX,ASW,CE,Combined TRACON& Tower with Radar,9,46,32,56,143,1,19,38,15,73,10,65,70,71,216,18,108,126,342
04/20/2012,CRP,TX,ASW,CE,Combined TRACON& Tower with Radar,10,47,20,41,118,0,2,15,7,24,10,49,35,48,142,0,0,0,142
04/21/2012,CRP,TX,ASW,CE,Combined TRACON& Tower with Radar,6,28,12,21,67,0,2,33,8,43,6,30,45,29,110,0,76,76,186
04/22/2012,CRP,TX,ASW,CE,Combined TRACON& Tower with Radar,8,32,14,28,82,0,5,33,7,45,8,37,47,35,127,2,4,6,133
04/23/2012,CRP,TX,ASW,CE,Combined TRACON& Tower with Radar,12,37,17,94,160,0,14,31,13,58,12,51,48,107,218,0,98,98,316
04/24/2012,CRP,TX,ASW,CE,Combined TRACON& Tower with Radar,10,41,28,71,150,0,17,33,8,58,10,58,61,79,208,22,30,52,260
04/25/2012,CRP,TX,ASW,CE,Combined TRACON& Tower with Radar,9,44,24,81,158,1,18,28,15,62,10,62,52,96,220,30,116,146,366
04/26/2012,CRP,TX,ASW,CE,Combined TRACON& Tower with Radar,10,39,24,86,159,0,16,44,5,65,10,55,68,91,224,2,82,84,308
04/27/2012,CRP,TX,ASW,CE,Combined TRACON& Tower with Radar,10,45,19,54,128,2,8,17,12,39,12,53,36,66,167,6,20,26,193
04/28/2012,CRP,TX,ASW,CE,Combined TRACON& Tower with Radar,6,29,17,103,155,0,6,9,9,24,6,35,26,112,179,0,36,36,215
04/29/2012,CRP,TX,ASW,CE,Combined TRACON& Tower with Radar,8,32,16,94,150,0,5,7,10,22,8,37,23,104,172,24,52,76,248
04/30/2012,CRP,TX,ASW,CE,Combined TRACON& Tower with Radar,10,41,14,75,140,0,12,24,10,46,10,53,38,85,186,0,100,100,286
05/01/2012,CRP,TX,ASW,CE,Combined TRACON& Tower with Radar,10,46,37,89,182,0,12,17,9,38,10,58,54,98,220,10,214,224,444
05/02/2012,CRP,TX,ASW,CE,Combined TRACON& Tower with Radar,10,53,49,94,206,0,4,24,10,38,10,57,73,104,244,6,82,88,332
05/03/2012,CRP,TX,ASW,CE,Combined TRACON& Tower with Radar,10,49,30,76,165,0,14,38,13,65,10,63,68,89,230,30,36,66,296
05/04/2012,CRP,TX,ASW,CE,Combined TRACON& Tower with Radar,10,42,30,61,143,0,7,22,6,35,10,49,52,67,178,26,8,34,212
05/05/2012,CRP,TX,ASW,CE,Combined TRACON& Tower with Radar,6,29,6,32,73,0,8,12,9,29,6,37,18,41,102,10,0,10,112
05/06/2012,CRP,TX,ASW,CE,Combined TRACON& Tower with Radar,8,33,17,25,83,0,4,11,8,23,8,37,28,33,106,4,80,84,190
05/07/2012,CRP,TX,ASW,CE,Combined TRACON& Tower with Radar,9,41,28,38,116,1,4,26,10,41,10,45,54,48,157,4,76,80,237
05/08/2012,CRP,TX,ASW,CE,Combined TRACON& Tower with Radar,10,43,17,22,92,0,10,9,5,24,10,53,26,27,116,0,94,94,210
05/09/2012,CRP,TX,ASW,CE,Combined TRACON& Tower with Radar,10,49,43,47,149,0,7,14,8,29,10,56,57,55,178,0,54,54,232
05/10/2012,CRP,TX,ASW,CE,Combined TRACON& Tower with Radar,12,43,13,6,74,0,2,5,1,8,12,45,18,7,82,18,0,18,100
05/11/2012,CRP,TX,ASW,CE,Combined TRACON& Tower with Radar,12,46,26,42,126,0,9,14,13,36,12,55,40,55,162,28,94,122,284
05/12/2012,CRP,TX,ASW,CE,Combined TRACON& Tower with Radar,6,30,20,36,92,0,0,18,11,29,6,30,38,47,121,10,26,36,157
05/13/2012,CRP,TX,ASW,CE,Combined TRACON& Tower with Radar,10,29,14,37,90,0,2,20,9,31,10,31,34,46,121,0,20,20,141
05/14/2012,CRP,TX,ASW,CE,Combined TRACON& Tower with Radar,12,43,22,102,179,0,12,35,12,59,12,55,57,114,238,26,54,80,318
05/15/2012,CRP,TX,ASW,CE,Combined TRACON& Tower with Radar,6,42,47,57,152,0,4,7,6,17,6,46,54,63,169,0,12,12,181
05/16/2012,CRP,TX,ASW,CE,Combined TRACON& Tower with Radar,10,40,36,76,162,0,8,32,18,58,10,48,68,94,220,8,28,36,256
05/17/2012,CRP,TX,ASW,CE,Combined TRACON& Tower with Radar,12,46,43,76,177,0,3,17,14,34,12,49,60,90,211,26,4,30,241
05/18/2012,CRP,TX,ASW,CE,Combined TRACON& Tower with Radar,10,46,37,88,181,0,6,22,14,42,10,52,59,102,223,36,62,98,321
05/19/2012,CRP,TX,ASW,CE,Combined TRACON& Tower with Radar,6,31,12,61,110,0,2,27,19,48,6,33,39,80,158,0,26,26,184
05/20/2012,CRP,TX,ASW,CE,Combined TRACON& Tower with Radar,8,34,13,54,109,0,3,31,15,49,8,37,44,69,158,6,52,58,216
05/21/2012,CRP,TX,ASW,CE,Combined TRACON& Tower with Radar,10,44,18,75,147,0,4,37,25,66,10,48,55,100,213,14,114,128,341
05/22/2012,CRP,TX,ASW,CE,Combined TRACON& Tower with Radar,10,39,21,67,137,0,7,33,11,51,10,46,54,78,188,40,150,190,378
05/23/2012,CRP,TX,ASW,CE,Combined TRACON& Tower with Radar,10,50,31,64,155,0,5,25,5,35,10,55,56,69,190,0,112,112,302
05/24/2012,CRP,TX,ASW,CE,Combined TRACON& Tower with Radar,10,48,38,107,203,0,6,24,10,40,10,54,62,117,243,2,52,54,297
05/25/2012,CRP,TX,ASW,CE,Combined TRACON& Tower with Radar,10,50,23,75,158,0,1,29,13,43,10,51,52,88,201,0,40,40,241
05/26/2012,CRP,TX,ASW,CE,Combined TRACON& Tower with Radar,6,26,18,45,95,0,2,16,14,32,6,28,34,59,127,18,4,22,149
05/27/2012,CRP,TX,ASW,CE,Combined TRACON& Tower with Radar,8,24,14,21,67,0,0,12,10,22,8,24,26,31,89,40,42,82,171
05/28/2012,CRP,TX,ASW,CE,Combined TRACON& Tower with Radar,8,34,17,27,86,0,9,32,5,46,8,43,49,32,132,8,34,42,174
05/29/2012,CRP,TX,ASW,CE,Combined TRACON& Tower with Radar,9,49,25,59,142,0,7,17,13,37,9,56,42,72,179,12,40,52,231
05/30/2012,CRP,TX,ASW,CE,Combined TRACON& Tower with Radar,11,42,26,78,157,0,7,16,16,39,11,49,42,94,196,0,0,0,196
05/31/2012,CRP,TX,ASW,CE,Combined TRACON& Tower with Radar,12,43,21,68,144,0,1,22,8,31,12,44,43,76,175,6,92,98,273
06/01/2012,CRP,TX,ASW,CE,Combined TRACON& Tower with Radar,11,49,21,50,131,0,7,32,32,71,11,56,53,82,202,0,0,0,202
06/02/2012,CRP,TX,ASW,CE,Combined TRACON& Tower with Radar,6,28,11,43,88,0,1,30,15,46,6,29,41,58,134,12,92,104,238
06/03/2012,CRP,TX,ASW,CE,Combined TRACON& Tower with Radar,10,31,20,66,127,0,4,17,14,35,10,35,37,80,162,18,36,54,216
06/04/2012,CRP,TX,ASW,CE,Combined TRACON& Tower with Radar,14,42,21,116,193,0,4,28,10,42,14,46,49,126,235,0,0,0,235
06/05/2012,CRP,TX,ASW,CE,Combined TRACON& Tower with Radar,8,44,31,132,215,0,5,28,24,57,8,49,59,156,272,38,76,114,386
06/06/2012,CRP,TX,ASW,CE,Combined TRACON& Tower with Radar,8,40,29,86,163,0,2,46,20,68,8,42,75,106,231,12,8,20,251
06/07/2012,CRP,TX,ASW,CE,Combined TRACON& Tower with Radar,10,43,32,58,143,0,4,19,28,51,10,47,51,86,194,16,72,88,282
06/08/2012,CRP,TX,ASW,CE,Combined TRACON& Tower with Radar,10,39,21,42,112,0,7,43,32,82,10,46,64,74,194,36,136,172,366
06/09/2012,CRP,TX,ASW,CE,Combined TRACON& Tower with Radar,6,35,8,51,100,0,2,29,27,58,6,37,37,78,158,0,58,58,216
06/10/2012,CRP,TX,ASW,CE,Combined TRACON& Tower with Radar,8,30,12,63,113,0,3,30,28,61,8,33,42,91,174,10,120,130,304
06/11/2012,CRP,TX,ASW,CE,Combined TRACON& Tower with Radar,10,39,32,95,176,0,6,27,20,53,10,45,59,115,229,0,0,0,229
06/12/2012,CRP,TX,ASW,CE,Combined TRACON& Tower with Radar,10,37,33,69,149,0,4,20,15,39,10,41,53,84,188,16,74,90,278
06/13/2012,CRP,TX,ASW,CE,Combined TRACON& Tower with Radar,10,40,43,95,188,0,8,23,23,54,10,48,66,118,242,0,72,72,314
06/14/2012,CRP,TX,ASW,CE,Combined TRACON& Tower with Radar,10,42,26,79,157,0,5,34,9,48,10,47,60,88,205,2,52,54,259
06/15/2012,CRP,TX,ASW,CE,Combined TRACON& Tower with Radar,10,46,27,45,128,0,5,31,9,45,10,51,58,54,173,30,46,76,249
06/16/2012,CRP,TX,ASW,CE,Combined TRACON& Tower with Radar,6,34,11,39,90,0,1,24,4,29,6,35,35,43,119,26,12,38,157
06/17/2012,CRP,TX,ASW,CE,Combined TRACON& Tower with Radar,8,34,8,9,59,0,4,23,8,35,8,38,31,17,94,36,78,114,208
06/18/2012,CRP,TX,ASW,CE,Combined TRACON& Tower with Radar,10,49,37,72,168,0,2,44,21,67,10,51,81,93,235,14,176,190,425
06/19/2012,CRP,TX,ASW,CE,Combined TRACON& Tower with Radar,10,40,24,107,181,0,6,34,22,62,10,46,58,129,243,0,156,156,399
06/20/2012,CRP,TX,ASW,CE,Combined TRACON& Tower with Radar,10,41,38,54,143,0,8,16,12,36,10,49,54,66,179,20,62,82,261
06/21/2012,CRP,TX,ASW,CE,Combined TRACON& Tower with Radar,10,42,22,62,136,0,4,16,14,34,10,46,38,76,170,6,82,88,258
06/22/2012,CRP,TX,ASW,CE,Combined TRACON& Tower with Radar,14,38,22,47,121,0,5,43,10,58,14,43,65,57,179,14,78,92,271
06/23/2012,CRP,TX,ASW,CE,Combined TRACON& Tower with Radar,8,32,9,24,73,0,4,24,6,34,8,36,33,30,107,0,0,0,107
06/24/2012,CRP,TX,ASW,CE,Combined TRACON& Tower with Radar,8,31,11,23,73,0,3,31,3,37,8,34,42,26,110,18,10,28,138
06/25/2012,CRP,TX,ASW,CE,Combined TRACON& Tower with Radar,14,34,12,73,133,0,9,22,6,37,14,43,34,79,170,0,38,38,208
06/26/2012,CRP,TX,ASW,CE,Combined TRACON& Tower with Radar,10,38,25,56,129,0,6,26,10,42,10,44,51,66,171,16,72,88,259
06/27/2012,CRP,TX,ASW,CE,Combined TRACON& Tower with Radar,10,46,33,56,145,0,4,35,19,58,10,50,68,75,203,6,50,56,259
06/28/2012,CRP,TX,ASW,CE,Combined TRACON& Tower with Radar,10,43,31,99,183,0,5,27,8,40,10,48,58,107,223,24,70,94,317
06/29/2012,CRP,TX,ASW,CE,Combined TRACON& Tower with Radar,10,39,14,83,146,0,7,30,13,50,10,46,44,96,196,20,10,30,226
06/30/2012,CRP,TX,ASW,CE,Combined TRACON& Tower with Radar,6,33,10,38,87,0,1,5,4,10,6,34,15,42,97,0,64,64,161
07/01/2012,CRP,TX,ASW,CE,Combined TRACON& Tower with Radar,10,33,10,43,96,0,0,4,12,16,10,33,14,55,112,0,80,80,192
07/02/2012,CRP,TX,ASW,CE,Combined TRACON& Tower with Radar,9,39,17,76,141,0,4,24,12,40,9,43,41,88,181,16,54,70,251
07/03/2012,CRP,TX,ASW,CE,Combined TRACON& Tower with Radar,9,40,34,67,150,0,10,20,14,44,9,50,54,81,194,16,68,84,278
07/04/2012,CRP,TX,ASW,CE,Combined TRACON& Tower with Radar,8,22,8,12,50,0,2,19,1,22,8,24,27,13,72,0,0,0,72
07/05/2012,CRP,TX,ASW,CE,Combined TRACON& Tower with Radar,10,46,16,77,149,0,6,36,19,61,10,52,52,96,210,4,56,60,270
07/06/2012,CRP,TX,ASW,CE,Combined TRACON& Tower with Radar,10,47,14,60,131,0,6,27,14,47,10,53,41,74,178,16,48,64,242
07/07/2012,CRP,TX,ASW,CE,Combined TRACON& Tower with Radar,6,31,9,43,89,0,1,10,12,23,6,32,19,55,112,0,22,22,134
07/08/2012,CRP,TX,ASW,CE,Combined TRACON& Tower with Radar,8,30,11,28,77,0,2,12,17,31,8,32,23,45,108,0,34,34,142
07/09/2012,CRP,TX,ASW,CE,Combined TRACON& Tower with Radar,15,34,30,109,188,1,5,25,28,59,16,39,55,137,247,24,78,102,349
07/10/2012,CRP,TX,ASW,CE,Combined TRACON& Tower with Radar,10,45,28,93,176,0,9,15,12,36,10,54,43,105,212,8,34,42,254
07/11/2012,CRP,TX,ASW,CE,Combined TRACON& Tower with Radar,14,50,32,66,162,0,3,14,5,22,14,53,46,71,184,30,40,70,254
07/12/2012,CRP,TX,ASW,CE,Combined TRACON& Tower with Radar,10,51,40,151,252,0,3,13,17,33,10,54,53,168,285,6,48,54,339
07/13/2012,CRP,TX,ASW,CE,Combined TRACON& Tower with Radar,12,51,26,90,179,0,6,14,14,34,12,57,40,104,213,0,98,98,311
07/14/2012,CRP,TX,ASW,CE,Combined TRACON& Tower with Radar,8,32,14,15,69,0,0,19,22,41,8,32,33,37,110,0,96,96,206
07/15/2012,CRP,TX,ASW,CE,Combined TRACON& Tower with Radar,12,33,14,54,113,0,0,14,16,30,12,33,28,70,143,0,70,70,213
07/16/2012,CRP,TX,ASW,CE,Combined TRACON& Tower with Radar,10,41,16,124,191,0,4,14,12,30,10,45,30,136,221,16,104,120,341
07/17/2012,CRP,TX,ASW,CE,Combined TRACON& Tower with Radar,10,47,33,69,159,0,6,23,16,45,10,53,56,85,204,2,102,104,308
07/18/2012,CRP,TX,ASW,CE,Combined TRACON& Tower with Radar,10,45,35,106,196,0,2,18,12,32,10,47,53,118,228,8,104,112,340
07/19/2012,CRP,TX,ASW,CE,Combined TRACON& Tower with Radar,8,41,28,86,163,0,8,32,13,53,8,49,60,99,216,6,60,66,282
07/20/2012,CRP,TX,ASW,CE,Combined TRACON& Tower with Radar,10,40,21,75,146,0,2,30,17,49,10,42,51,92,195,6,44,50,245
07/21/2012,CRP,TX,ASW,CE,Combined TRACON& Tower with Radar,6,30,4,92,132,0,1,22,19,42,6,31,26,111,174,0,40,40,214
07/22/2012,CRP,TX,ASW,CE,Combined TRACON& Tower with Radar,8,35,14,72,129,0,5,14,34,53,8,40,28,106,182,4,150,154,336
07/23/2012,CRP,TX,ASW,CE,Combined TRACON& Tower with Radar,10,38,24,80,152,0,4,32,16,52,10,42,56,96,204,0,96,96,300
07/24/2012,CRP,TX,ASW,CE,Combined TRACON& Tower with Radar,10,41,23,111,185,0,8,36,13,57,10,49,59,124,242,4,58,62,304
07/25/2012,CRP,TX,ASW,CE,Combined TRACON& Tower with Radar,10,43,34,84,171,0,9,44,12,65,10,52,78,96,236,10,124,134,370
07/26/2012,CRP,TX,ASW,CE,Combined TRACON& Tower with Radar,10,37,25,100,172,0,5,34,14,53,10,42,59,114,225,0,14,14,239
07/27/2012,CRP,TX,ASW,CE,Combined TRACON& Tower with Radar,10,49,25,63,147,0,8,22,18,48,10,57,47,81,195,12,78,90,285
07/28/2012,CRP,TX,ASW,CE,Combined TRACON& Tower with Radar,8,32,6,74,120,0,0,22,18,40,8,32,28,92,160,18,78,96,256
07/29/2012,CRP,TX,ASW,CE,Combined TRACON& Tower with Radar,8,33,11,77,129,0,2,30,29,61,8,35,41,106,190,4,186,190,380
07/30/2012,CRP,TX,ASW,CE,Combined TRACON& Tower with Radar,10,36,15,88,149,0,5,27,19,51,10,41,42,107,200,6,40,46,246
07/31/2012,CRP,TX,ASW,CE,Combined TRACON& Tower with Radar,12,38,33,70,153,0,10,29,18,57,12,48,62,88,210,34,144,178,388
08/01/2012,CRP,TX,ASW,CE,Combined TRACON& Tower with Radar,10,60,30,71,171,0,10,23,12,45,10,70,53,83,216,0,70,70,286
08/02/2012,CRP,TX,ASW,CE,Combined TRACON& Tower with Radar,10,38,35,72,155,0,6,30,12,48,10,44,65,84,203,16,78,94,297
08/03/2012,CRP,TX,ASW,CE,Combined TRACON& Tower with Radar,10,41,25,72,148,0,8,34,10,52,10,49,59,82,200,0,56,56,256
08/04/2012,CRP,TX,ASW,CE,Combined TRACON& Tower with Radar,6,32,16,47,101,0,0,20,16,36,6,32,36,63,137,2,88,90,227
08/05/2012,CRP,TX,ASW,CE,Combined TRACON& Tower with Radar,8,31,16,36,91,0,0,12,10,22,8,31,28,46,113,10,62,72,185
08/06/2012,CRP,TX,ASW,CE,Combined TRACON& Tower with Radar,10,39,29,96,174,0,10,41,13,64,10,49,70,109,238,20,92,112,350
08/07/2012,CRP,TX,ASW,CE,Combined TRACON& Tower with Radar,10,39,32,79,160,0,9,38,4,51,10,48,70,83,211,30,22,52,263
08/08/2012,CRP,TX,ASW,CE,Combined TRACON& Tower with Radar,10,41,38,81,170,0,11,41,17,69,10,52,79,98,239,10,110,120,359
08/09/2012,CRP,TX,ASW,CE,Combined TRACON& Tower with Radar,10,47,47,113,217,0,9,29,18,56,10,56,76,131,273,0,6,6,279
08/10/2012,CRP,TX,ASW,CE,Combined TRACON& Tower with Radar,12,43,23,77,155,0,11,37,18,66,12,54,60,95,221,0,46,46,267
08/11/2012,CRP,TX,ASW,CE,Combined TRACON& Tower with Radar,6,36,10,102,154,0,4,23,50,77,6,40,33,152,231,0,318,318,549
08/12/2012,CRP,TX,ASW,CE,Combined TRACON& Tower with Radar,8,31,12,35,86,0,3,41,46,90,8,34,53,81,176,20,234,254,430
08/13/2012,CRP,TX,ASW,CE,Combined TRACON& Tower with Radar,12,39,16,93,160,0,6,42,27,75,12,45,58,120,235,0,158,158,393
08/14/2012,CRP,TX,ASW,CE,Combined TRACON& Tower with Radar,10,35,32,104,181,0,9,29,11,49,10,44,61,115,230,4,66,70,300
08/15/2012,CRP,TX,ASW,CE,Combined TRACON& Tower with Radar,10,40,27,105,182,0,6,22,20,48,10,46,49,125,230,4,114,118,348
08/16/2012,CRP,TX,ASW,CE,Combined TRACON& Tower with Radar,10,45,19,110,184,0,9,24,15,48,10,54,43,125,232,18,20,38,270
08/17/2012,CRP,TX,ASW,CE,Combined TRACON& Tower with Radar,10,39,21,82,152,0,5,30,27,62,10,44,51,109,214,0,136,136,350
08/18/2012,CRP,TX,ASW,CE,Combined TRACON& Tower with Radar,6,25,13,114,158,0,5,27,11,43,6,30,40,125,201,2,58,60,261
08/19/2012,CRP,TX,ASW,CE,Combined TRACON& Tower with Radar,8,26,14,26,74,0,1,6,10,17,8,27,20,36,91,54,8,62,153
08/20/2012,CRP,TX,ASW,CE,Combined TRACON& Tower with Radar,10,39,15,97,161,0,9,25,23,57,10,48,40,120,218,30,180,210,428
08/21/2012,CRP,TX,ASW,CE,Combined TRACON& Tower with Radar,10,39,23,170,242,0,8,22,27,57,10,47,45,197,299,22,116,138,437
08/22/2012,CRP,TX,ASW,CE,Combined TRACON& Tower with Radar,10,42,25,145,222,0,10,30,34,74,10,52,55,179,296,54,84,138,434
08/23/2012,CRP,TX,ASW,CE,Combined TRACON& Tower with Radar,9,36,23,85,153,0,9,28,15,52,9,45,51,100,205,14,80,94,299
08/24/2012,CRP,TX,ASW,CE,Combined TRACON& Tower with Radar,12,40,29,117,198,0,7,19,19,45,12,47,48,136,243,4,30,34,277
08/25/2012,CRP,TX,ASW,CE,Combined TRACON& Tower with Radar,6,32,16,64,118,0,2,32,14,48,6,34,48,78,166,6,116,122,288
08/26/2012,CRP,TX,ASW,CE,Combined TRACON& Tower with Radar,8,34,13,79,134,0,4,13,29,46,8,38,26,108,180,0,96,96,276
08/27/2012,CRP,TX,ASW,CE,Combined TRACON& Tower with Radar,12,37,32,70,151,0,4,23,18,45,12,41,55,88,196,0,78,78,274
08/28/2012,CRP,TX,ASW,CE,Combined TRACON& Tower with Radar,10,35,23,79,147,0,7,10,17,34,10,42,33,96,181,0,92,92,273
08/29/2012,CRP,TX,ASW,CE,Combined TRACON& Tower with Radar,10,41,20,65,136,0,7,26,24,57,10,48,46,89,193,0,98,98,291
08/30/2012,CRP,TX,ASW,CE,Combined TRACON& Tower with Radar,10,39,24,70,143,0,7,20,8,35,10,46,44,78,178,0,22,22,200
08/31/2012,CRP,TX,ASW,CE,Combined TRACON& Tower with Radar,14,43,28,24,109,0,5,32,8,45,14,48,60,32,154,10,0,10,164
09/01/2012,CRP,TX,ASW,CE,Combined TRACON& Tower with Radar,6,22,9,52,89,0,3,13,10,26,6,25,22,62,115,6,10,16,131
09/02/2012,CRP,TX,ASW,CE,Combined TRACON& Tower with Radar,6,22,5,30,63,0,1,11,12,24,6,23,16,42,87,0,26,26,113
09/03/2012,CRP,TX,ASW,CE,Combined TRACON& Tower with Radar,10,31,21,44,106,0,0,26,8,34,10,31,47,52,140,12,58,70,210
09/04/2012,CRP,TX,ASW,CE,Combined TRACON& Tower with Radar,10,35,21,71,137,0,7,36,11,54,10,42,57,82,191,12,118,130,321
09/05/2012,CRP,TX,ASW,CE,Combined TRACON& Tower with Radar,10,36,32,61,139,0,15,29,14,58,10,51,61,75,197,20,18,38,235
09/06/2012,CRP,TX,ASW,CE,Combined TRACON& Tower with Radar,10,38,22,66,136,0,8,23,28,59,10,46,45,94,195,16,160,176,371
09/07/2012,CRP,TX,ASW,CE,Combined TRACON& Tower with Radar,10,44,17,102,173,0,9,25,22,56,10,53,42,124,229,22,144,166,395
09/08/2012,CRP,TX,ASW,CE,Combined TRACON& Tower with Radar,6,23,8,93,130,0,4,18,31,53,6,27,26,124,183,0,80,80,263
09/09/2012,CRP,TX,ASW,CE,Combined TRACON& Tower with Radar,8,30,14,44,96,0,2,26,24,52,8,32,40,68,148,10,68,78,226
09/10/2012,CRP,TX,ASW,CE,Combined TRACON& Tower with Radar,10,40,24,68,142,0,5,29,23,57,10,45,53,91,199,16,100,116,315
09/11/2012,CRP,TX,ASW,CE,Combined TRACON& Tower with Radar,8,44,23,124,199,0,6,34,28,68,8,50,57,152,267,0,62,62,329
09/12/2012,CRP,TX,ASW,CE,Combined TRACON& Tower with Radar,10,40,26,76,152,0,10,22,17,49,10,50,48,93,201,0,78,78,279
09/13/2012,CRP,TX,ASW,CE,Combined TRACON& Tower with Radar,16,45,18,72,151,0,7,12,28,47,16,52,30,100,198,60,104,164,362
09/14/2012,CRP,TX,ASW,CE,Combined TRACON& Tower with Radar,10,49,20,34,113,0,6,8,12,26,10,55,28,46,139,0,0,0,139
09/15/2012,CRP,TX,ASW,CE,Combined TRACON& Tower with Radar,6,27,27,43,103,0,4,15,4,23,6,31,42,47,126,4,28,32,158
09/16/2012,CRP,TX,ASW,CE,Combined TRACON& Tower with Radar,8,33,25,22,88,0,3,1,3,7,8,36,26,25,95,0,0,0,95
09/17/2012,CRP,TX,ASW,CE,Combined TRACON& Tower with Radar,10,42,20,63,135,0,5,10,20,35,10,47,30,83,170,14,12,26,196
09/18/2012,CRP,TX,ASW,CE,Combined TRACON& Tower with Radar,10,39,26,57,132,0,7,32,33,72,10,46,58,90,204,36,102,138,342
09/19/2012,CRP,TX,ASW,CE,Combined TRACON& Tower with Radar,10,35,32,123,200,0,6,49,27,82,10,41,81,150,282,20,88,108,390
09/20/2012,CRP,TX,ASW,CE,Combined TRACON& Tower with Radar,9,39,25,92,165,0,3,58,31,92,9,42,83,123,257,28,50,78,335
09/21/2012,CRP,TX,ASW,CE,Combined TRACON& Tower with Radar,12,43,20,76,151,0,7,40,40,87,12,50,60,116,238,36,114,150,388
09/22/2012,CRP,TX,ASW,CE,Combined TRACON& Tower with Radar,6,24,12,49,91,0,0,34,16,50,6,24,46,65,141,20,44,64,205
09/23/2012,CRP,TX,ASW,CE,Combined TRACON& Tower with Radar,8,33,19,52,112,0,4,40,18,62,8,37,59,70,174,12,102,114,288
09/24/2012,CRP,TX,ASW,CE,Combined TRACON& Tower with Radar,12,43,21,59,135,0,3,31,23,57,12,46,52,82,192,0,20,20,212
09/25/2012,CRP,TX,ASW,CE,Combined TRACON& Tower with Radar,10,34,26,48,118,0,7,35,18,60,10,41,61,66,178,16,70,86,264
09/26/2012,CRP,TX,ASW,CE,Combined TRACON& Tower with Radar,10,38,49,79,176,0,8,30,8,46,10,46,79,87,222,26,110,136,358
09/27/2012,CRP,TX,ASW,CE,Combined TRACON& Tower with Radar,10,35,25,80,150,0,11,19,25,55,10,46,44,105,205,10,20,30,235
09/28/2012,CRP,TX,ASW,CE,Combined TRACON& Tower with Radar,10,50,26,43,129,0,5,16,16,37,10,55,42,59,166,10,98,108,274
09/29/2012,CRP,TX,ASW,CE,Combined TRACON& Tower with Radar,6,21,9,20,56,0,1,4,3,8,6,22,13,23,64,0,4,4,68
09/30/2012,CRP,TX,ASW,CE,Combined TRACON& Tower with Radar,8,31,13,11,63,0,3,8,11,22,8,34,21,22,85,0,66,66,151
10/01/2012,CRP,TX,ASW,CE,Combined TRACON& Tower with Radar,10,40,33,40,123,0,7,26,9,42,10,47,59,49,165,18,40,58,223
10/02/2012,CRP,TX,ASW,CE,Combined TRACON& Tower with Radar,10,38,23,40,111,0,7,29,5,41,10,45,52,45,152,32,14,46,198
10/03/2012,CRP,TX,ASW,CE,Combined TRACON& Tower with Radar,10,34,31,86,161,0,6,35,12,53,10,40,66,98,214,8,14,22,236
10/04/2012,CRP,TX,ASW,CE,Combined TRACON& Tower with Radar,10,42,17,96,165,0,5,28,20,53,10,47,45,116,218,0,18,18,236
10/05/2012,CRP,TX,ASW,CE,Combined TRACON& Tower with Radar,8,50,27,39,124,0,8,35,6,49,8,58,62,45,173,64,8,72,245
10/06/2012,CRP,TX,ASW,CE,Combined TRACON& Tower with Radar,7,25,16,55,103,0,1,27,9,37,7,26,43,64,140,30,10,40,180
10/07/2012,CRP,TX,ASW,CE,Combined TRACON& Tower with Radar,9,33,19,54,115,0,2,11,6,19,9,35,30,60,134,0,2,2,136
10/08/2012,CRP,TX,ASW,CE,Combined TRACON& Tower with Radar,10,37,20,35,102,0,3,31,9,43,10,40,51,44,145,20,14,34,179
10/09/2012,CRP,TX,ASW,CE,Combined TRACON& Tower with Radar,10,35,43,69,157,0,7,33,10,50,10,42,76,79,207,0,70,70,277
10/10/2012,CRP,TX,ASW,CE,Combined TRACON& Tower with Radar,10,38,27,58,133,0,11,20,14,45,10,49,47,72,178,0,34,34,212
10/11/2012,CRP,TX,ASW,CE,Combined TRACON& Tower with Radar,8,43,30,46,127,0,9,23,8,40,8,52,53,54,167,8,6,14,181
10/12/2012,CRP,TX,ASW,CE,Combined TRACON& Tower with Radar,8,46,38,29,121,0,5,21,14,40,8,51,59,43,161,6,46,52,213
10/13/2012,CRP,TX,ASW,CE,Combined TRACON& Tower with Radar,6,23,9,49,87,0,1,13,21,35,6,24,22,70,122,6,88,94,216
10/14/2012,CRP,TX,ASW,CE,Combined TRACON& Tower with Radar,8,32,20,40,100,0,1,15,17,33,8,33,35,57,133,0,112,112,245
10/15/2012,CRP,TX,ASW,CE,Combined TRACON& Tower with Radar,10,38,22,66,136,0,5,26,15,46,10,43,48,81,182,0,64,64,246
10/16/2012,CRP,TX,ASW,CE,Combined TRACON& Tower with Radar,10,38,40,44,132,0,5,15,12,32,10,43,55,56,164,6,64,70,234
10/17/2012,CRP,TX,ASW,CE,Combined TRACON& Tower with Radar,10,36,26,72,144,0,7,41,11,59,10,43,67,83,203,2,60,62,265
10/18/2012,CRP,TX,ASW,CE,Combined TRACON& Tower with Radar,12,48,35,46,141,0,3,10,3,16,12,51,45,49,157,4,2,6,163
10/19/2012,CRP,TX,ASW,CE,Combined TRACON& Tower with Radar,10,45,18,59,132,0,4,40,8,52,10,49,58,67,184,8,46,54,238
10/20/2012,CRP,TX,ASW,CE,Combined TRACON& Tower with Radar,8,29,10,29,76,0,5,36,11,52,8,34,46,40,128,26,28,54,182
10/21/2012,CRP,TX,ASW,CE,Combined TRACON& Tower with Radar,8,33,14,70,125,0,2,21,6,29,8,35,35,76,154,0,116,116,270
10/22/2012,CRP,TX,ASW,CE,Combined TRACON& Tower with Radar,14,42,33,55,144,0,4,25,5,34,14,46,58,60,178,26,10,36,214
10/23/2012,CRP,TX,ASW,CE,Combined TRACON& Tower with Radar,12,42,26,49,129,0,5,25,15,45,12,47,51,64,174,22,22,44,218
10/24/2012,CRP,TX,ASW,CE,Combined TRACON& Tower with Radar,10,35,22,85,152,0,6,24,18,48,10,41,46,103,200,10,22,32,232
10/25/2012,CRP,TX,ASW,CE,Combined TRACON& Tower with Radar,10,39,26,65,140,0,5,24,29,58,10,44,50,94,198,26,100,126,324
10/26/2012,CRP,TX,ASW,CE,Combined TRACON& Tower with Radar,9,46,29,41,125,0,2,14,19,35,9,48,43,60,160,0,14,14,174
10/27/2012,CRP,TX,ASW,CE,Combined TRACON& Tower with Radar,7,25,13,43,88,0,0,15,34,49,7,25,28,77,137,0,130,130,267
10/28/2012,CRP,TX,ASW,CE,Combined TRACON& Tower with Radar,8,35,19,38,100,0,4,21,14,39,8,39,40,52,139,0,50,50,189
10/29/2012,CRP,TX,ASW,CE,Combined TRACON& Tower with Radar,10,41,26,66,143,0,6,39,8,53,10,47,65,74,196,8,18,26,222
10/30/2012,CRP,TX,ASW,CE,Combined TRACON& Tower with Radar,10,34,20,50,114,0,4,30,14,48,10,38,50,64,162,6,14,20,182
10/31/2012,CRP,TX,ASW,CE,Combined TRACON& Tower with Radar,8,29,27,54,118,0,5,32,20,57,8,34,59,74,175,0,104,104,279
11/01/2012,CRP,TX,ASW,CE,Combined TRACON& Tower with Radar,10,41,21,40,112,0,5,20,12,37,10,46,41,52,149,12,28,40,189
11/02/2012,CRP,TX,ASW,CE,Combined TRACON& Tower with Radar,8,44,18,26,96,0,9,23,18,50,8,53,41,44,146,4,56,60,206
11/03/2012,CRP,TX,ASW,CE,Combined TRACON& Tower with Radar,6,24,7,49,86,0,1,21,11,33,6,25,28,60,119,20,14,34,153
11/04/2012,CRP,TX,ASW,CE,Combined TRACON& Tower with Radar,8,34,13,29,84,0,1,10,16,27,8,35,23,45,111,0,58,58,169
11/05/2012,CRP,TX,ASW,CE,Combined TRACON& Tower with Radar,10,44,17,99,170,0,5,15,6,26,10,49,32,105,196,24,36,60,256
11/06/2012,CRP,TX,ASW,CE,Combined TRACON& Tower with Radar,10,37,18,52,117,0,4,28,7,39,10,41,46,59,156,0,24,24,180
11/07/2012,CRP,TX,ASW,CE,Combined TRACON& Tower with Radar,12,37,31,63,143,0,10,25,21,56,12,47,56,84,199,16,86,102,301
11/08/2012,CRP,TX,ASW,CE,Combined TRACON& Tower with Radar,10,46,32,73,161,0,6,26,11,43,10,52,58,84,204,0,66,66,270
11/09/2012,CRP,TX,ASW,CE,Combined TRACON& Tower with Radar,10,41,32,20,103,0,7,22,10,39,10,48,54,30,142,4,32,36,178
11/10/2012,CRP,TX,ASW,CE,Combined TRACON& Tower with Radar,6,31,10,24,71,0,3,18,8,29,6,34,28,32,100,14,14,28,128
11/11/2012,CRP,TX,ASW,CE,Combined TRACON& Tower with Radar,10,33,14,19,76,0,2,15,1,18,10,35,29,20,94,0,12,12,106
11/12/2012,CRP,TX,ASW,CE,Combined TRACON& Tower with Radar,10,37,34,23,104,0,1,27,1,29,10,38,61,24,133,4,0,4,137
11/13/2012,CRP,TX,ASW,CE,Combined TRACON& Tower with Radar,10,43,27,29,109,0,5,13,0,18,10,48,40,29,127,0,0,0,127
11/14/2012,CRP,TX,ASW,CE,Combined TRACON& Tower with Radar,8,38,29,56,131,0,3,18,14,35,8,41,47,70,166,0,28,28,194
11/15/2012,CRP,TX,ASW,CE,Combined TRACON& Tower with Radar,10,42,27,59,138,0,0,22,18,40,10,42,49,77,178,4,30,34,212
11/16/2012,CRP,TX,ASW,CE,Combined TRACON& Tower with Radar,10,49,15,53,127,0,5,29,24,58,10,54,44,77,185,24,38,62,247
11/17/2012,CRP,TX,ASW,CE,Combined TRACON& Tower with Radar,6,31,10,32,79,0,4,35,21,60,6,35,45,53,139,60,10,70,209
11/18/2012,CRP,TX,ASW,CE,Combined TRACON& Tower with Radar,8,32,16,38,94,0,1,24,14,39,8,33,40,52,133,0,38,38,171
11/19/2012,CRP,TX,ASW,CE,Combined TRACON& Tower with Radar,8,40,14,42,104,0,3,22,13,38,8,43,36,55,142,0,56,56,198
11/20/2012,CRP,TX,ASW,CE,Combined TRACON& Tower with Radar,8,40,26,41,115,0,9,33,12,54,8,49,59,53,169,8,14,22,191
11/21/2012,CRP,TX,ASW,CE,Combined TRACON& Tower with Radar,8,48,22,9,87,0,2,28,0,30,8,50,50,9,117,0,0,0,117
11/22/2012,CRP,TX,ASW,CE,Combined TRACON& Tower with Radar,4,22,4,0,30,0,3,15,0,18,4,25,19,0,48,0,0,0,48
11/23/2012,CRP,TX,ASW,CE,Combined TRACON& Tower with Radar,6,38,8,13,65,0,2,9,4,15,6,40,17,17,80,0,14,14,94
11/24/2012,CRP,TX,ASW,CE,Combined TRACON& Tower with Radar,6,30,11,15,62,0,0,19,1,20,6,30,30,16,82,6,0,6,88
11/25/2012,CRP,TX,ASW,CE,Combined TRACON& Tower with Radar,8,39,22,11,80,0,0,13,1,14,8,39,35,12,94,16,0,16,110
11/26/2012,CRP,TX,ASW,CE,Combined TRACON& Tower with Radar,8,40,17,32,97,0,3,18,4,25,8,43,35,36,122,4,14,18,140
11/27/2012,CRP,TX,ASW,CE,Combined TRACON& Tower with Radar,10,47,20,47,124,0,7,34,12,53,10,54,54,59,177,14,46,60,237
11/28/2012,CRP,TX,ASW,CE,Combined TRACON& Tower with Radar,10,39,21,52,122,0,6,46,16,68,10,45,67,68,190,6,58,64,254
11/29/2012,CRP,TX,ASW,CE,Combined TRACON& Tower with Radar,12,40,27,56,135,0,4,25,14,43,12,44,52,70,178,0,20,20,198
11/30/2012,CRP,TX,ASW,CE,Combined TRACON& Tower with Radar,10,58,24,40,132,0,5,18,11,34,10,63,42,51,166,26,34,60,226
12/01/2012,CRP,TX,ASW,CE,Combined TRACON& Tower with Radar,6,34,10,68,118,0,1,13,16,30,6,35,23,84,148,0,20,20,168
12/02/2012,CRP,TX,ASW,CE,Combined TRACON& Tower with Radar,10,33,8,39,90,0,1,19,14,34,10,34,27,53,124,0,0,0,124
12/03/2012,CRP,TX,ASW,CE,Combined TRACON& Tower with Radar,10,33,19,76,138,0,6,34,13,53,10,39,53,89,191,0,22,22,213
12/04/2012,CRP,TX,ASW,CE,Combined TRACON& Tower with Radar,8,41,28,65,142,0,2,16,18,36,8,43,44,83,178,26,82,108,286
12/05/2012,CRP,TX,ASW,CE,Combined TRACON& Tower with Radar,10,39,37,48,134,0,8,44,9,61,10,47,81,57,195,20,16,36,231
12/06/2012,CRP,TX,ASW,CE,Combined TRACON& Tower with Radar,10,45,33,43,131,0,9,31,4,44,10,54,64,47,175,24,12,36,211
12/07/2012,CRP,TX,ASW,CE,Combined TRACON& Tower with Radar,10,45,22,53,130,0,5,29,11,45,10,50,51,64,175,6,48,54,229
12/08/2012,CRP,TX,ASW,CE,Combined TRACON& Tower with Radar,6,32,19,45,102,0,4,26,11,41,6,36,45,56,143,0,16,16,159
12/09/2012,CRP,TX,ASW,CE,Combined TRACON& Tower with Radar,12,28,16,35,91,0,1,6,8,15,12,29,22,43,106,0,38,38,144
12/10/2012,CRP,TX,ASW,CE,Combined TRACON& Tower with Radar,8,37,23,40,108,0,3,20,15,38,8,40,43,55,146,0,30,30,176
12/11/2012,CRP,TX,ASW,CE,Combined TRACON& Tower with Radar,8,44,31,38,121,0,4,18,7,29,8,48,49,45,150,0,20,20,170
12/12/2012,CRP,TX,ASW,CE,Combined TRACON& Tower with Radar,12,43,35,46,136,0,5,53,15,73,12,48,88,61,209,2,60,62,271
12/13/2012,CRP,TX,ASW,CE,Combined TRACON& Tower with Radar,12,45,33,39,129,0,4,16,7,27,12,49,49,46,156,10,62,72,228
12/14/2012,CRP,TX,ASW,CE,Combined TRACON& Tower with Radar,8,46,26,2,82,0,0,0,1,1,8,46,26,3,83,0,56,56,139
12/15/2012,CRP,TX,ASW,CE,Combined TRACON& Tower with Radar,6,41,16,7,70,0,0,0,0,0,6,41,16,7,70,0,0,0,70
12/16/2012,CRP,TX,ASW,CE,Combined TRACON& Tower with Radar,8,46,20,9,83,0,0,1,0,1,8,46,21,9,84,0,12,12,96
12/17/2012,CRP,TX,ASW,CE,Combined TRACON& Tower with Radar,11,34,24,30,99,0,9,10,13,32,11,43,34,43,131,0,46,46,177
12/18/2012,CRP,TX,ASW,CE,Combined TRACON& Tower with Radar,10,40,29,35,114,0,6,39,5,50,10,46,68,40,164,0,0,0,164
12/19/2012,CRP,TX,ASW,CE,Combined TRACON& Tower with Radar,10,49,48,44,151,0,7,12,11,30,10,56,60,55,181,2,104,106,287
12/20/2012,CRP,TX,ASW,CE,Combined TRACON& Tower with Radar,10,42,32,23,107,0,4,18,7,29,10,46,50,30,136,0,30,30,166
12/21/2012,CRP,TX,ASW,CE,Combined TRACON& Tower with Radar,8,42,20,14,84,0,8,31,8,47,8,50,51,22,131,18,18,36,167
12/22/2012,CRP,TX,ASW,CE,Combined TRACON& Tower with Radar,8,28,13,1,50,0,5,22,0,27,8,33,35,1,77,0,0,0,77
12/23/2012,CRP,TX,ASW,CE,Combined TRACON& Tower with Radar,8,28,23,0,59,0,1,9,4,14,8,29,32,4,73,6,10,16,89
12/24/2012,CRP,TX,ASW,CE,Combined TRACON& Tower with Radar,4,29,1,3,37,0,6,14,0,20,4,35,15,3,57,0,0,0,57
12/25/2012,CRP,TX,ASW,CE,Combined TRACON& Tower with Radar,6,18,1,0,25,0,3,1,0,4,6,21,2,0,29,0,0,0,29
12/26/2012,CRP,TX,ASW,CE,Combined TRACON& Tower with Radar,7,27,15,1,50,0,5,26,1,32,7,32,41,2,82,0,0,0,82
12/27/2012,CRP,TX,ASW,CE,Combined TRACON& Tower with Radar,9,46,31,7,93,0,3,6,0,9,9,49,37,7,102,0,0,0,102
12/28/2012,CRP,TX,ASW,CE,Combined TRACON& Tower with Radar,12,39,19,13,83,0,6,17,3,26,12,45,36,16,109,0,0,0,109
12/29/2012,CRP,TX,ASW,CE,Combined TRACON& Tower with Radar,6,28,12,0,46,0,0,21,0,21,6,28,33,0,67,0,0,0,67
12/30/2012,CRP,TX,ASW,CE,Combined TRACON& Tower with Radar,8,29,12,0,49,0,2,10,0,12,8,31,22,0,61,0,0,0,61
12/31/2012,CRP,TX,ASW,CE,Combined TRACON& Tower with Radar,8,44,8,4,64,0,3,4,8,15,8,47,12,12,79,0,0,0,79
01/01/2013,CRP,TX,ASW,CE,Combined TRACON& Tower with Radar,10,30,4,0,44,0,1,7,0,8,10,31,11,0,52,0,0,0,52
01/02/2013,CRP,TX,ASW,CE,Combined TRACON& Tower with Radar,8,47,19,13,87,0,1,5,7,13,8,48,24,20,100,0,10,10,110
01/03/2013,CRP,TX,ASW,CE,Combined TRACON& Tower with Radar,10,40,30,34,114,0,3,32,12,47,10,43,62,46,161,20,38,58,219
01/04/2013,CRP,TX,ASW,CE,Combined TRACON& Tower with Radar,8,47,31,64,150,0,7,10,6,23,8,54,41,70,173,4,72,76,249
01/05/2013,CRP,TX,ASW,CE,Combined TRACON& Tower with Radar,6,32,24,19,81,0,2,4,2,8,6,34,28,21,89,0,24,24,113
01/06/2013,CRP,TX,ASW,CE,Combined TRACON& Tower with Radar,8,33,14,16,71,0,1,19,11,31,8,34,33,27,102,2,96,98,200
01/07/2013,CRP,TX,ASW,CE,Combined TRACON& Tower with Radar,10,39,26,48,123,0,5,26,2,33,10,44,52,50,156,0,38,38,194
01/08/2013,CRP,TX,ASW,CE,Combined TRACON& Tower with Radar,10,42,24,10,86,0,0,0,0,0,10,42,24,10,86,0,0,0,86
01/09/2013,CRP,TX,ASW,CE,Combined TRACON& Tower with Radar,10,44,27,40,121,0,0,13,44,57,10,44,40,84,178,12,140,152,330
01/10/2013,CRP,TX,ASW,CE,Combined TRACON& Tower with Radar,10,42,39,38,129,0,7,41,9,57,10,49,80,47,186,14,40,54,240
01/11/2013,CRP,TX,ASW,CE,Combined TRACON& Tower with Radar,10,59,24,52,145,0,0,18,14,32,10,59,42,66,177,34,50,84,261
01/12/2013,CRP,TX,ASW,CE,Combined TRACON& Tower with Radar,4,25,6,29,64,0,0,0,6,6,4,25,6,35,70,0,0,0,70
01/13/2013,CRP,TX,ASW,CE,Combined TRACON& Tower with Radar,8,36,9,40,93,0,0,0,12,12,8,36,9,52,105,0,10,10,115
01/14/2013,CRP,TX,ASW,CE,Combined TRACON& Tower with Radar,10,45,51,49,155,0,1,10,7,18,10,46,61,56,173,10,20,30,203
01/15/2013,CRP,TX,ASW,CE,Combined TRACON& Tower with Radar,8,42,38,61,149,0,1,0,5,6,8,43,38,66,155,0,0,0,155
01/16/2013,CRP,TX,ASW,CE,Combined TRACON& Tower with Radar,10,45,17,46,118,0,3,20,25,48,10,48,37,71,166,0,82,82,248
01/17/2013,CRP,TX,ASW,CE,Combined TRACON& Tower with Radar,10,41,31,20,102,0,4,36,5,45,10,45,67,25,147,12,26,38,185
01/18/2013,CRP,TX,ASW,CE,Combined TRACON& Tower with Radar,12,38,11,26,87,0,3,23,12,38,12,41,34,38,125,6,22,28,153
01/19/2013,CRP,TX,ASW,CE,Combined TRACON& Tower with Radar,4,22,2,41,69,0,3,16,16,35,4,25,18,57,104,0,106,106,210
01/20/2013,CRP,TX,ASW,CE,Combined TRACON& Tower with Radar,8,30,4,29,71,0,5,19,20,44,8,35,23,49,115,12,120,132,247
01/21/2013,CRP,TX,ASW,CE,Combined TRACON& Tower with Radar,12,37,30,43,122,0,2,27,9,38,12,39,57,52,160,0,0,0,160
01/22/2013,CRP,TX,ASW,CE,Combined TRACON& Tower with Radar,10,44,43,55,152,0,12,28,11,51,10,56,71,66,203,0,44,44,247
01/23/2013,CRP,TX,ASW,CE,Combined TRACON& Tower with Radar,8,47,28,53,136,0,13,24,15,52,8,60,52,68,188,0,74,74,262
01/24/2013,CRP,TX,ASW,CE,Combined TRACON& Tower with Radar,10,50,35,60,155,0,10,40,9,59,10,60,75,69,214,0,52,52,266
01/25/2013,CRP,TX,ASW,CE,Combined TRACON& Tower with Radar,10,39,25,67,141,0,6,30,18,54,10,45,55,85,195,2,62,64,259
01/26/2013,CRP,TX,ASW,CE,Combined TRACON& Tower with Radar,4,30,15,31,80,0,3,9,24,36,4,33,24,55,116,0,196,196,312
01/27/2013,CRP,TX,ASW,CE,Combined TRACON& Tower with Radar,8,31,18,40,97,0,1,8,14,23,8,32,26,54,120,0,74,74,194
01/28/2013,CRP,TX,ASW,CE,Combined TRACON& Tower with Radar,10,45,30,53,138,0,1,7,3,11,10,46,37,56,149,0,0,0,149
01/29/2013,CRP,TX,ASW,CE,Combined TRACON& Tower with Radar,10,43,33,60,146,0,2,11,1,14,10,45,44,61,160,0,0,0,160
01/30/2013,CRP,TX,ASW,CE,Combined TRACON& Tower with Radar,12,42,37,46,137,0,5,17,12,34,12,47,54,58,171,0,42,42,213
01/31/2013,CRP,TX,ASW,CE,Combined TRACON& Tower with Radar,12,40,30,38,120,0,6,30,5,41,12,46,60,43,161,0,16,16,177
02/01/2013,CRP,TX,ASW,CE,Combined TRACON& Tower with Radar,12,49,15,85,161,0,5,23,19,47,12,54,38,104,208,0,50,50,258
02/02/2013,CRP,TX,ASW,CE,Combined TRACON& Tower with Radar,4,27,10,58,99,0,4,17,12,33,4,31,27,70,132,0,34,34,166
02/03/2013,CRP,TX,ASW,CE,Combined TRACON& Tower with Radar,10,34,11,29,84,0,2,16,11,29,10,36,27,40,113,10,50,60,173
02/04/2013,CRP,TX,ASW,CE,Combined TRACON& Tower with Radar,12,47,39,74,172,0,4,24,12,40,12,51,63,86,212,0,82,82,294
02/05/2013,CRP,TX,ASW,CE,Combined TRACON& Tower with Radar,7,43,24,58,132,0,3,29,12,44,7,46,53,70,176,0,50,50,226
02/06/2013,CRP,TX,ASW,CE,Combined TRACON& Tower with Radar,6,43,34,15,98,0,1,1,4,6,6,44,35,19,104,0,34,34,138
02/07/2013,CRP,TX,ASW,CE,Combined TRACON& Tower with Radar,10,45,42,65,162,0,0,6,3,9,10,45,48,68,171,0,34,34,205
02/08/2013,CRP,TX,ASW,CE,Combined TRACON& Tower with Radar,10,40,39,25,114,0,5,24,12,41,10,45,63,37,155,0,32,32,187
02/09/2013,CRP,TX,ASW,CE,Combined TRACON& Tower with Radar,4,32,15,22,73,0,0,2,3,5,4,32,17,25,78,14,8,22,100
02/10/2013,CRP,TX,ASW,CE,Combined TRACON& Tower with Radar,8,30,11,31,80,0,3,8,4,15,8,33,19,35,95,0,92,92,187
02/11/2013,CRP,TX,ASW,CE,Combined TRACON& Tower with Radar,10,49,29,58,146,0,0,3,0,3,10,49,32,58,149,0,0,0,149
02/12/2013,CRP,TX,ASW,CE,Combined TRACON& Tower with Radar,12,41,18,40,111,0,2,1,2,5,12,43,19,42,116,0,18,18,134
02/13/2013,CRP,TX,ASW,CE,Combined TRACON& Tower with Radar,10,53,40,51,154,0,4,53,13,70,10,57,93,64,224,22,68,90,314
02/14/2013,CRP,TX,ASW,CE,Combined TRACON& Tower with Radar,8,44,24,27,103,0,10,28,9,47,8,54,52,36,150,14,116,130,280
02/15/2013,CRP,TX,ASW,CE,Combined TRACON& Tower with Radar,12,51,19,56,138,0,6,37,4,47,12,57,56,60,185,0,0,0,185
02/16/2013,CRP,TX,ASW,CE,Combined TRACON& Tower with Radar,4,25,10,46,85,0,3,24,20,47,4,28,34,66,132,2,86,88,220
02/17/2013,CRP,TX,ASW,CE,Combined TRACON& Tower with Radar,8,30,9,61,108,0,4,12,11,27,8,34,21,72,135,0,40,40,175
02/18/2013,CRP,TX,ASW,CE,Combined TRACON& Tower with Radar,14,39,29,28,110,0,5,11,4,20,14,44,40,32,130,0,38,38,168
02/19/2013,CRP,TX,ASW,CE,Combined TRACON& Tower with Radar,10,62,31,89,192,0,6,10,24,40,10,68,41,113,232,0,12,12,244
02/20/2013,CRP,TX,ASW,CE,Combined TRACON& Tower with Radar,10,45,29,82,166,0,0,2,3,5,10,45,31,85,171,0,10,10,181
02/21/2013,CRP,TX,ASW,CE,Combined TRACON& Tower with Radar,10,42,27,53,132,0,4,10,22,36,10,46,37,75,168,0,32,32,200
02/22/2013,CRP,TX,ASW,CE,Combined TRACON& Tower with Radar,10,44,20,39,113,0,4,22,20,46,10,48,42,59,159,0,110,110,269
02/23/2013,CRP,TX,ASW,CE,Combined TRACON& Tower with Radar,4,26,14,37,81,0,1,26,28,55,4,27,40,65,136,0,26,26,162
02/24/2013,CRP,TX,ASW,CE,Combined TRACON& Tower with Radar,6,30,17,29,82,0,0,3,1,4,6,30,20,30,86,0,0,0,86
02/25/2013,CRP,TX,ASW,CE,Combined TRACON& Tower with Radar,10,39,23,3,75,0,2,12,1,15,10,41,35,4,90,0,0,0,90
02/26/2013,CRP,TX,ASW,CE,Combined TRACON& Tower with Radar,10,40,22,50,122,0,9,39,27,75,10,49,61,77,197,12,96,108,305
02/27/2013,CRP,TX,ASW,CE,Combined TRACON& Tower with Radar,10,45,20,24,99,0,5,32,21,58,10,50,52,45,157,10,10,20,177
02/28/2013,CRP,TX,ASW,CE,Combined TRACON& Tower with Radar,10,43,30,41,124,0,3,24,8,35,10,46,54,49,159,6,12,18,177
03/01/2013,CRP,TX,ASW,CE,Combined TRACON& Tower with Radar,10,46,27,62,145,0,2,38,6,46,10,48,65,68,191,0,16,16,207
03/02/2013,CRP,TX,ASW,CE,Combined TRACON& Tower with Radar,4,30,17,40,91,0,6,12,6,24,4,36,29,46,115,4,26,30,145
03/03/2013,CRP,TX,ASW,CE,Combined TRACON& Tower with Radar,8,33,17,39,97,0,1,13,6,20,8,34,30,45,117,0,72,72,189
03/04/2013,CRP,TX,ASW,CE,Combined TRACON& Tower with Radar,10,42,19,87,158,0,6,31,6,43,10,48,50,93,201,10,30,40,241
03/05/2013,CRP,TX,ASW,CE,Combined TRACON& Tower with Radar,10,50,20,52,132,0,2,16,2,20,10,52,36,54,152,0,32,32,184
03/06/2013,CRP,TX,ASW,CE,Combined TRACON& Tower with Radar,10,40,19,100,169,0,5,39,9,53,10,45,58,109,222,18,50,68,290
03/07/2013,CRP,TX,ASW,CE,Combined TRACON& Tower with Radar,10,48,23,95,176,0,2,36,3,41,10,50,59,98,217,10,14,24,241
03/08/2013,CRP,TX,ASW,CE,Combined TRACON& Tower with Radar,10,58,36,59,163,0,1,10,17,28,10,59,46,76,191,14,108,122,313
03/09/2013,CRP,TX,ASW,CE,Combined TRACON& Tower with Radar,6,29,18,30,83,0,0,2,3,5,6,29,20,33,88,0,0,0,88
03/10/2013,CRP,TX,ASW,CE,Combined TRACON& Tower with Radar,8,34,8,18,68,0,5,22,6,33,8,39,30,24,101,0,6,6,107
03/11/2013,CRP,TX,ASW,CE,Combined TRACON& Tower with Radar,10,46,38,43,137,0,6,26,10,42,10,52,64,53,179,36,8,44,223
03/12/2013,CRP,TX,ASW,CE,Combined TRACON& Tower with Radar,10,46,24,108,188,0,7,19,8,34,10,53,43,116,222,24,52,76,298
03/13/2013,CRP,TX,ASW,CE,Combined TRACON& Tower with Radar,10,37,13,34,94,0,3,37,7,47,10,40,50,41,141,16,0,16,157
03/14/2013,CRP,TX,ASW,CE,Combined TRACON& Tower with Radar,10,42,25,32,109,0,9,44,10,63,10,51,69,42,172,0,26,26,198
03/15/2013,CRP,TX,ASW,CE,Combined TRACON& Tower with Radar,14,43,26,43,126,0,5,24,16,45,14,48,50,59,171,4,58,62,233
03/16/2013,CRP,TX,ASW,CE,Combined TRACON& Tower with Radar,6,28,15,40,89,0,3,23,17,43,6,31,38,57,132,0,24,24,156
03/17/2013,CRP,TX,ASW,CE,Combined TRACON& Tower with Radar,8,36,13,75,132,0,3,17,10,30,8,39,30,85,162,0,18,18,180
03/18/2013,CRP,TX,ASW,CE,Combined TRACON& Tower with Radar,14,51,26,55,146,0,5,14,8,27,14,56,40,63,173,22,48,70,243
03/19/2013,CRP,TX,ASW,CE,Combined TRACON& Tower with Radar,10,49,37,55,151,0,4,14,2,20,10,53,51,57,171,0,0,0,171
03/20/2013,CRP,TX,ASW,CE,Combined TRACON& Tower with Radar,10,53,29,49,141,0,8,18,8,34,10,61,47,57,175,18,92,110,285
03/21/2013,CRP,TX,ASW,CE,Combined TRACON& Tower with Radar,10,48,28,74,160,0,5,9,2,16,10,53,37,76,176,0,108,108,284
03/22/2013,CRP,TX,ASW,CE,Combined TRACON& Tower with Radar,12,62,33,43,150,0,3,9,4,16,12,65,42,47,166,0,10,10,176
03/23/2013,CRP,TX,ASW,CE,Combined TRACON& Tower with Radar,6,28,5,70,109,0,2,17,5,24,6,30,22,75,133,6,72,78,211
03/24/2013,CRP,TX,ASW,CE,Combined TRACON& Tower with Radar,8,33,12,34,87,0,1,9,12,22,8,34,21,46,109,2,24,26,135
03/25/2013,CRP,TX,ASW,CE,Combined TRACON& Tower with Radar,10,45,27,67,149,0,2,31,13,46,10,47,58,80,195,22,106,128,323
03/26/2013,CRP,TX,ASW,CE,Combined TRACON& Tower with Radar,10,42,28,60,140,0,4,39,15,58,10,46,67,75,198,0,46,46,244
03/27/2013,CRP,TX,ASW,CE,Combined TRACON& Tower with Radar,12,43,27,55,137,0,2,25,6,33,12,45,52,61,170,0,58,58,228
03/28/2013,CRP,TX,ASW,CE,Combined TRACON& Tower with Radar,10,51,42,47,150,0,0,17,16,33,10,51,59,63,183,0,46,46,229
03/29/2013,CRP,TX,ASW,CE,Combined TRACON& Tower with Radar,10,49,22,49,130,0,8,20,8,36,10,57,42,57,166,0,20,20,186
03/30/2013,CRP,TX,ASW,CE,Combined TRACON& Tower with Radar,6,31,15,33,85,0,1,7,3,11,6,32,22,36,96,0,0,0,96
03/31/2013,CRP,TX,ASW,CE,Combined TRACON& Tower with Radar,12,38,13,15,78,0,3,7,2,12,12,41,20,17,90,0,4,4,94
04/01/2013,CRP,TX,ASW,CE,Combined TRACON& Tower with Radar,10,44,23,58,135,0,0,12,9,21,10,44,35,67,156,0,36,36,192
04/02/2013,CRP,TX,ASW,CE,Combined TRACON& Tower with Radar,15,62,25,77,179,0,2,6,1,9,15,64,31,78,188,0,0,0,188
04/03/2013,CRP,TX,ASW,CE,Combined TRACON& Tower with Radar,10,47,31,62,150,0,3,10,8,21,10,50,41,70,171,0,46,46,217
04/04/2013,CRP,TX,ASW,CE,Combined TRACON& Tower with Radar,10,50,32,31,123,0,6,18,13,37,10,56,50,44,160,16,4,20,180
04/05/2013,CRP,TX,ASW,CE,Combined TRACON& Tower with Radar,10,41,18,92,161,0,7,53,21,81,10,48,71,113,242,10,152,162,404
04/06/2013,CRP,TX,ASW,CE,Combined TRACON& Tower with Radar,6,28,10,22,66,0,2,18,13,33,6,30,28,35,99,0,114,114,213
04/07/2013,CRP,TX,ASW,CE,Combined TRACON& Tower with Radar,7,31,9,44,91,0,2,10,8,20,7,33,19,52,111,8,152,160,271
04/08/2013,CRP,TX,ASW,CE,Combined TRACON& Tower with Radar,10,41,30,77,158,0,1,11,12,24,10,42,41,89,182,12,74,86,268
04/09/2013,CRP,TX,ASW,CE,Combined TRACON& Tower with Radar,10,47,43,90,190,0,3,23,8,34,10,50,66,98,224,0,48,48,272
04/10/2013,CRP,TX,ASW,CE,Combined TRACON& Tower with Radar,10,45,34,91,180,0,1,7,10,18,10,46,41,101,198,0,22,22,220
04/11/2013,CRP,TX,ASW,CE,Combined TRACON& Tower with Radar,10,47,27,55,139,0,9,45,12,66,10,56,72,67,205,6,92,98,303
04/12/2013,CRP,TX,ASW,CE,Combined TRACON& Tower with Radar,10,39,29,69,147,0,5,29,19,53,10,44,58,88,200,0,26,26,226
04/13/2013,CRP,TX,ASW,CE,Combined TRACON& Tower with Radar,6,28,9,30,73,0,1,19,13,33,6,29,28,43,106,0,34,34,140
04/14/2013,CRP,TX,ASW,CE,Combined TRACON& Tower with Radar,8,38,8,35,89,0,1,14,3,18,8,39,22,38,107,0,10,10,117
04/15/2013,CRP,TX,ASW,CE,Combined TRACON& Tower with Radar,10,57,23,69,159,0,1,25,5,31,10,58,48,74,190,0,24,24,214
04/16/2013,CRP,TX,ASW,CE,Combined TRACON& Tower with Radar,10,49,27,53,139,0,2,6,2,10,10,51,33,55,149,0,2,2,151
04/17/2013,CRP,TX,ASW,CE,Combined TRACON& Tower with Radar,10,52,49,83,194,0,0,3,0,3,10,52,52,83,197,0,0,0,197
04/18/2013,CRP,TX,ASW,CE,Combined TRACON& Tower with Radar,12,47,38,34,131,0,7,6,4,17,12,54,44,38,148,2,0,2,150
04/19/2013,CRP,TX,ASW,CE,Combined TRACON& Tower with Radar,9,44,24,37,114,0,9,26,5,40,9,53,50,42,154,0,14,14,168
04/20/2013,CRP,TX,ASW,CE,Combined TRACON& Tower with Radar,6,28,16,49,99,0,1,32,13,46,6,29,48,62,145,4,62,66,211
04/21/2013,CRP,TX,ASW,CE,Combined TRACON& Tower with Radar,11,35,15,57,118,0,1,14,25,40,11,36,29,82,158,0,90,90,248
04/22/2013,CRP,TX,ASW,CE,Combined TRACON& Tower with Radar,9,40,16,71,136,0,4,21,16,41,9,44,37,87,177,12,106,118,295
04/23/2013,CRP,TX,ASW,CE,Combined TRACON& Tower with Radar,10,60,34,88,192,0,1,18,13,32,10,61,52,101,224,0,0,0,224
04/24/2013,CRP,TX,ASW,CE,Combined TRACON& Tower with Radar,12,44,34,53,143,0,3,4,4,11,12,47,38,57,154,20,28,48,202
04/25/2013,CRP,TX,ASW,CE,Combined TRACON& Tower with Radar,10,44,43,17,114,0,3,16,30,49,10,47,59,47,163,0,6,6,169
04/26/2013,CRP,TX,ASW,CE,Combined TRACON& Tower with Radar,9,46,37,83,175,0,0,7,2,9,9,46,44,85,184,74,0,74,258
04/27/2013,CRP,TX,ASW,CE,Combined TRACON& Tower with Radar,10,33,11,55,109,0,2,4,8,14,10,35,15,63,123,22,84,106,229
04/28/2013,CRP,TX,ASW,CE,Combined TRACON& Tower with Radar,10,34,23,41,108,0,4,6,9,19,10,38,29,50,127,0,62,62,189
04/29/2013,CRP,TX,ASW,CE,Combined TRACON& Tower with Radar,10,50,28,21,109,0,2,25,2,29,10,52,53,23,138,0,0,0,138
04/30/2013,CRP,TX,ASW,CE,Combined TRACON& Tower with Radar,10,47,39,46,142,0,4,41,7,52,10,51,80,53,194,0,28,28,222
05/01/2013,CRP,TX,ASW,CE,Combined TRACON& Tower with Radar,10,41,44,50,145,0,7,15,7,29,10,48,59,57,174,12,32,44,218
05/02/2013,CRP,TX,ASW,CE,Combined TRACON& Tower with Radar,11,46,38,44,139,0,3,9,11,23,11,49,47,55,162,0,48,48,210
05/03/2013,CRP,TX,ASW,CE,Combined TRACON& Tower with Radar,10,44,24,55,133,0,8,35,10,53,10,52,59,65,186,4,12,16,202
05/04/2013,CRP,TX,ASW,CE,Combined TRACON& Tower with Radar,6,28,18,36,88,0,5,34,16,55,6,33,52,52,143,0,98,98,241
05/05/2013,CRP,TX,ASW,CE,Combined TRACON& Tower with Radar,10,35,20,36,101,0,0,17,11,28,10,35,37,47,129,0,46,46,175
05/06/2013,CRP,TX,ASW,CE,Combined TRACON& Tower with Radar,10,51,20,68,149,0,5,21,26,52,10,56,41,94,201,2,62,64,265
05/07/2013,CRP,TX,ASW,CE,Combined TRACON& Tower with Radar,10,49,27,67,153,0,10,32,13,55,10,59,59,80,208,8,30,38,246
05/08/2013,CRP,TX,ASW,CE,Combined TRACON& Tower with Radar,10,49,30,61,150,0,4,24,6,34,10,53,54,67,184,0,72,72,256
05/09/2013,CRP,TX,ASW,CE,Combined TRACON& Tower with Radar,10,62,65,64,201,0,4,8,5,17,10,66,73,69,218,0,12,12,230
05/10/2013,CRP,TX,ASW,CE,Combined TRACON& Tower with Radar,14,45,27,43,129,0,0,5,0,5,14,45,32,43,134,0,0,0,134
05/11/2013,CRP,TX,ASW,CE,Combined TRACON& Tower with Radar,6,30,6,45,87,0,3,15,12,30,6,33,21,57,117,22,88,110,227
05/12/2013,CRP,TX,ASW,CE,Combined TRACON& Tower with Radar,8,33,10,11,62,0,2,18,9,29,8,35,28,20,91,12,0,12,103
05/13/2013,CRP,TX,ASW,CE,Combined TRACON& Tower with Radar,10,47,19,50,126,0,3,34,12,49,10,50,53,62,175,0,16,16,191
05/14/2013,CRP,TX,ASW,CE,Combined TRACON& Tower with Radar,10,47,31,43,131,0,5,22,7,34,10,52,53,50,165,44,16,60,225
05/15/2013,CRP,TX,ASW,CE,Combined TRACON& Tower with Radar,10,51,39,87,187,0,2,8,0,10,10,53,47,87,197,0,46,46,243
05/16/2013,CRP,TX,ASW,CE,Combined TRACON& Tower with Radar,10,43,32,95,180,0,2,26,1,29,10,45,58,96,209,6,22,28,237
05/17/2013,CRP,TX,ASW,CE,Combined TRACON& Tower with Radar,10,52,41,85,188,0,2,20,16,38,10,54,61,101,226,0,24,24,250
05/18/2013,CRP,TX,ASW,CE,Combined TRACON& Tower with Radar,6,29,11,41,87,0,2,20,17,39,6,31,31,58,126,0,146,146,272
05/19/2013,CRP,TX,ASW,CE,Combined TRACON& Tower with Radar,10,34,17,36,97,0,2,8,10,20,10,36,25,46,117,0,16,16,133
05/20/2013,CRP,TX,ASW,CE,Combined TRACON& Tower with Radar,10,41,23,56,130,0,4,14,10,28,10,45,37,66,158,0,52,52,210
05/21/2013,CRP,TX,ASW,CE,Combined TRACON& Tower with Radar,9,41,35,57,142,0,3,19,5,27,9,44,54,62,169,0,24,24,193
05/22/2013,CRP,TX,ASW,CE,Combined TRACON& Tower with Radar,11,46,40,63,160,0,5,14,5,24,11,51,54,68,184,4,68,72,256
05/23/2013,CRP,TX,ASW,CE,Combined TRACON& Tower with Radar,12,47,27,55,141,0,1,25,2,28,12,48,52,57,169,0,12,12,181
05/24/2013,CRP,TX,ASW,CE,Combined TRACON& Tower with Radar,12,48,24,26,110,0,4,19,9,32,12,52,43,35,142,0,34,34,176
05/25/2013,CRP,TX,ASW,CE,Combined TRACON& Tower with Radar,4,29,8,21,62,0,2,7,3,12,4,31,15,24,74,2,12,14,88
05/26/2013,CRP,TX,ASW,CE,Combined TRACON& Tower with Radar,6,29,17,38,90,0,4,23,1,28,6,33,40,39,118,0,0,0,118
05/27/2013,CRP,TX,ASW,CE,Combined TRACON& Tower with Radar,8,39,12,27,86,0,3,26,4,33,8,42,38,31,119,0,78,78,197
05/28/2013,CRP,TX,ASW,CE,Combined TRACON& Tower with Radar,10,50,21,93,174,0,7,15,5,27,10,57,36,98,201,0,6,6,207
05/29/2013,CRP,TX,ASW,CE,Combined TRACON& Tower with Radar,12,49,28,112,201,0,4,21,11,36,12,53,49,123,237,0,150,150,387
05/30/2013,CRP,TX,ASW,CE,Combined TRACON& Tower with Radar,10,47,31,44,132,0,3,30,5,38,10,50,61,49,170,0,14,14,184
05/31/2013,CRP,TX,ASW,CE,Combined TRACON& Tower with Radar,10,47,22,15,94,0,5,23,5,33,10,52,45,20,127,0,0,0,127
06/01/2013,CRP,TX,ASW,CE,Combined TRACON& Tower with Radar,6,27,25,13,71,0,4,27,11,42,6,31,52,24,113,0,0,0,113
06/02/2013,CRP,TX,ASW,CE,Combined TRACON& Tower with Radar,16,33,16,5,70,0,2,14,1,17,16,35,30,6,87,0,0,0,87
06/03/2013,CRP,TX,ASW,CE,Combined TRACON& Tower with Radar,10,38,22,33,103,0,8,30,7,45,10,46,52,40,148,38,30,68,216
06/04/2013,CRP,TX,ASW,CE,Combined TRACON& Tower with Radar,10,45,26,20,101,0,4,32,1,37,10,49,58,21,138,12,20,32,170
06/05/2013,CRP,TX,ASW,CE,Combined TRACON& Tower with Radar,10,39,36,10,95,0,10,26,7,43,10,49,62,17,138,6,52,58,196
06/06/2013,CRP,TX,ASW,CE,Combined TRACON& Tower with Radar,14,40,23,59,136,0,4,23,9,36,14,44,46,68,172,4,58,62,234
06/07/2013,CRP,TX,ASW,CE,Combined TRACON& Tower with Radar,10,47,26,42,125,0,2,20,6,28,10,49,46,48,153,0,0,0,153
06/08/2013,CRP,TX,ASW,CE,Combined TRACON& Tower with Radar,6,27,12,34,79,0,0,20,7,27,6,27,32,41,106,0,116,116,222
06/09/2013,CRP,TX,ASW,CE,Combined TRACON& Tower with Radar,8,35,11,37,91,0,4,11,11,26,8,39,22,48,117,0,34,34,151
06/10/2013,CRP,TX,ASW,CE,Combined TRACON& Tower with Radar,12,43,19,63,137,0,1,23,7,31,12,44,42,70,168,6,52,58,226
06/11/2013,CRP,TX,ASW,CE,Combined TRACON& Tower with Radar,11,45,33,60,149,0,4,19,3,26,11,49,52,63,175,0,30,30,205
06/12/2013,CRP,TX,ASW,CE,Combined TRACON& Tower with Radar,12,36,40,48,136,0,2,26,15,43,12,38,66,63,179,2,40,42,221
06/13/2013,CRP,TX,ASW,CE,Combined TRACON& Tower with Radar,14,43,31,47,135,0,7,12,13,32,14,50,43,60,167,0,82,82,249
06/14/2013,CRP,TX,ASW,CE,Combined TRACON& Tower with Radar,19,40,27,47,133,0,4,18,12,34,19,44,45,59,167,0,28,28,195
06/15/2013,CRP,TX,ASW,CE,Combined TRACON& Tower with Radar,8,23,11,39,81,0,0,31,13,44,8,23,42,52,125,2,188,190,315
06/16/2013,CRP,TX,ASW,CE,Combined TRACON& Tower with Radar,12,26,20,15,73,0,2,21,12,35,12,28,41,27,108,4,32,36,144
06/17/2013,CRP,TX,ASW,CE,Combined TRACON& Tower with Radar,13,35,24,101,173,0,7,27,7,41,13,42,51,108,214,0,10,10,224
06/18/2013,CRP,TX,ASW,CE,Combined TRACON& Tower with Radar,13,38,27,90,168,0,5,33,9,47,13,43,60,99,215,10,22,32,247
06/19/2013,CRP,TX,ASW,CE,Combined TRACON& Tower with Radar,12,40,35,54,141,0,5,38,4,47,12,45,73,58,188,14,0,14,202
06/20/2013,CRP,TX,ASW,CE,Combined TRACON& Tower with Radar,16,40,22,51,129,0,6,40,11,57,16,46,62,62,186,8,32,40,226
06/21/2013,CRP,TX,ASW,CE,Combined TRACON& Tower with Radar,14,39,33,55,141,0,8,32,7,47,14,47,65,62,188,0,0,0,188
06/22/2013,CRP,TX,ASW,CE,Combined TRACON& Tower with Radar,10,22,14,50,96,0,1,36,16,53,10,23,50,66,149,0,80,80,229
06/23/2013,CRP,TX,ASW,CE,Combined TRACON& Tower with Radar,12,27,14,54,107,0,4,11,11,26,12,31,25,65,133,0,16,16,149
06/24/2013,CRP,TX,ASW,CE,Combined TRACON& Tower with Radar,14,35,37,54,140,0,5,24,6,35,14,40,61,60,175,0,60,60,235
06/25/2013,CRP,TX,ASW,CE,Combined TRACON& Tower with Radar,15,44,36,48,143,0,5,18,14,37,15,49,54,62,180,0,72,72,252
06/26/2013,CRP,TX,ASW,CE,Combined TRACON& Tower with Radar,16,45,32,25,118,0,6,25,10,41,16,51,57,35,159,14,20,34,193
06/27/2013,CRP,TX,ASW,CE,Combined TRACON& Tower with Radar,18,47,27,42,134,0,7,41,4,52,18,54,68,46,186,22,0,22,208
06/28/2013,CRP,TX,ASW,CE,Combined TRACON& Tower with Radar,18,40,22,26,106,0,5,35,8,48,18,45,57,34,154,0,46,46,200
06/29/2013,CRP,TX,ASW,CE,Combined TRACON& Tower with Radar,8,24,8,31,71,0,2,22,10,34,8,26,30,41,105,0,60,60,165
06/30/2013,CRP,TX,ASW,CE,Combined TRACON& Tower with Radar,18,28,21,29,96,0,0,18,8,26,18,28,39,37,122,0,66,66,188
07/01/2013,CRP,TX,ASW,CE,Combined TRACON& Tower with Radar,14,36,28,47,125,0,4,26,10,40,14,40,54,57,165,0,36,36,201
07/02/2013,CRP,TX,ASW,CE,Combined TRACON& Tower with Radar,14,29,24,42,109,0,6,25,9,40,14,35,49,51,149,0,36,36,185
07/03/2013,CRP,TX,ASW,CE,Combined TRACON& Tower with Radar,14,30,25,32,101,0,7,25,9,41,14,37,50,41,142,12,6,18,160
07/04/2013,CRP,TX,ASW,CE,Combined TRACON& Tower with Radar,12,15,6,4,37,0,0,10,3,13,12,15,16,7,50,0,12,12,62
07/05/2013,CRP,TX,ASW,CE,Combined TRACON& Tower with Radar,12,27,14,6,59,0,6,22,3,31,12,33,36,9,90,8,64,72,162
07/06/2013,CRP,TX,ASW,CE,Combined TRACON& Tower with Radar,8,19,4,15,46,0,4,7,20,31,8,23,11,35,77,0,86,86,163
07/07/2013,CRP,TX,ASW,CE,Combined TRACON& Tower with Radar,12,22,14,5,53,0,1,14,5,20,12,23,28,10,73,0,16,16,89
07/08/2013,CRP,TX,ASW,CE,Combined TRACON& Tower with Radar,14,30,14,46,104,0,1,17,11,29,14,31,31,57,133,22,14,36,169
07/09/2013,CRP,TX,ASW,CE,Combined TRACON& Tower with Radar,14,37,37,51,139,0,5,27,11,43,14,42,64,62,182,0,18,18,200
07/10/2013,CRP,TX,ASW,CE,Combined TRACON& Tower with Radar,16,36,27,83,162,0,5,19,7,31,16,41,46,90,193,36,42,78,271
07/11/2013,CRP,TX,ASW,CE,Combined TRACON& Tower with Radar,14,46,30,35,125,0,9,26,10,45,14,55,56,45,170,14,70,84,254
07/12/2013,CRP,TX,ASW,CE,Combined TRACON& Tower with Radar,14,37,25,46,122,0,4,29,17,50,14,41,54,63,172,4,286,290,462
07/13/2013,CRP,TX,ASW,CE,Combined TRACON& Tower with Radar,8,17,13,43,81,0,4,46,13,63,8,21,59,56,144,22,74,96,240
07/14/2013,CRP,TX,ASW,CE,Combined TRACON& Tower with Radar,14,23,11,35,83,0,5,14,15,34,14,28,25,50,117,2,88,90,207
07/15/2013,CRP,TX,ASW,CE,Combined TRACON& Tower with Radar,14,34,29,149,226,0,5,21,19,45,14,39,50,168,271,48,162,210,481
07/16/2013,CRP,TX,ASW,CE,Combined TRACON& Tower with Radar,13,32,41,15,101,0,0,17,3,20,13,32,58,18,121,0,68,68,189
07/17/2013,CRP,TX,ASW,CE,Combined TRACON& Tower with Radar,15,32,27,26,100,0,4,2,4,10,15,36,29,30,110,0,20,20,130
07/18/2013,CRP,TX,ASW,CE,Combined TRACON& Tower with Radar,14,38,22,37,111,0,5,17,5,27,14,43,39,42,138,0,4,4,142
07/19/2013,CRP,TX,ASW,CE,Combined TRACON& Tower with Radar,14,30,18,34,96,0,7,10,5,22,14,37,28,39,118,0,24,24,142
07/20/2013,CRP,TX,ASW,CE,Combined TRACON& Tower with Radar,10,21,11,79,121,0,8,16,54,78,10,29,27,133,199,10,254,264,463
07/21/2013,CRP,TX,ASW,CE,Combined TRACON& Tower with Radar,13,21,16,52,102,1,3,9,22,35,14,24,25,74,137,0,110,110,247
07/22/2013,CRP,TX,ASW,CE,Combined TRACON& Tower with Radar,14,34,20,33,101,0,3,25,14,42,14,37,45,47,143,2,106,108,251
07/23/2013,CRP,TX,ASW,CE,Combined TRACON& Tower with Radar,14,32,25,79,150,0,11,30,5,46,14,43,55,84,196,6,66,72,268
07/24/2013,CRP,TX,ASW,CE,Combined TRACON& Tower with Radar,13,29,28,54,124,0,13,34,6,53,13,42,62,60,177,0,32,32,209
07/25/2013,CRP,TX,ASW,CE,Combined TRACON& Tower with Radar,14,36,27,14,91,0,8,55,2,65,14,44,82,16,156,0,20,20,176
07/26/2013,CRP,TX,ASW,CE,Combined TRACON& Tower with Radar,14,39,20,37,110,0,6,23,17,46,14,45,43,54,156,6,54,60,216
07/27/2013,CRP,TX,ASW,CE,Combined TRACON& Tower with Radar,8,15,10,24,57,0,3,16,14,33,8,18,26,38,90,2,88,90,180
07/28/2013,CRP,TX,ASW,CE,Combined TRACON& Tower with Radar,12,26,11,21,70,0,3,11,7,21,12,29,22,28,91,0,0,0,91
07/29/2013,CRP,TX,ASW,CE,Combined TRACON& Tower with Radar,14,29,23,36,102,0,5,23,3,31,14,34,46,39,133,0,74,74,207
07/30/2013,CRP,TX,ASW,CE,Combined TRACON& Tower with Radar,14,36,26,27,103,0,6,30,4,40,14,42,56,31,143,2,18,20,163
07/31/2013,CRP,TX,ASW,CE,Combined TRACON& Tower with Radar,14,30,18,14,76,0,8,19,3,30,14,38,37,17,106,2,16,18,124
08/01/2013,CRP,TX,ASW,CE,Combined TRACON& Tower with Radar,14,38,16,15,83,0,5,32,0,37,14,43,48,15,120,6,0,6,126
08/02/2013,CRP,TX,ASW,CE,Combined TRACON& Tower with Radar,14,31,21,21,87,0,7,15,8,30,14,38,36,29,117,0,28,28,145
08/03/2013,CRP,TX,ASW,CE,Combined TRACON& Tower with Radar,8,21,9,18,56,0,2,25,35,62,8,23,34,53,118,32,100,132,250
08/04/2013,CRP,TX,ASW,CE,Combined TRACON& Tower with Radar,12,19,6,34,71,0,2,25,18,45,12,21,31,52,116,20,114,134,250
08/05/2013,CRP,TX,ASW,CE,Combined TRACON& Tower with Radar,14,38,21,39,112,0,5,27,14,46,14,43,48,53,158,0,46,46,204
08/06/2013,CRP,TX,ASW,CE,Combined TRACON& Tower with Radar,14,34,12,26,86,0,6,28,6,40,14,40,40,32,126,6,12,18,144
08/07/2013,CRP,TX,ASW,CE,Combined TRACON& Tower with Radar,14,31,45,19,109,0,6,20,5,31,14,37,65,24,140,0,8,8,148
08/08/2013,CRP,TX,ASW,CE,Combined TRACON& Tower with Radar,14,40,31,26,111,0,8,36,3,47,14,48,67,29,158,0,2,2,160
08/09/2013,CRP,TX,ASW,CE,Combined TRACON& Tower with Radar,16,34,29,27,106,0,7,36,4,47,16,41,65,31,153,2,40,42,195
08/10/2013,CRP,TX,ASW,CE,Combined TRACON& Tower with Radar,8,24,21,28,81,0,1,22,16,39,8,25,43,44,120,26,110,136,256
08/11/2013,CRP,TX,ASW,CE,Combined TRACON& Tower with Radar,12,23,19,43,97,0,6,15,13,34,12,29,34,56,131,0,122,122,253
08/12/2013,CRP,TX,ASW,CE,Combined TRACON& Tower with Radar,16,28,14,19,77,0,1,31,16,48,16,29,45,35,125,46,104,150,275
08/13/2013,CRP,TX,ASW,CE,Combined TRACON& Tower with Radar,14,28,33,29,104,0,11,21,8,40,14,39,54,37,144,0,0,0,144
08/14/2013,CRP,TX,ASW,CE,Combined TRACON& Tower with Radar,13,33,34,25,105,0,6,27,16,49,13,39,61,41,154,0,68,68,222
08/15/2013,CRP,TX,ASW,CE,Combined TRACON& Tower with Radar,14,34,22,26,96,0,3,18,6,27,14,37,40,32,123,0,6,6,129
08/16/2013,CRP,TX,ASW,CE,Combined TRACON& Tower with Radar,14,40,23,23,100,0,9,28,12,49,14,49,51,35,149,10,14,24,173
08/17/2013,CRP,TX,ASW,CE,Combined TRACON& Tower with Radar,8,21,5,34,68,0,1,23,23,47,8,22,28,57,115,6,134,140,255
08/18/2013,CRP,TX,ASW,CE,Combined TRACON& Tower with Radar,14,23,14,46,97,0,2,15,7,24,14,25,29,53,121,0,48,48,169
08/19/2013,CRP,TX,ASW,CE,Combined TRACON& Tower with Radar,14,32,21,22,89,0,7,20,13,40,14,39,41,35,129,32,82,114,243
08/20/2013,CRP,TX,ASW,CE,Combined TRACON& Tower with Radar,14,34,37,27,112,0,8,23,6,37,14,42,60,33,149,62,42,104,253
08/21/2013,CRP,TX,ASW,CE,Combined TRACON& Tower with Radar,16,33,30,30,109,0,3,26,5,34,16,36,56,35,143,0,42,42,185
08/22/2013,CRP,TX,ASW,CE,Combined TRACON& Tower with Radar,16,31,31,48,126,0,2,29,11,42,16,33,60,59,168,28,40,68,236
08/23/2013,CRP,TX,ASW,CE,Combined TRACON& Tower with Radar,14,39,37,42,132,0,4,46,7,57,14,43,83,49,189,0,16,16,205
08/24/2013,CRP,TX,ASW,CE,Combined TRACON& Tower with Radar,8,20,8,90,126,0,1,31,6,38,8,21,39,96,164,18,22,40,204
08/25/2013,CRP,TX,ASW,CE,Combined TRACON& Tower with Radar,14,20,17,29,80,0,1,14,5,20,14,21,31,34,100,28,64,92,192
08/26/2013,CRP,TX,ASW,CE,Combined TRACON& Tower with Radar,16,34,25,17,92,0,1,11,3,15,16,35,36,20,107,0,62,62,169
08/27/2013,CRP,TX,ASW,CE,Combined TRACON& Tower with Radar,14,40,31,27,112,0,5,14,2,21,14,45,45,29,133,20,0,20,153
08/28/2013,CRP,TX,ASW,CE,Combined TRACON& Tower with Radar,14,39,35,52,140,0,5,28,6,39,14,44,63,58,179,0,24,24,203
08/29/2013,CRP,TX,ASW,CE,Combined TRACON& Tower with Radar,16,43,25,52,136,0,5,50,2,57,16,48,75,54,193,0,42,42,235
08/30/2013,CRP,TX,ASW,CE,Combined TRACON& Tower with Radar,16,38,16,15,85,0,5,36,3,44,16,43,52,18,129,30,0,30,159
08/31/2013,CRP,TX,ASW,CE,Combined TRACON& Tower with Radar,8,18,16,22,64,0,1,32,17,50,8,19,48,39,114,26,110,136,250
09/01/2013,CRP,TX,ASW,CE,Combined TRACON& Tower with Radar,5,15,3,30,53,0,3,21,11,35,5,18,24,41,88,0,124,124,212
09/02/2013,CRP,TX,ASW,CE,Combined TRACON& Tower with Radar,11,29,18,1,59,0,1,10,7,18,11,30,28,8,77,0,60,60,137
09/03/2013,CRP,TX,ASW,CE,Combined TRACON& Tower with Radar,14,37,20,89,160,0,6,29,7,42,14,43,49,96,202,2,68,70,272
09/04/2013,CRP,TX,ASW,CE,Combined TRACON& Tower with Radar,14,51,29,60,154,0,4,25,11,40,14,55,54,71,194,24,36,60,254
09/05/2013,CRP,TX,ASW,CE,Combined TRACON& Tower with Radar,18,35,37,41,131,0,4,14,21,39,18,39,51,62,170,10,116,126,296
09/06/2013,CRP,TX,ASW,CE,Combined TRACON& Tower with Radar,16,46,21,64,147,0,0,26,14,40,16,46,47,78,187,36,110,146,333
09/07/2013,CRP,TX,ASW,CE,Combined TRACON& Tower with Radar,12,35,3,47,97,0,1,8,16,25,12,36,11,63,122,8,84,92,214
09/08/2013,CRP,TX,ASW,CE,Combined TRACON& Tower with Radar,14,28,20,29,91,0,0,6,3,9,14,28,26,32,100,22,20,42,142
09/09/2013,CRP,TX,ASW,CE,Combined TRACON& Tower with Radar,16,34,25,44,119,0,9,15,32,56,16,43,40,76,175,0,168,168,343
09/10/2013,CRP,TX,ASW,CE,Combined TRACON& Tower with Radar,16,34,35,28,113,0,2,4,7,13,16,36,39,35,126,0,108,108,234
09/11/2013,CRP,TX,ASW,CE,Combined TRACON& Tower with Radar,18,42,26,35,121,0,3,29,10,42,18,45,55,45,163,40,40,80,243
09/12/2013,CRP,TX,ASW,CE,Combined TRACON& Tower with Radar,15,45,31,76,167,0,4,24,12,40,15,49,55,88,207,8,76,84,291
09/13/2013,CRP,TX,ASW,CE,Combined TRACON& Tower with Radar,17,59,13,56,145,0,5,15,16,36,17,64,28,72,181,18,106,124,305
09/14/2013,CRP,TX,ASW,CE,Combined TRACON& Tower with Radar,10,34,9,28,81,0,4,16,18,38,10,38,25,46,119,16,218,234,353
09/15/2013,CRP,TX,ASW,CE,Combined TRACON& Tower with Radar,12,30,16,30,88,0,1,10,11,22,12,31,26,41,110,0,88,88,198
09/16/2013,CRP,TX,ASW,CE,Combined TRACON& Tower with Radar,16,41,21,46,124,0,3,9,9,21,16,44,30,55,145,16,10,26,171
09/17/2013,CRP,TX,ASW,CE,Combined TRACON& Tower with Radar,16,50,47,54,167,0,8,17,2,27,16,58,64,56,194,12,90,102,296
09/18/2013,CRP,TX,ASW,CE,Combined TRACON& Tower with Radar,16,49,49,44,158,0,6,29,21,56,16,55,78,65,214,0,110,110,324
09/19/2013,CRP,TX,ASW,CE,Combined TRACON& Tower with Radar,14,32,33,123,202,0,6,20,0,26,14,38,53,123,228,10,24,34,262
09/20/2013,CRP,TX,ASW,CE,Combined TRACON& Tower with Radar,16,36,29,50,131,0,1,2,8,11,16,37,31,58,142,0,0,0,142
09/21/2013,CRP,TX,ASW,CE,Combined TRACON& Tower with Radar,10,28,4,63,105,0,2,2,5,9,10,30,6,68,114,0,60,60,174
09/22/2013,CRP,TX,ASW,CE,Combined TRACON& Tower with Radar,12,27,20,30,89,0,3,25,15,43,12,30,45,45,132,0,58,58,190
09/23/2013,CRP,TX,ASW,CE,Combined TRACON& Tower with Radar,14,48,29,66,157,0,7,26,14,47,14,55,55,80,204,8,128,136,340
09/24/2013,CRP,TX,ASW,CE,Combined TRACON& Tower with Radar,13,41,40,39,133,0,4,37,6,47,13,45,77,45,180,16,78,94,274
09/25/2013,CRP,TX,ASW,CE,Combined TRACON& Tower with Radar,14,34,19,36,103,0,6,43,3,52,14,40,62,39,155,0,28,28,183
09/26/2013,CRP,TX,ASW,CE,Combined TRACON& Tower with Radar,14,41,34,50,139,0,3,20,4,27,14,44,54,54,166,0,4,4,170
09/27/2013,CRP,TX,ASW,CE,Combined TRACON& Tower with Radar,14,50,24,33,121,0,5,23,11,39,14,55,47,44,160,12,18,30,190
09/28/2013,CRP,TX,ASW,CE,Combined TRACON& Tower with Radar,10,24,8,37,79,0,2,17,15,34,10,26,25,52,113,10,94,104,217
09/29/2013,CRP,TX,ASW,CE,Combined TRACON& Tower with Radar,12,40,21,31,104,0,0,11,7,18,12,40,32,38,122,0,8,8,130
09/30/2013,CRP,TX,ASW,CE,Combined TRACON& Tower with Radar,14,43,22,35,114,0,2,25,1,28,14,45,47,36,142,0,6,6,148
10/01/2013,CRP,TX,ASW,CE,Combined TRACON& Tower with Radar,14,45,28,0,87,0,2,22,1,25,14,47,50,1,112,44,6,50,162
10/02/2013,CRP,TX,ASW,CE,Combined TRACON& Tower with Radar,14,43,23,40,120,0,3,30,10,43,14,46,53,50,163,12,18,30,193
10/03/2013,CRP,TX,ASW,CE,Combined TRACON& Tower with Radar,14,40,23,33,110,0,6,25,1,32,14,46,48,34,142,14,16,30,172
10/04/2013,CRP,TX,ASW,CE,Combined TRACON& Tower with Radar,14,60,7,44,125,0,3,23,3,29,14,63,30,47,154,2,38,40,194
10/05/2013,CRP,TX,ASW,CE,Combined TRACON& Tower with Radar,10,33,10,3,56,0,0,28,16,44,10,33,38,19,100,4,70,74,174
10/06/2013,CRP,TX,ASW,CE,Combined TRACON& Tower with Radar,12,30,15,0,57,0,0,17,0,17,12,30,32,0,74,0,0,0,74
10/07/2013,CRP,TX,ASW,CE,Combined TRACON& Tower with Radar,14,37,18,44,113,0,5,32,11,48,14,42,50,55,161,0,38,38,199
10/08/2013,CRP,TX,ASW,CE,Combined TRACON& Tower with Radar,14,36,24,13,87,0,7,26,4,37,14,43,50,17,124,20,6,26,150
10/09/2013,CRP,TX,ASW,CE,Combined TRACON& Tower with Radar,14,37,21,8,80,0,4,40,1,45,14,41,61,9,125,14,0,14,139
10/10/2013,CRP,TX,ASW,CE,Combined TRACON& Tower with Radar,16,36,22,1,75,0,6,20,3,29,16,42,42,4,104,0,2,2,106
10/11/2013,CRP,TX,ASW,CE,Combined TRACON& Tower with Radar,14,39,32,11,96,0,9,12,0,21,14,48,44,11,117,0,4,4,121
10/12/2013,CRP,TX,ASW,CE,Combined TRACON& Tower with Radar,10,23,13,3,49,0,2,9,0,11,10,25,22,3,60,24,0,24,84
10/13/2013,CRP,TX,ASW,CE,Combined TRACON& Tower with Radar,12,31,19,0,62,0,0,13,0,13,12,31,32,0,75,22,0,22,97
10/14/2013,CRP,TX,ASW,CE,Combined TRACON& Tower with Radar,14,41,25,0,80,0,6,5,0,11,14,47,30,0,91,0,0,0,91
10/15/2013,CRP,TX,ASW,CE,Combined TRACON& Tower with Radar,12,35,39,43,129,0,5,11,4,20,12,40,50,47,149,0,48,48,197
10/16/2013,CRP,TX,ASW,CE,Combined TRACON& Tower with Radar,14,52,37,76,179,0,5,13,6,24,14,57,50,82,203,0,96,96,299
10/17/2013,CRP,TX,ASW,CE,Combined TRACON& Tower with Radar,20,49,23,30,122,0,6,15,9,30,20,55,38,39,152,0,52,52,204
10/18/2013,CRP,TX,ASW,CE,Combined TRACON& Tower with Radar,14,48,40,15,117,0,0,3,1,4,14,48,43,16,121,0,0,0,121
10/19/2013,CRP,TX,ASW,CE,Combined TRACON& Tower with Radar,10,22,9,6,47,0,1,12,8,21,10,23,21,14,68,0,56,56,124
10/20/2013,CRP,TX,ASW,CE,Combined TRACON& Tower with Radar,18,30,12,21,81,0,2,28,22,52,18,32,40,43,133,0,146,146,279
10/21/2013,CRP,TX,ASW,CE,Combined TRACON& Tower with Radar,16,39,23,8,86,0,5,8,2,15,16,44,31,10,101,4,20,24,125
10/22/2013,CRP,TX,ASW,CE,Combined TRACON& Tower with Radar,14,37,29,42,122,0,5,39,9,53,14,42,68,51,175,6,18,24,199
10/23/2013,CRP,TX,ASW,CE,Combined TRACON& Tower with Radar,14,42,32,12,100,0,6,39,4,49,14,48,71,16,149,0,8,8,157
10/24/2013,CRP,TX,ASW,CE,Combined TRACON& Tower with Radar,16,42,34,20,112,0,5,40,4,49,16,47,74,24,161,26,0,26,187
10/25/2013,CRP,TX,ASW,CE,Combined TRACON& Tower with Radar,16,47,25,24,112,0,8,23,20,51,16,55,48,44,163,14,20,34,197
10/26/2013,CRP,TX,ASW,CE,Combined TRACON& Tower with Radar,10,26,10,6,52,0,4,23,12,39,10,30,33,18,91,8,56,64,155
10/27/2013,CRP,TX,ASW,CE,Combined TRACON& Tower with Radar,12,30,25,53,120,0,2,23,9,34,12,32,48,62,154,4,12,16,170
10/28/2013,CRP,TX,ASW,CE,Combined TRACON& Tower with Radar,14,44,26,47,131,0,3,37,4,44,14,47,63,51,175,10,32,42,217
10/29/2013,CRP,TX,ASW,CE,Combined TRACON& Tower with Radar,14,41,34,30,119,0,8,29,1,38,14,49,63,31,157,16,20,36,193
10/30/2013,CRP,TX,ASW,CE,Combined TRACON& Tower with Radar,14,51,43,65,173,0,3,14,11,28,14,54,57,76,201,0,90,90,291
10/31/2013,CRP,TX,ASW,CE,Combined TRACON& Tower with Radar,12,48,23,25,108,0,5,9,2,16,12,53,32,27,124,0,12,12,136
11/01/2013,CRP,TX,ASW,CE,Combined TRACON& Tower with Radar,14,33,25,16,88,0,7,25,12,44,14,40,50,28,132,0,16,16,148
11/02/2013,CRP,TX,ASW,CE,Combined TRACON& Tower with Radar,10,25,10,15,60,0,1,20,5,26,10,26,30,20,86,6,0,6,92
11/03/2013,CRP,TX,ASW,CE,Combined TRACON& Tower with Radar,10,28,14,20,72,0,3,34,12,49,10,31,48,32,121,0,36,36,157
11/04/2013,CRP,TX,ASW,CE,Combined TRACON& Tower with Radar,14,39,19,25,97,0,2,23,10,35,14,41,42,35,132,58,134,192,324
11/05/2013,CRP,TX,ASW,CE,Combined TRACON& Tower with Radar,14,43,19,25,101,0,3,11,5,19,14,46,30,30,120,10,8,18,138
11/06/2013,CRP,TX,ASW,CE,Combined TRACON& Tower with Radar,17,39,22,27,105,0,1,8,0,9,17,40,30,27,114,10,20,30,144
11/07/2013,CRP,TX,ASW,CE,Combined TRACON& Tower with Radar,14,42,40,26,122,0,4,34,13,51,14,46,74,39,173,38,40,78,251
11/08/2013,CRP,TX,ASW,CE,Combined TRACON& Tower with Radar,16,39,22,23,100,0,3,38,18,59,16,42,60,41,159,4,30,34,193
11/09/2013,CRP,TX,ASW,CE,Combined TRACON& Tower with Radar,12,26,4,19,61,0,7,17,16,40,12,33,21,35,101,0,122,122,223
11/10/2013,CRP,TX,ASW,CE,Combined TRACON& Tower with Radar,10,30,20,25,85,0,3,18,8,29,10,33,38,33,114,0,56,56,170
11/11/2013,CRP,TX,ASW,CE,Combined TRACON& Tower with Radar,16,38,32,32,118,0,6,25,9,40,16,44,57,41,158,2,144,146,304
11/12/2013,CRP,TX,ASW,CE,Combined TRACON& Tower with Radar,14,39,37,39,129,0,4,9,5,18,14,43,46,44,147,0,0,0,147
11/13/2013,CRP,TX,ASW,CE,Combined TRACON& Tower with Radar,14,36,26,37,113,0,3,27,7,37,14,39,53,44,150,0,22,22,172
11/14/2013,CRP,TX,ASW,CE,Combined TRACON& Tower with Radar,14,51,38,42,145,0,8,24,3,35,14,59,62,45,180,2,24,26,206
11/15/2013,CRP,TX,ASW,CE,Combined TRACON& Tower with Radar,15,42,23,32,112,0,8,40,17,65,15,50,63,49,177,2,66,68,245
11/16/2013,CRP,TX,ASW,CE,Combined TRACON& Tower with Radar,10,29,15,39,93,0,13,22,30,65,10,42,37,69,158,12,116,128,286
11/17/2013,CRP,TX,ASW,CE,Combined TRACON& Tower with Radar,11,32,16,56,115,0,6,22,7,35,11,38,38,63,150,4,72,76,226
11/18/2013,CRP,TX,ASW,CE,Combined TRACON& Tower with Radar,14,52,38,41,145,0,0,11,13,24,14,52,49,54,169,2,50,52,221
11/19/2013,CRP,TX,ASW,CE,Combined TRACON& Tower with Radar,14,55,33,20,122,0,5,11,11,27,14,60,44,31,149,0,86,86,235
11/20/2013,CRP,TX,ASW,CE,Combined TRACON& Tower with Radar,14,43,36,42,135,0,5,14,18,37,14,48,50,60,172,14,22,36,208
11/21/2013,CRP,TX,ASW,CE,Combined TRACON& Tower with Radar,14,48,42,58,162,0,2,18,10,30,14,50,60,68,192,24,56,80,272
11/22/2013,CRP,TX,ASW,CE,Combined TRACON& Tower with Radar,18,44,15,2,79,0,0,1,0,1,18,44,16,2,80,0,0,0,80
11/23/2013,CRP,TX,ASW,CE,Combined TRACON& Tower with Radar,10,28,9,12,59,0,0,0,1,1,10,28,9,13,60,0,0,0,60
11/24/2013,CRP,TX,ASW,CE,Combined TRACON& Tower with Radar,10,23,21,28,82,0,0,4,2,6,10,23,25,30,88,0,24,24,112
11/25/2013,CRP,TX,ASW,CE,Combined TRACON& Tower with Radar,14,41,21,27,103,0,0,0,0,0,14,41,21,27,103,0,0,0,103
11/26/2013,CRP,TX,ASW,CE,Combined TRACON& Tower with Radar,14,38,21,39,112,0,12,8,24,44,14,50,29,63,156,0,72,72,228
11/27/2013,CRP,TX,ASW,CE,Combined TRACON& Tower with Radar,16,43,20,4,83,0,5,34,0,39,16,48,54,4,122,20,0,20,142
11/28/2013,CRP,TX,ASW,CE,Combined TRACON& Tower with Radar,9,20,11,0,40,0,1,10,0,11,9,21,21,0,51,0,0,0,51
11/29/2013,CRP,TX,ASW,CE,Combined TRACON& Tower with Radar,9,31,11,0,51,0,4,15,0,19,9,35,26,0,70,6,0,6,76
11/30/2013,CRP,TX,ASW,CE,Combined TRACON& Tower with Radar,12,28,18,0,58,0,2,21,1,24,12,30,39,1,82,0,0,0,82
12/01/2013,CRP,TX,ASW,CE,Combined TRACON& Tower with Radar,16,32,24,2,74,0,1,26,0,27,16,33,50,2,101,0,0,0,101
12/02/2013,CRP,TX,ASW,CE,Combined TRACON& Tower with Radar,16,39,24,11,90,0,4,17,1,22,16,43,41,12,112,10,0,10,122
12/03/2013,CRP,TX,ASW,CE,Combined TRACON& Tower with Radar,14,33,30,43,120,0,14,45,12,71,14,47,75,55,191,0,78,78,269
12/04/2013,CRP,TX,ASW,CE,Combined TRACON& Tower with Radar,14,52,31,37,134,0,4,41,19,64,14,56,72,56,198,30,102,132,330
12/05/2013,CRP,TX,ASW,CE,Combined TRACON& Tower with Radar,13,31,29,91,164,0,1,1,2,4,13,32,30,93,168,0,26,26,194
12/06/2013,CRP,TX,ASW,CE,Combined TRACON& Tower with Radar,8,33,21,69,131,0,2,0,10,12,8,35,21,79,143,0,0,0,143
12/07/2013,CRP,TX,ASW,CE,Combined TRACON& Tower with Radar,7,18,11,29,65,0,0,4,14,18,7,18,15,43,83,0,54,54,137
12/08/2013,CRP,TX,ASW,CE,Combined TRACON& Tower with Radar,8,11,14,29,62,0,0,1,2,3,8,11,15,31,65,0,0,0,65
12/09/2013,CRP,TX,ASW,CE,Combined TRACON& Tower with Radar,10,33,39,17,99,0,0,0,0,0,10,33,39,17,99,0,0,0,99
12/10/2013,CRP,TX,ASW,CE,Combined TRACON& Tower with Radar,13,30,28,56,127,0,4,13,17,34,13,34,41,73,161,0,26,26,187
12/11/2013,CRP,TX,ASW,CE,Combined TRACON& Tower with Radar,14,35,38,50,137,0,0,7,6,13,14,35,45,56,150,0,72,72,222
12/12/2013,CRP,TX,ASW,CE,Combined TRACON& Tower with Radar,18,44,30,26,118,0,3,12,5,20,18,47,42,31,138,10,36,46,184
12/13/2013,CRP,TX,ASW,CE,Combined TRACON& Tower with Radar,11,33,25,68,137,0,4,6,11,21,11,37,31,79,158,10,38,48,206
12/14/2013,CRP,TX,ASW,CE,Combined TRACON& Tower with Radar,10,27,7,73,117,0,1,30,6,37,10,28,37,79,154,0,40,40,194
12/15/2013,CRP,TX,ASW,CE,Combined TRACON& Tower with Radar,10,25,11,65,111,0,2,35,18,55,10,27,46,83,166,18,136,154,320
12/16/2013,CRP,TX,ASW,CE,Combined TRACON& Tower with Radar,14,34,30,50,128,0,8,29,11,48,14,42,59,61,176,12,16,28,204
12/17/2013,CRP,TX,ASW,CE,Combined TRACON& Tower with Radar,14,37,39,45,135,0,6,46,9,61,14,43,85,54,196,4,46,50,246
12/18/2013,CRP,TX,ASW,CE,Combined TRACON& Tower with Radar,14,42,36,42,134,0,5,45,15,65,14,47,81,57,199,28,58,86,285
12/19/2013,CRP,TX,ASW,CE,Combined TRACON& Tower with Radar,14,43,34,73,164,0,0,22,7,29,14,43,56,80,193,12,0,12,205
12/20/2013,CRP,TX,ASW,CE,Combined TRACON& Tower with Radar,14,39,45,60,158,0,1,7,2,10,14,40,52,62,168,0,16,16,184
12/21/2013,CRP,TX,ASW,CE,Combined TRACON& Tower with Radar,16,31,12,25,84,0,1,3,0,4,16,32,15,25,88,0,0,0,88
12/22/2013,CRP,TX,ASW,CE,Combined TRACON& Tower with Radar,12,20,8,13,53,0,1,17,1,19,12,21,25,14,72,0,0,0,72
12/23/2013,CRP,TX,ASW,CE,Combined TRACON& Tower with Radar,14,33,15,22,84,0,3,39,9,51,14,36,54,31,135,8,20,28,163
12/24/2013,CRP,TX,ASW,CE,Combined TRACON& Tower with Radar,8,32,2,2,44,0,7,23,0,30,8,39,25,2,74,38,0,38,112
12/25/2013,CRP,TX,ASW,CE,Combined TRACON& Tower with Radar,10,22,5,0,37,0,6,8,0,14,10,28,13,0,51,0,0,0,51
12/26/2013,CRP,TX,ASW,CE,Combined TRACON& Tower with Radar,16,38,29,3,86,0,0,5,6,11,16,38,34,9,97,0,8,8,105
12/27/2013,CRP,TX,ASW,CE,Combined TRACON& Tower with Radar,14,36,12,31,93,0,0,2,3,5,14,36,14,34,98,14,8,22,120
12/28/2013,CRP,TX,ASW,CE,Combined TRACON& Tower with Radar,11,29,21,7,68,0,0,21,2,23,11,29,42,9,91,0,0,0,91
12/29/2013,CRP,TX,ASW,CE,Combined TRACON& Tower with Radar,10,26,16,10,62,0,3,8,9,20,10,29,24,19,82,0,20,20,102
12/30/2013,CRP,TX,ASW,CE,Combined TRACON& Tower with Radar,16,38,22,29,105,0,0,3,6,9,16,38,25,35,114,0,12,12,126
12/31/2013,CRP,TX,ASW,CE,Combined TRACON& Tower with Radar,10,31,13,13,67,0,1,8,0,9,10,32,21,13,76,0,16,16,92
01/01/2014,CRP,TX,ASW,CE,Combined TRACON& Tower with Radar,10,31,12,0,53,0,1,5,0,6,10,32,17,0,59,0,0,0,59
01/02/2014,CRP,TX,ASW,CE,Combined TRACON& Tower with Radar,16,41,14,13,84,0,3,17,10,30,16,44,31,23,114,0,10,10,124
01/03/2014,CRP,TX,ASW,CE,Combined TRACON& Tower with Radar,14,27,14,42,97,0,8,25,31,64,14,35,39,73,161,0,214,214,375
01/04/2014,CRP,TX,ASW,CE,Combined TRACON& Tower with Radar,10,24,4,16,54,0,3,12,18,33,10,27,16,34,87,0,64,64,151
01/05/2014,CRP,TX,ASW,CE,Combined TRACON& Tower with Radar,10,24,7,19,60,0,0,2,10,12,10,24,9,29,72,0,6,6,78
01/06/2014,CRP,TX,ASW,CE,Combined TRACON& Tower with Radar,14,33,23,37,107,0,4,22,10,36,14,37,45,47,143,0,26,26,169
01/07/2014,CRP,TX,ASW,CE,Combined TRACON& Tower with Radar,12,33,20,27,92,0,2,28,6,36,12,35,48,33,128,24,16,40,168
01/08/2014,CRP,TX,ASW,CE,Combined TRACON& Tower with Radar,12,39,37,16,104,0,0,2,0,2,12,39,39,16,106,0,0,0,106
01/09/2014,CRP,TX,ASW,CE,Combined TRACON& Tower with Radar,12,46,27,54,139,0,0,0,1,1,12,46,27,55,140,0,0,0,140
01/10/2014,CRP,TX,ASW,CE,Combined TRACON& Tower with Radar,12,33,18,79,142,0,4,12,7,23,12,37,30,86,165,24,32,56,221
01/11/2014,CRP,TX,ASW,CE,Combined TRACON& Tower with Radar,6,17,7,45,75,0,2,45,31,78,6,19,52,76,153,50,86,136,289
01/12/2014,CRP,TX,ASW,CE,Combined TRACON& Tower with Radar,10,25,15,52,102,0,0,19,24,43,10,25,34,76,145,0,180,180,325
01/13/2014,CRP,TX,ASW,CE,Combined TRACON& Tower with Radar,12,28,29,57,126,0,4,26,23,53,12,32,55,80,179,0,118,118,297
01/14/2014,CRP,TX,ASW,CE,Combined TRACON& Tower with Radar,12,32,17,56,117,0,9,36,16,61,12,41,53,72,178,8,14,22,200
01/15/2014,CRP,TX,ASW,CE,Combined TRACON& Tower with Radar,14,31,36,53,134,0,7,32,17,56,14,38,68,70,190,14,44,58,248
01/16/2014,CRP,TX,ASW,CE,Combined TRACON& Tower with Radar,12,28,38,80,158,0,7,44,15,66,12,35,82,95,224,12,104,116,340
01/17/2014,CRP,TX,ASW,CE,Combined TRACON& Tower with Radar,16,40,25,75,156,0,5,20,11,36,16,45,45,86,192,0,20,20,212
01/18/2014,CRP,TX,ASW,CE,Combined TRACON& Tower with Radar,10,20,17,61,108,0,1,25,11,37,10,21,42,72,145,10,40,50,195
01/19/2014,CRP,TX,ASW,CE,Combined TRACON& Tower with Radar,12,25,9,22,68,0,1,29,22,52,12,26,38,44,120,12,96,108,228
01/20/2014,CRP,TX,ASW,CE,Combined TRACON& Tower with Radar,14,29,13,16,72,0,2,33,7,42,14,31,46,23,114,0,20,20,134
01/21/2014,CRP,TX,ASW,CE,Combined TRACON& Tower with Radar,12,34,46,34,126,0,8,33,7,48,12,42,79,41,174,8,76,84,258
01/22/2014,CRP,TX,ASW,CE,Combined TRACON& Tower with Radar,12,28,41,52,133,0,12,36,10,58,12,40,77,62,191,6,70,76,267
01/23/2014,CRP,TX,ASW,CE,Combined TRACON& Tower with Radar,12,30,33,26,101,0,2,7,1,10,12,32,40,27,111,0,84,84,195
01/24/2014,CRP,TX,ASW,CE,Combined TRACON& Tower with Radar,10,39,25,0,74,0,1,4,0,5,10,40,29,0,79,0,0,0,79
01/25/2014,CRP,TX,ASW,CE,Combined TRACON& Tower with Radar,10,15,12,56,93,0,3,30,42,75,10,18,42,98,168,0,234,234,402
01/26/2014,CRP,TX,ASW,CE,Combined TRACON& Tower with Radar,10,26,10,42,88,0,6,25,13,44,10,32,35,55,132,0,66,66,198
01/27/2014,CRP,TX,ASW,CE,Combined TRACON& Tower with Radar,12,25,29,55,121,0,9,13,14,36,12,34,42,69,157,0,82,82,239
01/28/2014,CRP,TX,ASW,CE,Combined TRACON& Tower with Radar,9,25,16,33,83,0,2,4,6,12,9,27,20,39,95,0,44,44,139
01/29/2014,CRP,TX,ASW,CE,Combined TRACON& Tower with Radar,13,30,27,43,113,0,10,16,10,36,13,40,43,53,149,8,138,146,295
01/30/2014,CRP,TX,ASW,CE,Combined TRACON& Tower with Radar,12,36,27,59,134,0,8,13,2,23,12,44,40,61,157,0,20,20,177
01/31/2014,CRP,TX,ASW,CE,Combined TRACON& Tower with Radar,14,39,35,77,165,0,10,26,14,50,14,49,61,91,215,14,98,112,327
02/01/2014,CRP,TX,ASW,CE,Combined TRACON& Tower with Radar,12,17,6,59,94,0,2,5,5,12,12,19,11,64,106,0,32,32,138
02/02/2014,CRP,TX,ASW,CE,Combined TRACON& Tower with Radar,8,23,11,49,91,0,0,0,0,0,8,23,11,49,91,0,2,2,93
02/03/2014,CRP,TX,ASW,CE,Combined TRACON& Tower with Radar,14,30,38,44,126,0,0,3,1,4,14,30,41,45,130,0,22,22,152
02/04/2014,CRP,TX,ASW,CE,Combined TRACON& Tower with Radar,12,37,32,78,159,0,4,7,19,30,12,41,39,97,189,0,28,28,217
02/05/2014,CRP,TX,ASW,CE,Combined TRACON& Tower with Radar,12,39,31,60,142,0,6,25,5,36,12,45,56,65,178,0,14,14,192
02/06/2014,CRP,TX,ASW,CE,Combined TRACON& Tower with Radar,10,30,31,73,144,0,2,22,16,40,10,32,53,89,184,10,30,40,224
02/07/2014,CRP,TX,ASW,CE,Combined TRACON& Tower with Radar,13,44,19,3,79,0,0,0,0,0,13,44,19,3,79,16,6,22,101
02/08/2014,CRP,TX,ASW,CE,Combined TRACON& Tower with Radar,9,25,26,49,109,0,0,2,12,14,9,25,28,61,123,0,92,92,215
02/09/2014,CRP,TX,ASW,CE,Combined TRACON& Tower with Radar,7,25,23,74,129,0,0,7,0,7,7,25,30,74,136,24,36,60,196
02/10/2014,CRP,TX,ASW,CE,Combined TRACON& Tower with Radar,10,37,31,15,93,0,0,0,0,0,10,37,31,15,93,0,0,0,93
02/11/2014,CRP,TX,ASW,CE,Combined TRACON& Tower with Radar,11,38,37,12,98,0,0,0,0,0,11,38,37,12,98,0,0,0,98
02/12/2014,CRP,TX,ASW,CE,Combined TRACON& Tower with Radar,13,36,37,56,142,0,8,44,15,67,13,44,81,71,209,8,34,42,251
02/13/2014,CRP,TX,ASW,CE,Combined TRACON& Tower with Radar,12,38,25,68,143,0,10,49,4,63,12,48,74,72,206,0,100,100,306
02/14/2014,CRP,TX,ASW,CE,Combined TRACON& Tower with Radar,16,43,24,51,134,0,9,25,9,43,16,52,49,60,177,14,78,92,269
02/15/2014,CRP,TX,ASW,CE,Combined TRACON& Tower with Radar,8,22,8,41,79,0,4,16,18,38,8,26,24,59,117,0,146,146,263
02/16/2014,CRP,TX,ASW,CE,Combined TRACON& Tower with Radar,10,26,18,44,98,0,2,23,20,45,10,28,41,64,143,0,202,202,345
02/17/2014,CRP,TX,ASW,CE,Combined TRACON& Tower with Radar,14,33,29,34,110,0,1,14,7,22,14,34,43,41,132,0,90,90,222
02/18/2014,CRP,TX,ASW,CE,Combined TRACON& Tower with Radar,12,37,48,56,153,0,5,11,8,24,12,42,59,64,177,0,28,28,205
02/19/2014,CRP,TX,ASW,CE,Combined TRACON& Tower with Radar,13,38,35,45,131,0,7,20,15,42,13,45,55,60,173,4,64,68,241
02/20/2014,CRP,TX,ASW,CE,Combined TRACON& Tower with Radar,12,39,43,55,149,0,7,18,16,41,12,46,61,71,190,66,102,168,358
02/21/2014,CRP,TX,ASW,CE,Combined TRACON& Tower with Radar,12,38,32,77,159,0,7,42,22,71,12,45,74,99,230,4,196,200,430
02/22/2014,CRP,TX,ASW,CE,Combined TRACON& Tower with Radar,9,27,23,71,130,0,2,12,4,18,9,29,35,75,148,16,18,34,182
02/23/2014,CRP,TX,ASW,CE,Combined TRACON& Tower with Radar,9,26,19,52,106,0,0,7,8,15,9,26,26,60,121,0,74,74,195
02/24/2014,CRP,TX,ASW,CE,Combined TRACON& Tower with Radar,10,39,29,47,125,0,0,4,1,5,10,39,33,48,130,0,18,18,148
02/25/2014,CRP,TX,ASW,CE,Combined TRACON& Tower with Radar,14,35,32,45,126,0,0,5,0,5,14,35,37,45,131,0,0,0,131
02/26/2014,CRP,TX,ASW,CE,Combined TRACON& Tower with Radar,10,44,30,22,106,0,1,7,2,10,10,45,37,24,116,0,6,6,122
02/27/2014,CRP,TX,ASW,CE,Combined TRACON& Tower with Radar,10,37,31,53,131,0,6,52,12,70,10,43,83,65,201,22,50,72,273
02/28/2014,CRP,TX,ASW,CE,Combined TRACON& Tower with Radar,14,37,19,37,107,0,7,28,27,62,14,44,47,64,169,0,176,176,345
03/01/2014,CRP,TX,ASW,CE,Combined TRACON& Tower with Radar,8,17,18,70,113,0,1,17,13,31,8,18,35,83,144,18,102,120,264
03/02/2014,CRP,TX,ASW,CE,Combined TRACON& Tower with Radar,7,19,8,59,93,0,0,3,4,7,7,19,11,63,100,0,4,4,104
03/03/2014,CRP,TX,ASW,CE,Combined TRACON& Tower with Radar,13,26,27,35,101,0,2,11,5,18,13,28,38,40,119,0,10,10,129
03/04/2014,CRP,TX,ASW,CE,Combined TRACON& Tower with Radar,16,35,31,46,128,0,0,0,0,0,16,35,31,46,128,0,0,0,128
03/05/2014,CRP,TX,ASW,CE,Combined TRACON& Tower with Radar,12,37,51,89,189,0,0,9,2,11,12,37,60,91,200,0,42,42,242
03/06/2014,CRP,TX,ASW,CE,Combined TRACON& Tower with Radar,12,39,34,41,126,0,5,49,9,63,12,44,83,50,189,6,16,22,211
03/07/2014,CRP,TX,ASW,CE,Combined TRACON& Tower with Radar,12,40,34,38,124,0,5,59,8,72,12,45,93,46,196,24,62,86,282
03/08/2014,CRP,TX,ASW,CE,Combined TRACON& Tower with Radar,10,26,17,68,121,0,2,1,6,9,10,28,18,74,130,0,18,18,148
03/09/2014,CRP,TX,ASW,CE,Combined TRACON& Tower with Radar,12,31,13,60,116,0,0,0,0,0,12,31,13,60,116,0,0,0,116
03/10/2014,CRP,TX,ASW,CE,Combined TRACON& Tower with Radar,14,34,27,22,97,0,0,5,3,8,14,34,32,25,105,0,6,6,111
03/11/2014,CRP,TX,ASW,CE,Combined TRACON& Tower with Radar,12,35,26,78,151,0,4,28,7,39,12,39,54,85,190,8,24,32,222
03/12/2014,CRP,TX,ASW,CE,Combined TRACON& Tower with Radar,12,36,39,22,109,0,7,16,31,54,12,43,55,53,163,0,64,64,227
03/13/2014,CRP,TX,ASW,CE,Combined TRACON& Tower with Radar,12,35,23,22,92,0,8,46,7,61,12,43,69,29,153,0,16,16,169
03/14/2014,CRP,TX,ASW,CE,Combined TRACON& Tower with Radar,12,41,33,50,136,0,2,18,21,41,12,43,51,71,177,0,164,164,341
03/15/2014,CRP,TX,ASW,CE,Combined TRACON& Tower with Radar,10,25,14,49,98,0,1,6,3,10,10,26,20,52,108,0,0,0,108
03/16/2014,CRP,TX,ASW,CE,Combined TRACON& Tower with Radar,12,27,9,18,66,0,2,12,10,24,12,29,21,28,90,12,0,12,102
03/17/2014,CRP,TX,ASW,CE,Combined TRACON& Tower with Radar,14,36,27,73,150,0,4,30,18,52,14,40,57,91,202,0,94,94,296
03/18/2014,CRP,TX,ASW,CE,Combined TRACON& Tower with Radar,12,47,12,46,117,0,5,25,10,40,12,52,37,56,157,0,28,28,185
03/19/2014,CRP,TX,ASW,CE,Combined TRACON& Tower with Radar,12,38,34,88,172,0,1,28,6,35,12,39,62,94,207,8,40,48,255
03/20/2014,CRP,TX,ASW,CE,Combined TRACON& Tower with Radar,12,38,32,63,145,0,4,29,11,44,12,42,61,74,189,0,32,32,221
03/21/2014,CRP,TX,ASW,CE,Combined TRACON& Tower with Radar,12,37,42,57,148,0,4,21,18,43,12,41,63,75,191,10,98,108,299
03/22/2014,CRP,TX,ASW,CE,Combined TRACON& Tower with Radar,10,24,5,32,71,0,0,6,4,10,10,24,11,36,81,2,24,26,107
03/23/2014,CRP,TX,ASW,CE,Combined TRACON& Tower with Radar,12,24,20,18,74,0,0,1,0,1,12,24,21,18,75,0,0,0,75
03/24/2014,CRP,TX,ASW,CE,Combined TRACON& Tower with Radar,14,47,35,73,169,0,0,5,6,11,14,47,40,79,180,0,0,0,180
03/25/2014,CRP,TX,ASW,CE,Combined TRACON& Tower with Radar,12,36,40,110,198,0,2,28,52,82,12,38,68,162,280,12,218,230,510
03/26/2014,CRP,TX,ASW,CE,Combined TRACON& Tower with Radar,10,38,40,74,162,0,5,28,5,38,10,43,68,79,200,30,108,138,338
03/27/2014,CRP,TX,ASW,CE,Combined TRACON& Tower with Radar,12,44,25,31,112,0,2,2,3,7,12,46,27,34,119,0,24,24,143
03/28/2014,CRP,TX,ASW,CE,Combined TRACON& Tower with Radar,14,39,44,31,128,0,4,28,6,38,14,43,72,37,166,14,72,86,252
03/29/2014,CRP,TX,ASW,CE,Combined TRACON& Tower with Radar,10,25,12,31,78,0,2,24,10,36,10,27,36,41,114,0,28,28,142
03/30/2014,CRP,TX,ASW,CE,Combined TRACON& Tower with Radar,12,27,23,31,93,0,2,31,7,40,12,29,54,38,133,4,72,76,209
03/31/2014,CRP,TX,ASW,CE,Combined TRACON& Tower with Radar,12,35,28,72,147,0,3,24,15,42,12,38,52,87,189,4,48,52,241
04/01/2014,CRP,TX,ASW,CE,Combined TRACON& Tower with Radar,13,36,38,53,140,0,0,9,3,12,13,36,47,56,152,0,36,36,188
04/02/2014,CRP,TX,ASW,CE,Combined TRACON& Tower with Radar,13,39,57,55,164,0,2,21,1,24,13,41,78,56,188,0,0,0,188
04/03/2014,CRP,TX,ASW,CE,Combined TRACON& Tower with Radar,12,42,20,85,159,0,1,13,3,17,12,43,33,88,176,0,80,80,256
04/04/2014,CRP,TX,ASW,CE,Combined TRACON& Tower with Radar,12,37,43,27,119,0,3,28,8,39,12,40,71,35,158,16,80,96,254
04/05/2014,CRP,TX,ASW,CE,Combined TRACON& Tower with Radar,12,27,10,57,106,0,0,8,0,8,12,27,18,57,114,14,14,28,142
04/06/2014,CRP,TX,ASW,CE,Combined TRACON& Tower with Radar,12,26,21,76,135,0,1,3,2,6,12,27,24,78,141,0,18,18,159
04/07/2014,CRP,TX,ASW,CE,Combined TRACON& Tower with Radar,14,30,32,58,134,0,5,45,21,71,14,35,77,79,205,4,64,68,273
04/08/2014,CRP,TX,ASW,CE,Combined TRACON& Tower with Radar,12,32,17,35,96,0,8,29,17,54,12,40,46,52,150,0,50,50,200
04/09/2014,CRP,TX,ASW,CE,Combined TRACON& Tower with Radar,12,29,39,47,127,0,10,56,16,82,12,39,95,63,209,10,6,16,225
04/10/2014,CRP,TX,ASW,CE,Combined TRACON& Tower with Radar,12,45,37,48,142,0,10,18,21,49,12,55,55,69,191,16,46,62,253
04/11/2014,CRP,TX,ASW,CE,Combined TRACON& Tower with Radar,14,36,38,36,124,0,9,21,8,38,14,45,59,44,162,8,32,40,202
04/12/2014,CRP,TX,ASW,CE,Combined TRACON& Tower with Radar,10,23,12,55,100,0,2,3,6,11,10,25,15,61,111,12,28,40,151
04/13/2014,CRP,TX,ASW,CE,Combined TRACON& Tower with Radar,12,25,15,55,107,0,0,6,7,13,12,25,21,62,120,0,44,44,164
04/14/2014,CRP,TX,ASW,CE,Combined TRACON& Tower with Radar,19,37,23,53,132,0,2,6,4,12,19,39,29,57,144,0,10,10,154
04/15/2014,CRP,TX,ASW,CE,Combined TRACON& Tower with Radar,15,37,29,77,158,0,7,42,10,59,15,44,71,87,217,64,70,134,351
04/16/2014,CRP,TX,ASW,CE,Combined TRACON& Tower with Radar,12,44,25,52,133,0,5,27,18,50,12,49,52,70,183,0,106,106,289
04/17/2014,CRP,TX,ASW,CE,Combined TRACON& Tower with Radar,16,43,38,80,177,0,1,10,0,11,16,44,48,80,188,0,4,4,192
04/18/2014,CRP,TX,ASW,CE,Combined TRACON& Tower with Radar,12,39,17,43,111,0,3,21,8,32,12,42,38,51,143,8,44,52,195
04/19/2014,CRP,TX,ASW,CE,Combined TRACON& Tower with Radar,10,28,9,23,70,0,0,19,20,39,10,28,28,43,109,38,118,156,265
04/20/2014,CRP,TX,ASW,CE,Combined TRACON& Tower with Radar,14,24,15,22,75,0,3,26,2,31,14,27,41,24,106,0,0,0,106
04/21/2014,CRP,TX,ASW,CE,Combined TRACON& Tower with Radar,12,39,32,83,166,0,1,16,14,31,12,40,48,97,197,30,60,90,287
04/22/2014,CRP,TX,ASW,CE,Combined TRACON& Tower with Radar,14,36,42,84,176,0,7,36,21,64,14,43,78,105,240,10,270,280,520
04/23/2014,CRP,TX,ASW,CE,Combined TRACON& Tower with Radar,12,35,29,64,140,0,9,21,16,46,12,44,50,80,186,8,150,158,344
04/24/2014,CRP,TX,ASW,CE,Combined TRACON& Tower with Radar,12,43,53,46,154,0,4,16,23,43,12,47,69,69,197,4,78,82,279
04/25/2014,CRP,TX,ASW,CE,Combined TRACON& Tower with Radar,16,42,25,49,132,0,1,17,12,30,16,43,42,61,162,10,86,96,258
04/26/2014,CRP,TX,ASW,CE,Combined TRACON& Tower with Radar,12,21,8,117,158,0,0,15,1,16,12,21,23,118,174,0,58,58,232
04/27/2014,CRP,TX,ASW,CE,Combined TRACON& Tower with Radar,12,30,23,54,119,0,3,18,13,34,12,33,41,67,153,2,46,48,201
04/28/2014,CRP,TX,ASW,CE,Combined TRACON& Tower with Radar,14,29,21,66,130,0,5,48,11,64,14,34,69,77,194,6,22,28,222
04/29/2014,CRP,TX,ASW,CE,Combined TRACON& Tower with Radar,14,36,33,63,146,0,5,29,19,53,14,41,62,82,199,2,48,50,249
04/30/2014,CRP,TX,ASW,CE,Combined TRACON& Tower with Radar,11,36,38,67,152,0,5,32,13,50,11,41,70,80,202,14,44,58,260
05/01/2014,CRP,TX,ASW,CE,Combined TRACON& Tower with Radar,13,38,28,47,126,0,9,27,10,46,13,47,55,57,172,6,32,38,210
05/02/2014,CRP,TX,ASW,CE,Combined TRACON& Tower with Radar,14,38,46,38,136,0,8,23,7,38,14,46,69,45,174,26,28,54,228
05/03/2014,CRP,TX,ASW,CE,Combined TRACON& Tower with Radar,9,24,4,36,73,0,3,32,4,39,9,27,36,40,112,2,16,18,130
05/04/2014,CRP,TX,ASW,CE,Combined TRACON& Tower with Radar,13,24,15,46,98,0,3,25,7,35,13,27,40,53,133,0,22,22,155
05/05/2014,CRP,TX,ASW,CE,Combined TRACON& Tower with Radar,14,33,17,57,121,0,5,24,10,39,14,38,41,67,160,0,64,64,224
05/06/2014,CRP,TX,ASW,CE,Combined TRACON& Tower with Radar,11,38,19,55,123,0,3,13,7,23,11,41,32,62,146,0,1156,1156,1302
05/07/2014,CRP,TX,ASW,CE,Combined TRACON& Tower with Radar,12,37,55,54,158,0,2,20,0,22,12,39,75,54,180,0,0,0,180
05/08/2014,CRP,TX,ASW,CE,Combined TRACON& Tower with Radar,9,40,35,35,119,0,0,0,2,2,9,40,35,37,121,0,0,0,121
05/09/2014,CRP,TX,ASW,CE,Combined TRACON& Tower with Radar,13,39,34,7,93,0,0,4,0,4,13,39,38,7,97,0,0,0,97
05/10/2014,CRP,TX,ASW,CE,Combined TRACON& Tower with Radar,12,27,17,51,107,0,4,26,13,43,12,31,43,64,150,30,70,100,250
05/11/2014,CRP,TX,ASW,CE,Combined TRACON& Tower with Radar,12,29,8,47,96,0,1,5,1,7,12,30,13,48,103,20,24,44,147
05/12/2014,CRP,TX,ASW,CE,Combined TRACON& Tower with Radar,12,31,41,89,173,0,0,7,10,17,12,31,48,99,190,0,0,0,190
05/13/2014,CRP,TX,ASW,CE,Combined TRACON& Tower with Radar,14,33,25,19,91,0,0,1,1,2,14,33,26,20,93,0,50,50,143
05/14/2014,CRP,TX,ASW,CE,Combined TRACON& Tower with Radar,12,43,26,29,110,0,3,29,23,55,12,46,55,52,165,28,186,214,379
05/15/2014,CRP,TX,ASW,CE,Combined TRACON& Tower with Radar,12,40,35,47,134,0,8,43,29,80,12,48,78,76,214,8,114,122,336
05/16/2014,CRP,TX,ASW,CE,Combined TRACON& Tower with Radar,14,40,32,71,157,0,8,34,11,53,14,48,66,82,210,0,32,32,242
05/17/2014,CRP,TX,ASW,CE,Combined TRACON& Tower with Radar,10,26,12,66,114,0,4,31,24,59,10,30,43,90,173,0,140,140,313
05/18/2014,CRP,TX,ASW,CE,Combined TRACON& Tower with Radar,14,36,22,64,136,0,0,16,12,28,14,36,38,76,164,0,80,80,244
05/19/2014,CRP,TX,ASW,CE,Combined TRACON& Tower with Radar,12,34,29,39,114,0,3,37,12,52,12,37,66,51,166,0,52,52,218
05/20/2014,CRP,TX,ASW,CE,Combined TRACON& Tower with Radar,12,41,36,73,162,0,4,17,12,33,12,45,53,85,195,0,46,46,241
05/21/2014,CRP,TX,ASW,CE,Combined TRACON& Tower with Radar,12,38,37,77,164,0,6,20,4,30,12,44,57,81,194,0,30,30,224
05/22/2014,CRP,TX,ASW,CE,Combined TRACON& Tower with Radar,12,41,41,51,145,0,5,23,1,29,12,46,64,52,174,8,12,20,194
05/23/2014,CRP,TX,ASW,CE,Combined TRACON& Tower with Radar,14,40,46,28,128,0,4,15,5,24,14,44,61,33,152,0,14,14,166
05/24/2014,CRP,TX,ASW,CE,Combined TRACON& Tower with Radar,8,22,8,26,64,0,1,14,3,18,8,23,22,29,82,0,122,122,204
05/25/2014,CRP,TX,ASW,CE,Combined TRACON& Tower with Radar,10,20,10,20,60,0,1,19,8,28,10,21,29,28,88,2,56,58,146
05/26/2014,CRP,TX,ASW,CE,Combined TRACON& Tower with Radar,14,32,15,11,72,0,1,4,4,9,14,33,19,15,81,0,0,0,81
05/27/2014,CRP,TX,ASW,CE,Combined TRACON& Tower with Radar,18,35,28,49,130,0,2,7,6,15,18,37,35,55,145,0,18,18,163
05/28/2014,CRP,TX,ASW,CE,Combined TRACON& Tower with Radar,12,43,49,88,192,0,2,12,6,20,12,45,61,94,212,8,62,70,282
05/29/2014,CRP,TX,ASW,CE,Combined TRACON& Tower with Radar,14,38,28,68,148,0,4,31,17,52,14,42,59,85,200,6,2,8,208
05/30/2014,CRP,TX,ASW,CE,Combined TRACON& Tower with Radar,14,47,24,49,134,0,6,33,26,65,14,53,57,75,199,0,56,56,255
05/31/2014,CRP,TX,ASW,CE,Combined TRACON& Tower with Radar,10,27,5,55,97,0,1,18,33,52,10,28,23,88,149,6,72,78,227
06/01/2014,CRP,TX,ASW,CE,Combined TRACON& Tower with Radar,12,27,12,88,139,0,0,21,20,41,12,27,33,108,180,0,36,36,216
06/02/2014,CRP,TX,ASW,CE,Combined TRACON& Tower with Radar,16,40,22,103,181,0,7,40,16,63,16,47,62,119,244,0,48,48,292
06/03/2014,CRP,TX,ASW,CE,Combined TRACON& Tower with Radar,12,42,21,51,126,0,2,20,12,34,12,44,41,63,160,4,126,130,290
06/04/2014,CRP,TX,ASW,CE,Combined TRACON& Tower with Radar,11,39,26,29,105,0,4,26,10,40,11,43,52,39,145,22,64,86,231
06/05/2014,CRP,TX,ASW,CE,Combined TRACON& Tower with Radar,12,40,29,49,130,0,6,28,5,39,12,46,57,54,169,0,58,58,227
06/06/2014,CRP,TX,ASW,CE,Combined TRACON& Tower with Radar,12,40,37,53,142,0,5,24,10,39,12,45,61,63,181,0,54,54,235
06/07/2014,CRP,TX,ASW,CE,Combined TRACON& Tower with Radar,10,26,12,45,93,0,1,21,10,32,10,27,33,55,125,0,110,110,235
06/08/2014,CRP,TX,ASW,CE,Combined TRACON& Tower with Radar,12,26,28,69,135,0,1,26,11,38,12,27,54,80,173,0,184,184,357
06/09/2014,CRP,TX,ASW,CE,Combined TRACON& Tower with Radar,18,35,14,43,110,0,1,17,16,34,18,36,31,59,144,28,12,40,184
06/10/2014,CRP,TX,ASW,CE,Combined TRACON& Tower with Radar,12,38,31,40,121,0,2,20,17,39,12,40,51,57,160,0,96,96,256
06/11/2014,CRP,TX,ASW,CE,Combined TRACON& Tower with Radar,14,41,24,53,132,0,4,25,13,42,14,45,49,66,174,0,106,106,280
06/12/2014,CRP,TX,ASW,CE,Combined TRACON& Tower with Radar,12,38,29,52,131,0,3,21,10,34,12,41,50,62,165,4,118,122,287
06/13/2014,CRP,TX,ASW,CE,Combined TRACON& Tower with Radar,14,36,27,50,127,0,6,24,6,36,14,42,51,56,163,6,50,56,219
06/14/2014,CRP,TX,ASW,CE,Combined TRACON& Tower with Radar,10,23,8,40,81,0,2,18,8,28,10,25,26,48,109,12,22,34,143
06/15/2014,CRP,TX,ASW,CE,Combined TRACON& Tower with Radar,14,26,14,40,94,0,1,10,8,19,14,27,24,48,113,0,63,63,176
06/16/2014,CRP,TX,ASW,CE,Combined TRACON& Tower with Radar,14,38,20,91,163,0,3,27,7,37,14,41,47,98,200,0,54,54,254
06/17/2014,CRP,TX,ASW,CE,Combined TRACON& Tower with Radar,16,38,34,52,140,0,7,21,9,37,16,45,55,61,177,0,88,88,265
06/18/2014,CRP,TX,ASW,CE,Combined TRACON& Tower with Radar,16,41,30,53,140,0,2,10,9,21,16,43,40,62,161,0,66,66,227
06/19/2014,CRP,TX,ASW,CE,Combined TRACON& Tower with Radar,14,40,30,62,146,0,4,27,10,41,14,44,57,72,187,20,80,100,287
06/20/2014,CRP,TX,ASW,CE,Combined TRACON& Tower with Radar,14,39,32,91,176,0,11,23,13,47,14,50,55,104,223,0,82,82,305
06/21/2014,CRP,TX,ASW,CE,Combined TRACON& Tower with Radar,10,21,12,51,94,0,0,8,15,23,10,21,20,66,117,0,12,12,129
06/22/2014,CRP,TX,ASW,CE,Combined TRACON& Tower with Radar,16,24,9,94,143,0,4,9,9,22,16,28,18,103,165,0,143,143,308
06/23/2014,CRP,TX,ASW,CE,Combined TRACON& Tower with Radar,22,33,18,106,179,0,10,20,21,51,22,43,38,127,230,0,126,126,356
06/24/2014,CRP,TX,ASW,CE,Combined TRACON& Tower with Radar,18,35,38,77,168,0,3,8,7,18,18,38,46,84,186,0,83,83,269
06/25/2014,CRP,TX,ASW,CE,Combined TRACON& Tower with Radar,12,28,32,41,113,0,2,15,11,28,12,30,47,52,141,0,30,30,171
06/26/2014,CRP,TX,ASW,CE,Combined TRACON& Tower with Radar,15,41,33,83,172,0,4,5,9,18,15,45,38,92,190,0,90,90,280
06/27/2014,CRP,TX,ASW,CE,Combined TRACON& Tower with Radar,15,40,20,51,126,0,8,16,4,28,15,48,36,55,154,0,14,14,168
06/28/2014,CRP,TX,ASW,CE,Combined TRACON& Tower with Radar,10,26,12,52,100,0,1,11,4,16,10,27,23,56,116,0,42,42,158
06/29/2014,CRP,TX,ASW,CE,Combined TRACON& Tower with Radar,14,28,3,28,73,0,3,10,5,18,14,31,13,33,91,0,110,110,201
06/30/2014,CRP,TX,ASW,CE,Combined TRACON& Tower with Radar,15,31,15,41,102,0,3,24,9,36,15,34,39,50,138,0,38,38,176
07/01/2014,CRP,TX,ASW,CE,Combined TRACON& Tower with Radar,15,38,30,52,135,0,5,30,17,52,15,43,60,69,187,0,32,32,219
07/02/2014,CRP,TX,ASW,CE,Combined TRACON& Tower with Radar,14,37,21,43,115,0,4,24,13,41,14,41,45,56,156,0,52,52,208
07/03/2014,CRP,TX,ASW,CE,Combined TRACON& Tower with Radar,16,34,38,63,151,0,4,22,5,31,16,38,60,68,182,12,12,24,206
07/04/2014,CRP,TX,ASW,CE,Combined TRACON& Tower with Radar,12,17,9,0,38,0,1,18,0,19,12,18,27,0,57,0,0,0,57
07/05/2014,CRP,TX,ASW,CE,Combined TRACON& Tower with Radar,10,21,2,61,94,0,1,8,8,17,10,22,10,69,111,28,10,38,149
07/06/2014,CRP,TX,ASW,CE,Combined TRACON& Tower with Radar,14,31,10,43,98,0,3,28,6,37,14,34,38,49,135,12,20,32,167
07/07/2014,CRP,TX,ASW,CE,Combined TRACON& Tower with Radar,16,36,21,42,115,0,6,10,5,21,16,42,31,47,136,6,32,38,174
07/08/2014,CRP,TX,ASW,CE,Combined TRACON& Tower with Radar,14,43,43,41,141,0,4,28,4,36,14,47,71,45,177,0,28,28,205
07/09/2014,CRP,TX,ASW,CE,Combined TRACON& Tower with Radar,18,43,32,70,163,0,4,35,11,50,18,47,67,81,213,10,24,34,247
07/10/2014,CRP,TX,ASW,CE,Combined TRACON& Tower with Radar,14,40,28,40,122,0,0,9,6,15,14,40,37,46,137,0,16,16,153
07/11/2014,CRP,TX,ASW,CE,Combined TRACON& Tower with Radar,13,38,34,91,176,1,2,10,21,34,14,40,44,112,210,0,98,98,308
07/12/2014,CRP,TX,ASW,CE,Combined TRACON& Tower with Radar,10,21,5,58,94,0,0,15,17,32,10,21,20,75,126,12,116,128,254
07/13/2014,CRP,TX,ASW,CE,Combined TRACON& Tower with Radar,14,28,12,78,132,0,1,20,16,37,14,29,32,94,169,0,66,66,235
07/14/2014,CRP,TX,ASW,CE,Combined TRACON& Tower with Radar,14,27,31,84,156,0,6,40,11,57,14,33,71,95,213,0,8,8,221
07/15/2014,CRP,TX,ASW,CE,Combined TRACON& Tower with Radar,16,35,32,57,140,0,6,33,16,55,16,41,65,73,195,0,64,64,259
07/16/2014,CRP,TX,ASW,CE,Combined TRACON& Tower with Radar,12,38,33,45,128,0,6,26,16,48,12,44,59,61,176,0,126,126,302
07/17/2014,CRP,TX,ASW,CE,Combined TRACON& Tower with Radar,14,34,25,90,163,0,3,14,10,27,14,37,39,100,190,0,48,48,238
07/18/2014,CRP,TX,ASW,CE,Combined TRACON& Tower with Radar,14,39,26,18,97,0,3,6,4,13,14,42,32,22,110,0,20,20,130
07/19/2014,CRP,TX,ASW,CE,Combined TRACON& Tower with Radar,10,27,11,25,73,0,2,16,9,27,10,29,27,34,100,0,102,102,202
07/20/2014,CRP,TX,ASW,CE,Combined TRACON& Tower with Radar,13,31,19,114,177,0,1,15,8,24,13,32,34,122,201,0,30,30,231
07/21/2014,CRP,TX,ASW,CE,Combined TRACON& Tower with Radar,15,36,20,84,155,0,4,32,9,45,15,40,52,93,200,0,34,34,234
07/22/2014,CRP,TX,ASW,CE,Combined TRACON& Tower with Radar,14,43,31,41,129,0,5,37,11,53,14,48,68,52,182,0,46,46,228
07/23/2014,CRP,TX,ASW,CE,Combined TRACON& Tower with Radar,14,41,31,56,142,0,11,23,10,44,14,52,54,66,186,12,104,116,302
07/24/2014,CRP,TX,ASW,CE,Combined TRACON& Tower with Radar,13,35,31,95,174,0,3,19,5,27,13,38,50,100,201,0,12,12,213
07/25/2014,CRP,TX,ASW,CE,Combined TRACON& Tower with Radar,14,35,23,30,102,0,3,15,6,24,14,38,38,36,126,0,10,10,136
07/26/2014,CRP,TX,ASW,CE,Combined TRACON& Tower with Radar,10,22,5,22,59,0,3,18,15,36,10,25,23,37,95,10,72,82,177
07/27/2014,CRP,TX,ASW,CE,Combined TRACON& Tower with Radar,14,29,9,49,101,0,1,16,7,24,14,30,25,56,125,0,36,36,161
07/28/2014,CRP,TX,ASW,CE,Combined TRACON& Tower with Radar,14,34,23,56,127,0,5,24,13,42,14,39,47,69,169,0,62,62,231
07/29/2014,CRP,TX,ASW,CE,Combined TRACON& Tower with Radar,14,42,26,41,123,0,7,28,12,47,14,49,54,53,170,0,44,44,214
07/30/2014,CRP,TX,ASW,CE,Combined TRACON& Tower with Radar,16,37,21,26,100,0,5,36,11,52,16,42,57,37,152,22,12,34,186
07/31/2014,CRP,TX,ASW,CE,Combined TRACON& Tower with Radar,14,40,19,22,95,0,1,24,3,28,14,41,43,25,123,0,92,92,215
08/01/2014,CRP,TX,ASW,CE,Combined TRACON& Tower with Radar,14,37,32,43,126,0,3,20,17,40,14,40,52,60,166,0,10,10,176
08/02/2014,CRP,TX,ASW,CE,Combined TRACON& Tower with Radar,10,22,7,52,91,0,2,8,10,20,10,24,15,62,111,0,42,42,153
08/03/2014,CRP,TX,ASW,CE,Combined TRACON& Tower with Radar,16,29,15,57,117,0,1,21,16,38,16,30,36,73,155,2,74,76,231
08/04/2014,CRP,TX,ASW,CE,Combined TRACON& Tower with Radar,14,36,25,63,138,0,3,38,9,50,14,39,63,72,188,32,26,58,246
08/05/2014,CRP,TX,ASW,CE,Combined TRACON& Tower with Radar,12,35,34,42,123,0,6,23,9,38,12,41,57,51,161,0,54,54,215
08/06/2014,CRP,TX,ASW,CE,Combined TRACON& Tower with Radar,14,40,29,36,119,0,8,23,12,43,14,48,52,48,162,0,4,4,166
08/07/2014,CRP,TX,ASW,CE,Combined TRACON& Tower with Radar,14,36,20,41,111,0,1,12,7,20,14,37,32,48,131,2,4,6,137
08/08/2014,CRP,TX,ASW,CE,Combined TRACON& Tower with Radar,14,37,22,24,97,0,3,17,17,37,14,40,39,41,134,14,14,28,162
08/09/2014,CRP,TX,ASW,CE,Combined TRACON& Tower with Radar,10,23,6,37,76,0,3,19,12,34,10,26,25,49,110,0,56,56,166
08/10/2014,CRP,TX,ASW,CE,Combined TRACON& Tower with Radar,12,31,13,43,99,0,2,20,6,28,12,33,33,49,127,0,20,20,147
08/11/2014,CRP,TX,ASW,CE,Combined TRACON& Tower with Radar,17,40,26,53,136,0,3,28,11,42,17,43,54,64,178,0,0,0,178
08/12/2014,CRP,TX,ASW,CE,Combined TRACON& Tower with Radar,15,37,25,39,116,0,3,16,17,36,15,40,41,56,152,0,32,32,184
08/13/2014,CRP,TX,ASW,CE,Combined TRACON& Tower with Radar,14,40,25,38,117,0,3,23,17,43,14,43,48,55,160,16,70,86,246
08/14/2014,CRP,TX,ASW,CE,Combined TRACON& Tower with Radar,15,32,33,44,124,0,3,28,14,45,15,35,61,58,169,14,64,78,247
08/15/2014,CRP,TX,ASW,CE,Combined TRACON& Tower with Radar,13,36,36,24,109,0,4,22,9,35,13,40,58,33,144,0,24,24,168
08/16/2014,CRP,TX,ASW,CE,Combined TRACON& Tower with Radar,9,25,7,28,69,0,4,17,13,34,9,29,24,41,103,12,76,88,191
08/17/2014,CRP,TX,ASW,CE,Combined TRACON& Tower with Radar,13,26,21,26,86,0,0,20,7,27,13,26,41,33,113,0,52,52,165
08/18/2014,CRP,TX,ASW,CE,Combined TRACON& Tower with Radar,14,37,12,26,89,0,1,19,7,27,14,38,31,33,116,0,54,54,170
08/19/2014,CRP,TX,ASW,CE,Combined TRACON& Tower with Radar,14,40,28,57,139,0,1,20,9,30,14,41,48,66,169,0,0,0,169
08/20/2014,CRP,TX,ASW,CE,Combined TRACON& Tower with Radar,14,41,28,54,137,0,1,32,11,44,14,42,60,65,181,2,30,32,213
08/21/2014,CRP,TX,ASW,CE,Combined TRACON& Tower with Radar,14,44,29,48,135,0,3,22,8,33,14,47,51,56,168,6,40,46,214
08/22/2014,CRP,TX,ASW,CE,Combined TRACON& Tower with Radar,14,37,23,47,121,0,1,31,8,40,14,38,54,55,161,16,6,22,183
08/23/2014,CRP,TX,ASW,CE,Combined TRACON& Tower with Radar,8,24,9,47,88,0,1,39,16,56,8,25,48,63,144,24,70,94,238
08/24/2014,CRP,TX,ASW,CE,Combined TRACON& Tower with Radar,14,27,11,38,90,0,0,57,8,65,14,27,68,46,155,2,16,18,173
08/25/2014,CRP,TX,ASW,CE,Combined TRACON& Tower with Radar,14,34,30,54,132,0,5,37,19,61,14,39,67,73,193,0,12,12,205
08/26/2014,CRP,TX,ASW,CE,Combined TRACON& Tower with Radar,12,41,33,47,133,0,5,29,32,66,12,46,62,79,199,10,108,118,317
08/27/2014,CRP,TX,ASW,CE,Combined TRACON& Tower with Radar,16,37,34,64,151,0,1,27,7,35,16,38,61,71,186,10,26,36,222
08/28/2014,CRP,TX,ASW,CE,Combined TRACON& Tower with Radar,16,39,23,72,150,0,4,18,13,35,16,43,41,85,185,6,32,38,223
08/29/2014,CRP,TX,ASW,CE,Combined TRACON& Tower with Radar,14,38,35,51,138,0,0,8,4,12,14,38,43,55,150,0,42,42,192
08/30/2014,CRP,TX,ASW,CE,Combined TRACON& Tower with Radar,7,28,3,20,58,0,2,10,3,15,7,30,13,23,73,0,0,0,73
08/31/2014,CRP,TX,ASW,CE,Combined TRACON& Tower with Radar,12,20,2,11,45,0,2,6,4,12,12,22,8,15,57,0,20,20,77
09/01/2014,CRP,TX,ASW,CE,Combined TRACON& Tower with Radar,13,32,14,13,72,0,2,11,7,20,13,34,25,20,92,0,88,88,180
09/02/2014,CRP,TX,ASW,CE,Combined TRACON& Tower with Radar,14,34,33,49,130,0,3,16,4,23,14,37,49,53,153,0,14,14,167
09/03/2014,CRP,TX,ASW,CE,Combined TRACON& Tower with Radar,14,40,30,32,116,0,2,18,10,30,14,42,48,42,146,0,42,42,188
09/04/2014,CRP,TX,ASW,CE,Combined TRACON& Tower with Radar,14,36,33,41,124,0,2,19,7,28,14,38,52,48,152,0,22,22,174
09/05/2014,CRP,TX,ASW,CE,Combined TRACON& Tower with Radar,14,33,26,55,128,0,1,13,11,25,14,34,39,66,153,10,92,102,255
09/06/2014,CRP,TX,ASW,CE,Combined TRACON& Tower with Radar,10,22,16,22,70,0,0,9,13,22,10,22,25,35,92,0,152,152,244
09/07/2014,CRP,TX,ASW,CE,Combined TRACON& Tower with Radar,13,23,15,18,69,0,1,13,10,24,13,24,28,28,93,10,114,124,217
09/08/2014,CRP,TX,ASW,CE,Combined TRACON& Tower with Radar,16,33,22,40,111,0,2,26,13,41,16,35,48,53,152,26,4,30,182
09/09/2014,CRP,TX,ASW,CE,Combined TRACON& Tower with Radar,15,32,37,75,159,0,10,22,17,49,15,42,59,92,208,10,30,40,248
09/10/2014,CRP,TX,ASW,CE,Combined TRACON& Tower with Radar,14,36,37,89,176,0,2,22,20,44,14,38,59,109,220,6,38,44,264
09/11/2014,CRP,TX,ASW,CE,Combined TRACON& Tower with Radar,14,35,28,42,119,0,4,27,15,46,14,39,55,57,165,30,82,112,277
09/12/2014,CRP,TX,ASW,CE,Combined TRACON& Tower with Radar,16,32,23,16,87,0,1,12,18,31,16,33,35,34,118,0,0,0,118
09/13/2014,CRP,TX,ASW,CE,Combined TRACON& Tower with Radar,10,23,8,16,57,0,0,4,7,11,10,23,12,23,68,20,44,64,132
09/14/2014,CRP,TX,ASW,CE,Combined TRACON& Tower with Radar,14,28,11,26,79,0,2,1,8,11,14,30,12,34,90,0,24,24,114
09/15/2014,CRP,TX,ASW,CE,Combined TRACON& Tower with Radar,14,34,25,57,130,0,3,29,35,67,14,37,54,92,197,28,50,78,275
09/16/2014,CRP,TX,ASW,CE,Combined TRACON& Tower with Radar,14,33,27,61,135,0,0,19,11,30,14,33,46,72,165,0,60,60,225
09/17/2014,CRP,TX,ASW,CE,Combined TRACON& Tower with Radar,14,34,24,59,131,0,3,20,12,35,14,37,44,71,166,12,74,86,252
09/18/2014,CRP,TX,ASW,CE,Combined TRACON& Tower with Radar,18,43,41,72,174,0,4,26,13,43,18,47,67,85,217,8,46,54,271
09/19/2014,CRP,TX,ASW,CE,Combined TRACON& Tower with Radar,14,39,31,45,129,0,5,15,21,41,14,44,46,66,170,8,94,102,272
09/20/2014,CRP,TX,ASW,CE,Combined TRACON& Tower with Radar,10,21,18,36,85,0,3,21,18,42,10,24,39,54,127,26,32,58,185
09/21/2014,CRP,TX,ASW,CE,Combined TRACON& Tower with Radar,14,28,14,53,109,0,0,5,5,10,14,28,19,58,119,0,10,10,129
09/22/2014,CRP,TX,ASW,CE,Combined TRACON& Tower with Radar,14,31,19,82,146,0,0,34,4,38,14,31,53,86,184,0,50,50,234
09/23/2014,CRP,TX,ASW,CE,Combined TRACON& Tower with Radar,14,30,24,69,137,0,2,51,19,72,14,32,75,88,209,26,16,42,251
09/24/2014,CRP,TX,ASW,CE,Combined TRACON& Tower with Radar,16,45,24,41,126,0,1,28,20,49,16,46,52,61,175,0,38,38,213
09/25/2014,CRP,TX,ASW,CE,Combined TRACON& Tower with Radar,14,39,38,53,144,0,3,31,14,48,14,42,69,67,192,0,50,50,242
09/26/2014,CRP,TX,ASW,CE,Combined TRACON& Tower with Radar,14,38,35,7,94,0,1,13,2,16,14,39,48,9,110,8,0,8,118
09/27/2014,CRP,TX,ASW,CE,Combined TRACON& Tower with Radar,10,20,16,4,50,0,0,5,1,6,10,20,21,5,56,0,6,6,62
09/28/2014,CRP,TX,ASW,CE,Combined TRACON& Tower with Radar,16,31,19,27,93,0,0,14,7,21,16,31,33,34,114,0,30,30,144
09/29/2014,CRP,TX,ASW,CE,Combined TRACON& Tower with Radar,14,37,26,48,125,0,1,21,18,40,14,38,47,66,165,0,42,42,207
09/30/2014,CRP,TX,ASW,CE,Combined TRACON& Tower with Radar,14,34,38,67,153,0,0,24,15,39,14,34,62,82,192,0,52,52,244
10/01/2014,CRP,TX,ASW,CE,Combined TRACON& Tower with Radar,14,35,34,34,117,0,2,22,12,36,14,37,56,46,153,8,64,72,225
10/02/2014,CRP,TX,ASW,CE,Combined TRACON& Tower with Radar,10,36,34,44,124,0,0,11,7,18,10,36,45,51,142,4,52,56,198
10/03/2014,CRP,TX,ASW,CE,Combined TRACON& Tower with Radar,13,44,28,54,139,0,2,33,50,85,13,46,61,104,224,4,134,138,362
10/04/2014,CRP,TX,ASW,CE,Combined TRACON& Tower with Radar,8,21,5,38,72,0,2,30,3,35,8,23,35,41,107,32,0,32,139
10/05/2014,CRP,TX,ASW,CE,Combined TRACON& Tower with Radar,10,34,14,36,94,0,4,43,4,51,10,38,57,40,145,34,42,76,221
10/06/2014,CRP,TX,ASW,CE,Combined TRACON& Tower with Radar,10,37,22,72,141,0,6,17,11,34,10,43,39,83,175,0,40,40,215
10/07/2014,CRP,TX,ASW,CE,Combined TRACON& Tower with Radar,10,40,23,30,103,0,4,41,25,70,10,44,64,55,173,22,100,122,295
10/08/2014,CRP,TX,ASW,CE,Combined TRACON& Tower with Radar,10,40,24,30,104,0,1,33,6,40,10,41,57,36,144,0,44,44,188
10/09/2014,CRP,TX,ASW,CE,Combined TRACON& Tower with Radar,10,43,33,22,108,0,0,34,9,43,10,43,67,31,151,0,38,38,189
10/10/2014,CRP,TX,ASW,CE,Combined TRACON& Tower with Radar,12,42,25,26,105,0,2,33,6,41,12,44,58,32,146,0,18,18,164
10/11/2014,CRP,TX,ASW,CE,Combined TRACON& Tower with Radar,8,25,16,9,58,0,1,11,15,27,8,26,27,24,85,0,58,58,143
10/12/2014,CRP,TX,ASW,CE,Combined TRACON& Tower with Radar,10,28,18,23,79,0,0,18,4,22,10,28,36,27,101,2,2,4,105
10/13/2014,CRP,TX,ASW,CE,Combined TRACON& Tower with Radar,17,28,22,10,77,0,2,29,4,35,17,30,51,14,112,0,18,18,130
10/14/2014,CRP,TX,ASW,CE,Combined TRACON& Tower with Radar,13,34,33,36,116,0,7,53,13,73,13,41,86,49,189,6,66,72,261
10/15/2014,CRP,TX,ASW,CE,Combined TRACON& Tower with Radar,10,39,33,30,112,0,4,57,12,73,10,43,90,42,185,0,0,0,185
10/16/2014,CRP,TX,ASW,CE,Combined TRACON& Tower with Radar,10,45,41,42,138,0,6,37,22,65,10,51,78,64,203,4,72,76,279
10/17/2014,CRP,TX,ASW,CE,Combined TRACON& Tower with Radar,10,41,32,26,109,0,2,48,22,72,10,43,80,48,181,16,102,118,299
10/18/2014,CRP,TX,ASW,CE,Combined TRACON& Tower with Radar,8,28,10,23,69,0,1,5,1,7,8,29,15,24,76,16,22,38,114
10/19/2014,CRP,TX,ASW,CE,Combined TRACON& Tower with Radar,10,32,14,26,82,0,2,19,11,32,10,34,33,37,114,0,40,40,154
10/20/2014,CRP,TX,ASW,CE,Combined TRACON& Tower with Radar,10,44,31,11,96,0,1,14,5,20,10,45,45,16,116,0,20,20,136
10/21/2014,CRP,TX,ASW,CE,Combined TRACON& Tower with Radar,8,44,35,51,138,0,4,31,11,46,8,48,66,62,184,4,100,104,288
10/22/2014,CRP,TX,ASW,CE,Combined TRACON& Tower with Radar,13,49,41,49,152,0,2,33,13,48,13,51,74,62,200,4,36,40,240
10/23/2014,CRP,TX,ASW,CE,Combined TRACON& Tower with Radar,10,45,28,26,109,0,1,41,15,57,10,46,69,41,166,8,22,30,196
10/24/2014,CRP,TX,ASW,CE,Combined TRACON& Tower with Radar,8,49,26,35,118,0,5,29,20,54,8,54,55,55,172,0,48,48,220
10/25/2014,CRP,TX,ASW,CE,Combined TRACON& Tower with Radar,8,22,8,33,71,0,6,31,21,58,8,28,39,54,129,10,84,94,223
10/26/2014,CRP,TX,ASW,CE,Combined TRACON& Tower with Radar,12,29,16,27,84,0,2,33,18,53,12,31,49,45,137,8,20,28,165
10/27/2014,CRP,TX,ASW,CE,Combined TRACON& Tower with Radar,10,34,17,23,84,0,6,21,24,51,10,40,38,47,135,4,56,60,195
10/28/2014,CRP,TX,ASW,CE,Combined TRACON& Tower with Radar,12,43,36,26,117,0,5,27,7,39,12,48,63,33,156,2,62,64,220
10/29/2014,CRP,TX,ASW,CE,Combined TRACON& Tower with Radar,10,39,34,31,114,0,6,59,16,81,10,45,93,47,195,0,44,44,239
10/30/2014,CRP,TX,ASW,CE,Combined TRACON& Tower with Radar,10,40,37,43,130,0,3,18,13,34,10,43,55,56,164,0,70,70,234
10/31/2014,CRP,TX,ASW,CE,Combined TRACON& Tower with Radar,12,44,24,50,130,0,4,26,20,50,12,48,50,70,180,4,50,54,234
11/01/2014,CRP,TX,ASW,CE,Combined TRACON& Tower with Radar,8,28,20,41,97,0,1,22,11,34,8,29,42,52,131,6,28,34,165
11/02/2014,CRP,TX,ASW,CE,Combined TRACON& Tower with Radar,8,36,11,14,69,0,2,27,12,41,8,38,38,26,110,0,0,0,110
11/03/2014,CRP,TX,ASW,CE,Combined TRACON& Tower with Radar,10,41,30,47,128,0,4,23,34,61,10,45,53,81,189,0,94,94,283
11/04/2014,CRP,TX,ASW,CE,Combined TRACON& Tower with Radar,8,40,27,41,116,0,8,18,11,37,8,48,45,52,153,2,124,126,279
11/05/2014,CRP,TX,ASW,CE,Combined TRACON& Tower with Radar,10,43,20,65,138,0,0,7,0,7,10,43,27,65,145,0,14,14,159
11/06/2014,CRP,TX,ASW,CE,Combined TRACON& Tower with Radar,12,40,40,24,116,0,0,3,0,3,12,40,43,24,119,0,0,0,119
11/07/2014,CRP,TX,ASW,CE,Combined TRACON& Tower with Radar,12,40,19,44,115,0,1,27,10,38,12,41,46,54,153,0,14,14,167
11/08/2014,CRP,TX,ASW,CE,Combined TRACON& Tower with Radar,10,25,5,38,78,0,0,37,10,47,10,25,42,48,125,38,54,92,217
11/09/2014,CRP,TX,ASW,CE,Combined TRACON& Tower with Radar,12,28,16,35,91,0,1,45,6,52,12,29,61,41,143,46,10,56,199
11/10/2014,CRP,TX,ASW,CE,Combined TRACON& Tower with Radar,10,33,29,21,93,0,3,34,14,51,10,36,63,35,144,0,34,34,178
11/11/2014,CRP,TX,ASW,CE,Combined TRACON& Tower with Radar,10,41,42,11,104,0,4,16,5,25,10,45,58,16,129,0,40,40,169
11/12/2014,CRP,TX,ASW,CE,Combined TRACON& Tower with Radar,12,43,36,53,144,0,0,9,1,10,12,43,45,54,154,12,32,44,198
11/13/2014,CRP,TX,ASW,CE,Combined TRACON& Tower with Radar,12,39,33,42,126,0,0,23,38,61,12,39,56,80,187,4,162,166,353
11/14/2014,CRP,TX,ASW,CE,Combined TRACON& Tower with Radar,10,38,31,43,122,0,1,21,6,28,10,39,52,49,150,10,8,18,168
11/15/2014,CRP,TX,ASW,CE,Combined TRACON& Tower with Radar,10,23,8,68,109,0,1,2,0,3,10,24,10,68,112,16,12,28,140
11/16/2014,CRP,TX,ASW,CE,Combined TRACON& Tower with Radar,11,24,26,15,76,0,0,0,0,0,11,24,26,15,76,0,0,0,76
11/17/2014,CRP,TX,ASW,CE,Combined TRACON& Tower with Radar,13,28,31,43,115,0,2,22,13,37,13,30,53,56,152,0,18,18,170
11/18/2014,CRP,TX,ASW,CE,Combined TRACON& Tower with Radar,12,42,44,65,163,0,6,45,13,64,12,48,89,78,227,0,70,70,297
11/19/2014,CRP,TX,ASW,CE,Combined TRACON& Tower with Radar,14,39,32,35,120,0,2,26,19,47,14,41,58,54,167,28,58,86,253
11/20/2014,CRP,TX,ASW,CE,Combined TRACON& Tower with Radar,12,43,45,51,151,0,3,3,9,15,12,46,48,60,166,0,38,38,204
11/21/2014,CRP,TX,ASW,CE,Combined TRACON& Tower with Radar,12,38,36,65,151,0,1,14,18,33,12,39,50,83,184,0,148,148,332
11/22/2014,CRP,TX,ASW,CE,Combined TRACON& Tower with Radar,10,23,8,4,45,0,1,0,2,3,10,24,8,6,48,0,50,50,98
11/23/2014,CRP,TX,ASW,CE,Combined TRACON& Tower with Radar,12,28,15,25,80,0,2,35,4,41,12,30,50,29,121,26,38,64,185
11/24/2014,CRP,TX,ASW,CE,Combined TRACON& Tower with Radar,12,29,24,56,121,0,7,24,11,42,12,36,48,67,163,0,22,22,185
11/25/2014,CRP,TX,ASW,CE,Combined TRACON& Tower with Radar,12,39,21,51,123,0,4,47,10,61,12,43,68,61,184,0,54,54,238
11/26/2014,CRP,TX,ASW,CE,Combined TRACON& Tower with Radar,12,34,29,7,82,0,4,36,3,43,12,38,65,10,125,0,2,2,127
11/27/2014,CRP,TX,ASW,CE,Combined TRACON& Tower with Radar,8,23,11,0,42,0,0,16,0,16,8,23,27,0,58,0,0,0,58
11/28/2014,CRP,TX,ASW,CE,Combined TRACON& Tower with Radar,10,24,15,2,51,0,2,19,0,21,10,26,34,2,72,0,0,0,72
11/29/2014,CRP,TX,ASW,CE,Combined TRACON& Tower with Radar,12,26,12,0,50,0,6,9,0,15,12,32,21,0,65,0,0,0,65
11/30/2014,CRP,TX,ASW,CE,Combined TRACON& Tower with Radar,12,30,28,0,70,0,2,21,2,25,12,32,49,2,95,8,0,8,103
12/01/2014,CRP,TX,ASW,CE,Combined TRACON& Tower with Radar,12,32,36,45,125,0,1,6,15,22,12,33,42,60,147,0,160,160,307
12/02/2014,CRP,TX,ASW,CE,Combined TRACON& Tower with Radar,12,40,44,86,182,0,4,11,14,29,12,44,55,100,211,0,132,132,343
12/03/2014,CRP,TX,ASW,CE,Combined TRACON& Tower with Radar,12,37,50,49,148,0,0,1,0,1,12,37,51,49,149,0,0,0,149
12/04/2014,CRP,TX,ASW,CE,Combined TRACON& Tower with Radar,14,41,30,53,138,0,3,4,1,8,14,44,34,54,146,0,4,4,150
12/05/2014,CRP,TX,ASW,CE,Combined TRACON& Tower with Radar,12,31,32,38,113,0,3,12,11,26,12,34,44,49,139,4,46,50,189
12/06/2014,CRP,TX,ASW,CE,Combined TRACON& Tower with Radar,10,22,15,19,66,0,3,6,12,21,10,25,21,31,87,0,102,102,189
12/07/2014,CRP,TX,ASW,CE,Combined TRACON& Tower with Radar,10,31,18,18,77,0,0,1,0,1,10,31,19,18,78,0,4,4,82
12/08/2014,CRP,TX,ASW,CE,Combined TRACON& Tower with Radar,10,41,39,57,147,0,1,14,14,29,10,42,53,71,176,4,170,174,350
12/09/2014,CRP,TX,ASW,CE,Combined TRACON& Tower with Radar,10,37,30,44,121,0,7,31,7,45,10,44,61,51,166,0,34,34,200
12/10/2014,CRP,TX,ASW,CE,Combined TRACON& Tower with Radar,12,33,46,30,121,0,7,16,17,40,12,40,62,47,161,0,146,146,307
12/11/2014,CRP,TX,ASW,CE,Combined TRACON& Tower with Radar,14,38,30,35,117,0,4,9,8,21,14,42,39,43,138,6,6,12,150
12/12/2014,CRP,TX,ASW,CE,Combined TRACON& Tower with Radar,12,37,46,41,136,0,9,18,14,41,12,46,64,55,177,0,26,26,203
12/13/2014,CRP,TX,ASW,CE,Combined TRACON& Tower with Radar,10,25,16,20,71,0,3,28,23,54,10,28,44,43,125,0,100,100,225
12/14/2014,CRP,TX,ASW,CE,Combined TRACON& Tower with Radar,12,28,17,44,101,0,6,16,14,36,12,34,33,58,137,4,138,142,279
12/15/2014,CRP,TX,ASW,CE,Combined TRACON& Tower with Radar,12,31,28,53,124,0,4,26,7,37,12,35,54,60,161,10,36,46,207
12/16/2014,CRP,TX,ASW,CE,Combined TRACON& Tower with Radar,12,38,47,69,166,0,7,19,35,61,12,45,66,104,227,0,82,82,309
12/17/2014,CRP,TX,ASW,CE,Combined TRACON& Tower with Radar,12,45,34,31,122,0,7,10,1,18,12,52,44,32,140,0,2,2,142
12/18/2014,CRP,TX,ASW,CE,Combined TRACON& Tower with Radar,10,41,44,51,146,0,2,9,4,15,10,43,53,55,161,0,120,120,281
12/19/2014,CRP,TX,ASW,CE,Combined TRACON& Tower with Radar,12,35,37,18,102,0,1,3,0,4,12,36,40,18,106,0,0,0,106
12/20/2014,CRP,TX,ASW,CE,Combined TRACON& Tower with Radar,12,28,23,14,77,0,0,4,10,14,12,28,27,24,91,0,106,106,197
12/21/2014,CRP,TX,ASW,CE,Combined TRACON& Tower with Radar,10,26,38,10,84,0,0,3,1,4,10,26,41,11,88,10,0,10,98
12/22/2014,CRP,TX,ASW,CE,Combined TRACON& Tower with Radar,10,34,25,10,79,0,2,15,1,18,10,36,40,11,97,0,0,0,97
12/23/2014,CRP,TX,ASW,CE,Combined TRACON& Tower with Radar,13,31,30,28,102,0,1,8,5,14,13,32,38,33,116,0,26,26,142
12/24/2014,CRP,TX,ASW,CE,Combined TRACON& Tower with Radar,9,34,7,3,53,0,9,28,1,38,9,43,35,4,91,0,0,0,91
12/25/2014,CRP,TX,ASW,CE,Combined TRACON& Tower with Radar,6,25,4,0,35,0,3,14,0,17,6,28,18,0,52,0,0,0,52
12/26/2014,CRP,TX,ASW,CE,Combined TRACON& Tower with Radar,14,34,14,0,62,0,2,5,1,8,14,36,19,1,70,10,0,10,80
12/27/2014,CRP,TX,ASW,CE,Combined TRACON& Tower with Radar,12,25,12,3,52,0,0,3,0,3,12,25,15,3,55,0,0,0,55
12/28/2014,CRP,TX,ASW,CE,Combined TRACON& Tower with Radar,12,24,13,0,49,0,0,1,0,1,12,24,14,0,50,0,0,0,50
12/29/2014,CRP,TX,ASW,CE,Combined TRACON& Tower with Radar,10,29,22,16,77,0,4,30,3,37,10,33,52,19,114,0,14,14,128
12/30/2014,CRP,TX,ASW,CE,Combined TRACON& Tower with Radar,14,32,19,15,80,0,0,14,0,14,14,32,33,15,94,0,0,0,94
12/31/2014,CRP,TX,ASW,CE,Combined TRACON& Tower with Radar,12,36,4,0,52,0,0,5,0,5,12,36,9,0,57,0,0,0,57
01/01/2015,CRP,TX,ASW,CE,Combined TRACON& Tower with Radar,8,32,7,0,47,0,0,0,0,0,8,32,7,0,47,0,0,0,47
01/02/2015,CRP,TX,ASW,CE,Combined TRACON& Tower with Radar,10,39,18,8,75,0,0,0,0,0,10,39,18,8,75,0,0,0,75
01/03/2015,CRP,TX,ASW,CE,Combined TRACON& Tower with Radar,12,34,19,6,71,0,1,5,0,6,12,35,24,6,77,0,0,0,77
01/04/2015,CRP,TX,ASW,CE,Combined TRACON& Tower with Radar,11,24,25,5,65,0,2,29,3,34,11,26,54,8,99,6,12,18,117
01/05/2015,CRP,TX,ASW,CE,Combined TRACON& Tower with Radar,13,29,20,14,76,0,3,32,15,50,13,32,52,29,126,6,38,44,170
01/06/2015,CRP,TX,ASW,CE,Combined TRACON& Tower with Radar,12,35,25,30,102,0,7,31,8,46,12,42,56,38,148,0,38,38,186
01/07/2015,CRP,TX,ASW,CE,Combined TRACON& Tower with Radar,10,39,39,48,136,0,3,26,45,74,10,42,65,93,210,12,220,232,442
01/08/2015,CRP,TX,ASW,CE,Combined TRACON& Tower with Radar,10,40,30,82,162,0,3,15,16,34,10,43,45,98,196,0,76,76,272
01/09/2015,CRP,TX,ASW,CE,Combined TRACON& Tower with Radar,10,47,22,31,110,0,0,0,0,0,10,47,22,31,110,0,0,0,110
01/10/2015,CRP,TX,ASW,CE,Combined TRACON& Tower with Radar,6,30,3,26,65,0,0,0,0,0,6,30,3,26,65,0,0,0,65
01/11/2015,CRP,TX,ASW,CE,Combined TRACON& Tower with Radar,8,31,18,44,101,0,1,3,3,7,8,32,21,47,108,0,16,16,124
01/12/2015,CRP,TX,ASW,CE,Combined TRACON& Tower with Radar,10,44,34,15,103,0,0,0,0,0,10,44,34,15,103,0,0,0,103
01/13/2015,CRP,TX,ASW,CE,Combined TRACON& Tower with Radar,10,38,27,97,172,0,0,4,22,26,10,38,31,119,198,0,90,90,288
01/14/2015,CRP,TX,ASW,CE,Combined TRACON& Tower with Radar,12,41,32,64,149,0,0,1,0,1,12,41,33,64,150,0,0,0,150
01/15/2015,CRP,TX,ASW,CE,Combined TRACON& Tower with Radar,5,21,21,2,49,0,0,1,0,1,5,21,22,2,50,0,20,20,70
01/16/2015,CRP,TX,ASW,CE,Combined TRACON& Tower with Radar,7,22,7,1,37,0,0,2,0,2,7,22,9,1,39,0,72,72,111
01/17/2015,CRP,TX,ASW,CE,Combined TRACON& Tower with Radar,6,17,3,32,58,0,3,15,15,33,6,20,18,47,91,10,102,112,203
01/18/2015,CRP,TX,ASW,CE,Combined TRACON& Tower with Radar,8,25,3,47,83,0,2,22,9,33,8,27,25,56,116,4,16,20,136
01/19/2015,CRP,TX,ASW,CE,Combined TRACON& Tower with Radar,10,33,31,19,93,0,6,33,6,45,10,39,64,25,138,28,24,52,190
01/20/2015,CRP,TX,ASW,CE,Combined TRACON& Tower with Radar,10,33,29,42,114,0,4,46,18,68,10,37,75,60,182,26,168,194,376
01/21/2015,CRP,TX,ASW,CE,Combined TRACON& Tower with Radar,10,38,38,34,120,0,1,10,1,12,10,39,48,35,132,0,10,10,142
01/22/2015,CRP,TX,ASW,CE,Combined TRACON& Tower with Radar,8,43,34,48,133,0,0,0,0,0,8,43,34,48,133,0,0,0,133
01/23/2015,CRP,TX,ASW,CE,Combined TRACON& Tower with Radar,12,43,48,69,172,0,1,28,11,40,12,44,76,80,212,20,28,48,260
01/24/2015,CRP,TX,ASW,CE,Combined TRACON& Tower with Radar,6,24,14,34,78,0,0,21,28,49,6,24,35,62,127,4,122,126,253
01/25/2015,CRP,TX,ASW,CE,Combined TRACON& Tower with Radar,8,30,11,8,57,0,1,30,29,60,8,31,41,37,117,32,108,140,257
01/26/2015,CRP,TX,ASW,CE,Combined TRACON& Tower with Radar,8,35,20,47,110,0,3,34,19,56,8,38,54,66,166,8,146,154,320
01/27/2015,CRP,TX,ASW,CE,Combined TRACON& Tower with Radar,12,38,25,44,119,0,4,28,7,39,12,42,53,51,158,30,30,60,218
01/28/2015,CRP,TX,ASW,CE,Combined TRACON& Tower with Radar,8,40,23,18,89,0,3,26,13,42,8,43,49,31,131,0,110,110,241
01/29/2015,CRP,TX,ASW,CE,Combined TRACON& Tower with Radar,10,36,36,27,109,0,5,32,11,48,10,41,68,38,157,4,102,106,263
01/30/2015,CRP,TX,ASW,CE,Combined TRACON& Tower with Radar,9,47,26,13,95,0,4,13,17,34,9,51,39,30,129,0,76,76,205
01/31/2015,CRP,TX,ASW,CE,Combined TRACON& Tower with Radar,7,23,5,13,48,0,1,7,6,14,7,24,12,19,62,0,90,90,152
02/01/2015,CRP,TX,ASW,CE,Combined TRACON& Tower with Radar,8,28,4,2,42,0,1,12,3,16,8,29,16,5,58,10,14,24,82
02/02/2015,CRP,TX,ASW,CE,Combined TRACON& Tower with Radar,13,35,27,43,118,0,3,24,8,35,13,38,51,51,153,0,40,40,193
02/03/2015,CRP,TX,ASW,CE,Combined TRACON& Tower with Radar,11,37,29,33,110,0,1,0,0,1,11,38,29,33,111,0,0,0,111
02/04/2015,CRP,TX,ASW,CE,Combined TRACON& Tower with Radar,10,38,42,56,146,0,0,5,1,6,10,38,47,57,152,0,26,26,178
02/05/2015,CRP,TX,ASW,CE,Combined TRACON& Tower with Radar,10,33,55,64,162,0,0,7,19,26,10,33,62,83,188,0,74,74,262
02/06/2015,CRP,TX,ASW,CE,Combined TRACON& Tower with Radar,12,40,42,64,158,0,4,21,6,31,12,44,63,70,189,0,30,30,219
02/07/2015,CRP,TX,ASW,CE,Combined TRACON& Tower with Radar,6,22,10,38,76,0,1,23,13,37,6,23,33,51,113,14,6,20,133
02/08/2015,CRP,TX,ASW,CE,Combined TRACON& Tower with Radar,8,28,26,30,92,0,0,29,11,40,8,28,55,41,132,26,0,26,158
02/09/2015,CRP,TX,ASW,CE,Combined TRACON& Tower with Radar,10,41,35,30,116,0,0,22,30,52,10,41,57,60,168,2,94,96,264
02/10/2015,CRP,TX,ASW,CE,Combined TRACON& Tower with Radar,10,43,24,44,121,0,1,25,6,32,10,44,49,50,153,0,48,48,201
02/11/2015,CRP,TX,ASW,CE,Combined TRACON& Tower with Radar,10,35,45,31,121,0,0,22,5,27,10,35,67,36,148,0,2,2,150
02/12/2015,CRP,TX,ASW,CE,Combined TRACON& Tower with Radar,8,41,28,30,107,0,4,12,7,23,8,45,40,37,130,0,0,0,130
02/13/2015,CRP,TX,ASW,CE,Combined TRACON& Tower with Radar,8,42,19,6,75,0,4,30,14,48,8,46,49,20,123,0,48,48,171
02/14/2015,CRP,TX,ASW,CE,Combined TRACON& Tower with Radar,4,29,9,30,72,0,0,10,7,17,4,29,19,37,89,0,20,20,109
02/15/2015,CRP,TX,ASW,CE,Combined TRACON& Tower with Radar,6,36,24,24,90,0,2,6,1,9,6,38,30,25,99,0,4,4,103
02/16/2015,CRP,TX,ASW,CE,Combined TRACON& Tower with Radar,8,39,24,36,107,0,0,6,4,10,8,39,30,40,117,0,0,0,117
02/17/2015,CRP,TX,ASW,CE,Combined TRACON& Tower with Radar,8,41,30,77,156,0,12,24,28,64,8,53,54,105,220,6,64,70,290
02/18/2015,CRP,TX,ASW,CE,Combined TRACON& Tower with Radar,8,47,37,58,150,0,0,42,4,46,8,47,79,62,196,0,0,0,196
02/19/2015,CRP,TX,ASW,CE,Combined TRACON& Tower with Radar,8,40,38,42,128,0,2,32,13,47,8,42,70,55,175,0,54,54,229
02/20/2015,CRP,TX,ASW,CE,Combined TRACON& Tower with Radar,10,46,37,46,139,0,1,10,5,16,10,47,47,51,155,0,52,52,207
02/21/2015,CRP,TX,ASW,CE,Combined TRACON& Tower with Radar,6,30,9,27,72,0,4,14,8,26,6,34,23,35,98,4,72,76,174
02/22/2015,CRP,TX,ASW,CE,Combined TRACON& Tower with Radar,6,29,17,25,77,0,4,4,0,8,6,33,21,25,85,14,0,14,99
02/23/2015,CRP,TX,ASW,CE,Combined TRACON& Tower with Radar,8,23,13,70,114,0,0,0,0,0,8,23,13,70,114,0,14,14,128
02/24/2015,CRP,TX,ASW,CE,Combined TRACON& Tower with Radar,10,25,27,68,130,0,3,3,7,13,10,28,30,75,143,2,62,64,207
02/25/2015,CRP,TX,ASW,CE,Combined TRACON& Tower with Radar,8,37,33,88,166,0,4,24,14,42,8,41,57,102,208,0,26,26,234
02/26/2015,CRP,TX,ASW,CE,Combined TRACON& Tower with Radar,8,44,33,77,162,0,2,43,8,53,8,46,76,85,215,10,28,38,253
02/27/2015,CRP,TX,ASW,CE,Combined TRACON& Tower with Radar,8,35,28,78,149,0,3,12,15,30,8,38,40,93,179,26,128,154,333
02/28/2015,CRP,TX,ASW,CE,Combined TRACON& Tower with Radar,4,18,13,15,50,0,0,0,0,0,4,18,13,15,50,0,0,0,50
03/01/2015,CRP,TX,ASW,CE,Combined TRACON& Tower with Radar,6,17,14,11,48,0,0,0,0,0,6,17,14,11,48,0,0,0,48
03/02/2015,CRP,TX,ASW,CE,Combined TRACON& Tower with Radar,7,31,24,15,77,0,0,0,0,0,7,31,24,15,77,0,0,0,77
03/03/2015,CRP,TX,ASW,CE,Combined TRACON& Tower with Radar,7,24,21,6,58,0,0,0,0,0,7,24,21,6,58,0,0,0,58
03/04/2015,CRP,TX,ASW,CE,Combined TRACON& Tower with Radar,10,26,26,66,128,0,1,5,5,11,10,27,31,71,139,0,16,16,155
03/05/2015,CRP,TX,ASW,CE,Combined TRACON& Tower with Radar,10,24,26,84,144,0,3,6,12,21,10,27,32,96,165,0,66,66,231
03/06/2015,CRP,TX,ASW,CE,Combined TRACON& Tower with Radar,8,44,41,86,179,0,4,37,20,61,8,48,78,106,240,0,92,92,332
03/07/2015,CRP,TX,ASW,CE,Combined TRACON& Tower with Radar,6,28,16,48,98,0,4,33,6,43,6,32,49,54,141,2,26,28,169
03/08/2015,CRP,TX,ASW,CE,Combined TRACON& Tower with Radar,11,34,15,16,76,0,0,0,0,0,11,34,15,16,76,0,0,0,76
03/09/2015,CRP,TX,ASW,CE,Combined TRACON& Tower with Radar,9,26,20,31,86,0,0,0,2,2,9,26,20,33,88,0,0,0,88
03/10/2015,CRP,TX,ASW,CE,Combined TRACON& Tower with Radar,8,44,48,100,200,0,3,9,21,33,8,47,57,121,233,0,78,78,311
03/11/2015,CRP,TX,ASW,CE,Combined TRACON& Tower with Radar,10,47,33,136,226,0,1,5,0,6,10,48,38,136,232,0,0,0,232
03/12/2015,CRP,TX,ASW,CE,Combined TRACON& Tower with Radar,9,39,36,86,170,0,6,45,11,62,9,45,81,97,232,58,46,104,336
03/13/2015,CRP,TX,ASW,CE,Combined TRACON& Tower with Radar,8,40,40,76,164,0,3,34,12,49,8,43,74,88,213,0,64,64,277
03/14/2015,CRP,TX,ASW,CE,Combined TRACON& Tower with Radar,6,33,14,38,91,0,2,33,9,44,6,35,47,47,135,4,60,64,199
03/15/2015,CRP,TX,ASW,CE,Combined TRACON& Tower with Radar,10,30,14,23,77,0,2,23,7,32,10,32,37,30,109,22,16,38,147
03/16/2015,CRP,TX,ASW,CE,Combined TRACON& Tower with Radar,8,41,21,117,187,0,0,4,12,16,8,41,25,129,203,0,0,0,203
03/17/2015,CRP,TX,ASW,CE,Combined TRACON& Tower with Radar,8,39,27,37,111,0,0,7,2,9,8,39,34,39,120,0,0,0,120
03/18/2015,CRP,TX,ASW,CE,Combined TRACON& Tower with Radar,8,42,20,52,122,0,1,13,13,27,8,43,33,65,149,0,68,68,217
03/19/2015,CRP,TX,ASW,CE,Combined TRACON& Tower with Radar,8,48,60,49,165,0,0,12,3,15,8,48,72,52,180,36,0,36,216
03/20/2015,CRP,TX,ASW,CE,Combined TRACON& Tower with Radar,8,45,26,43,122,0,2,5,3,10,8,47,31,46,132,0,4,4,136
03/21/2015,CRP,TX,ASW,CE,Combined TRACON& Tower with Radar,6,27,11,25,69,0,0,0,0,0,6,27,11,25,69,0,0,0,69
03/22/2015,CRP,TX,ASW,CE,Combined TRACON& Tower with Radar,8,39,20,58,125,0,6,22,18,46,8,45,42,76,171,0,92,92,263
03/23/2015,CRP,TX,ASW,CE,Combined TRACON& Tower with Radar,10,35,40,51,136,0,3,28,11,42,10,38,68,62,178,10,32,42,220
03/24/2015,CRP,TX,ASW,CE,Combined TRACON& Tower with Radar,8,36,19,64,127,0,3,24,13,40,8,39,43,77,167,8,38,46,213
03/25/2015,CRP,TX,ASW,CE,Combined TRACON& Tower with Radar,8,42,29,58,137,0,1,16,4,21,8,43,45,62,158,20,66,86,244
03/26/2015,CRP,TX,ASW,CE,Combined TRACON& Tower with Radar,10,38,18,56,122,0,2,7,6,15,10,40,25,62,137,0,16,16,153
03/27/2015,CRP,TX,ASW,CE,Combined TRACON& Tower with Radar,8,40,20,136,204,0,4,58,18,80,8,44,78,154,284,18,0,18,302
03/28/2015,CRP,TX,ASW,CE,Combined TRACON& Tower with Radar,8,30,8,51,97,0,7,19,18,44,8,37,27,69,141,2,184,186,327
03/29/2015,CRP,TX,ASW,CE,Combined TRACON& Tower with Radar,10,35,16,21,82,0,1,28,19,48,10,36,44,40,130,2,40,42,172
03/30/2015,CRP,TX,ASW,CE,Combined TRACON& Tower with Radar,10,32,39,56,137,0,1,19,2,22,10,33,58,58,159,24,0,24,183
03/31/2015,CRP,TX,ASW,CE,Combined TRACON& Tower with Radar,10,41,31,63,145,0,3,15,6,24,10,44,46,69,169,44,38,82,251
04/01/2015,CRP,TX,ASW,CE,Combined TRACON& Tower with Radar,12,44,15,66,137,0,9,11,17,37,12,53,26,83,174,40,68,108,282
04/02/2015,CRP,TX,ASW,CE,Combined TRACON& Tower with Radar,14,49,51,62,176,0,2,13,1,16,14,51,64,63,192,8,0,8,200
04/03/2015,CRP,TX,ASW,CE,Combined TRACON& Tower with Radar,10,35,21,28,94,0,2,7,1,10,10,37,28,29,104,10,42,52,156
04/04/2015,CRP,TX,ASW,CE,Combined TRACON& Tower with Radar,6,34,11,3,54,0,2,3,6,11,6,36,14,9,65,0,0,0,65
04/05/2015,CRP,TX,ASW,CE,Combined TRACON& Tower with Radar,14,30,12,8,64,0,1,13,1,15,14,31,25,9,79,0,0,0,79
04/06/2015,CRP,TX,ASW,CE,Combined TRACON& Tower with Radar,10,36,28,87,161,0,0,26,11,37,10,36,54,98,198,0,54,54,252
04/07/2015,CRP,TX,ASW,CE,Combined TRACON& Tower with Radar,10,40,40,46,136,0,1,14,4,19,10,41,54,50,155,0,0,0,155
04/08/2015,CRP,TX,ASW,CE,Combined TRACON& Tower with Radar,10,40,38,85,173,0,0,18,8,26,10,40,56,93,199,0,160,160,359
04/09/2015,CRP,TX,ASW,CE,Combined TRACON& Tower with Radar,12,37,41,84,174,0,4,10,5,19,12,41,51,89,193,8,22,30,223
04/10/2015,CRP,TX,ASW,CE,Combined TRACON& Tower with Radar,12,42,29,7,90,0,0,0,0,0,12,42,29,7,90,0,0,0,90
04/11/2015,CRP,TX,ASW,CE,Combined TRACON& Tower with Radar,6,28,13,9,56,0,0,1,0,1,6,28,14,9,57,0,0,0,57
04/12/2015,CRP,TX,ASW,CE,Combined TRACON& Tower with Radar,13,30,16,24,83,0,2,3,0,5,13,32,19,24,88,4,0,4,92
04/13/2015,CRP,TX,ASW,CE,Combined TRACON& Tower with Radar,11,28,27,58,124,0,1,22,6,29,11,29,49,64,153,8,52,60,213
04/14/2015,CRP,TX,ASW,CE,Combined TRACON& Tower with Radar,10,42,11,48,111,0,1,7,19,27,10,43,18,67,138,0,126,126,264
04/15/2015,CRP,TX,ASW,CE,Combined TRACON& Tower with Radar,10,44,42,105,201,0,0,23,12,35,10,44,65,117,236,32,90,122,358
04/16/2015,CRP,TX,ASW,CE,Combined TRACON& Tower with Radar,9,39,48,36,132,0,1,8,1,10,9,40,56,37,142,0,18,18,160
04/17/2015,CRP,TX,ASW,CE,Combined TRACON& Tower with Radar,11,39,22,21,93,0,2,7,3,12,11,41,29,24,105,16,4,20,125
04/18/2015,CRP,TX,ASW,CE,Combined TRACON& Tower with Radar,8,26,24,28,86,0,0,2,2,4,8,26,26,30,90,0,0,0,90
04/19/2015,CRP,TX,ASW,CE,Combined TRACON& Tower with Radar,15,26,23,27,91,0,2,22,8,32,15,28,45,35,123,0,28,28,151
04/20/2015,CRP,TX,ASW,CE,Combined TRACON& Tower with Radar,11,36,36,78,161,0,1,30,26,57,11,37,66,104,218,18,104,122,340
04/21/2015,CRP,TX,ASW,CE,Combined TRACON& Tower with Radar,10,40,26,48,124,0,4,23,3,30,10,44,49,51,154,0,16,16,170
04/22/2015,CRP,TX,ASW,CE,Combined TRACON& Tower with Radar,10,38,38,40,126,0,0,9,6,15,10,38,47,46,141,0,46,46,187
04/23/2015,CRP,TX,ASW,CE,Combined TRACON& Tower with Radar,10,44,48,97,199,0,1,5,24,30,10,45,53,121,229,12,188,200,429
04/24/2015,CRP,TX,ASW,CE,Combined TRACON& Tower with Radar,12,39,16,45,112,0,1,5,4,10,12,40,21,49,122,14,46,60,182
04/25/2015,CRP,TX,ASW,CE,Combined TRACON& Tower with Radar,6,33,10,37,86,0,1,13,6,20,6,34,23,43,106,6,10,16,122
04/26/2015,CRP,TX,ASW,CE,Combined TRACON& Tower with Radar,10,30,28,35,103,0,0,2,0,2,10,30,30,35,105,0,0,0,105
04/27/2015,CRP,TX,ASW,CE,Combined TRACON& Tower with Radar,10,29,25,79,143,0,1,19,30,50,10,30,44,109,193,0,96,96,289
04/28/2015,CRP,TX,ASW,CE,Combined TRACON& Tower with Radar,12,37,43,66,158,0,1,18,35,54,12,38,61,101,212,0,14,14,226
04/29/2015,CRP,TX,ASW,CE,Combined TRACON& Tower with Radar,10,38,37,82,167,0,8,45,22,75,10,46,82,104,242,6,122,128,370
04/30/2015,CRP,TX,ASW,CE,Combined TRACON& Tower with Radar,10,37,31,71,149,0,6,42,15,63,10,43,73,86,212,6,28,34,246
05/01/2015,CRP,TX,ASW,CE,Combined TRACON& Tower with Radar,10,43,24,59,136,0,2,28,4,34,10,45,52,63,170,2,32,34,204
05/02/2015,CRP,TX,ASW,CE,Combined TRACON& Tower with Radar,6,22,4,27,59,0,1,24,5,30,6,23,28,32,89,34,72,106,195
05/03/2015,CRP,TX,ASW,CE,Combined TRACON& Tower with Radar,10,28,21,11,70,0,1,25,10,36,10,29,46,21,106,22,26,48,154
05/04/2015,CRP,TX,ASW,CE,Combined TRACON& Tower with Radar,10,38,13,61,122,0,4,31,9,44,10,42,44,70,166,10,0,10,176
05/05/2015,CRP,TX,ASW,CE,Combined TRACON& Tower with Radar,10,37,19,66,132,0,1,7,3,11,10,38,26,69,143,0,28,28,171
05/06/2015,CRP,TX,ASW,CE,Combined TRACON& Tower with Radar,8,36,43,48,135,0,2,10,7,19,8,38,53,55,154,6,66,72,226
05/07/2015,CRP,TX,ASW,CE,Combined TRACON& Tower with Radar,9,42,38,61,150,0,2,3,5,10,9,44,41,66,160,16,56,72,232
05/08/2015,CRP,TX,ASW,CE,Combined TRACON& Tower with Radar,12,42,28,50,132,0,1,8,11,20,12,43,36,61,152,14,136,150,302
05/09/2015,CRP,TX,ASW,CE,Combined TRACON& Tower with Radar,7,23,8,16,54,0,1,11,0,12,7,24,19,16,66,0,0,0,66
05/10/2015,CRP,TX,ASW,CE,Combined TRACON& Tower with Radar,8,32,17,30,87,0,0,3,4,7,8,32,20,34,94,0,10,10,104
05/11/2015,CRP,TX,ASW,CE,Combined TRACON& Tower with Radar,12,41,31,40,124,0,1,7,0,8,12,42,38,40,132,0,0,0,132
05/12/2015,CRP,TX,ASW,CE,Combined TRACON& Tower with Radar,16,43,19,17,95,0,0,11,1,12,16,43,30,18,107,0,0,0,107
05/13/2015,CRP,TX,ASW,CE,Combined TRACON& Tower with Radar,10,38,27,0,75,0,1,6,0,7,10,39,33,0,82,0,0,0,82
05/14/2015,CRP,TX,ASW,CE,Combined TRACON& Tower with Radar,10,44,44,33,131,0,1,21,4,26,10,45,65,37,157,0,34,34,191
05/15/2015,CRP,TX,ASW,CE,Combined TRACON& Tower with Radar,12,37,23,1,73,0,0,6,0,6,12,37,29,1,79,0,0,0,79
05/16/2015,CRP,TX,ASW,CE,Combined TRACON& Tower with Radar,6,34,14,20,74,0,1,12,1,14,6,35,26,21,88,10,0,10,98
05/17/2015,CRP,TX,ASW,CE,Combined TRACON& Tower with Radar,8,35,21,22,86,0,4,5,0,9,8,39,26,22,95,0,0,0,95
05/18/2015,CRP,TX,ASW,CE,Combined TRACON& Tower with Radar,12,35,32,40,119,0,0,22,12,34,12,35,54,52,153,16,48,64,217
05/19/2015,CRP,TX,ASW,CE,Combined TRACON& Tower with Radar,8,41,28,52,129,0,4,22,3,29,8,45,50,55,158,10,34,44,202
05/20/2015,CRP,TX,ASW,CE,Combined TRACON& Tower with Radar,12,50,42,62,166,0,6,21,2,29,12,56,63,64,195,8,24,32,227
05/21/2015,CRP,TX,ASW,CE,Combined TRACON& Tower with Radar,12,46,20,29,107,0,2,11,12,25,12,48,31,41,132,0,72,72,204
05/22/2015,CRP,TX,ASW,CE,Combined TRACON& Tower with Radar,12,48,23,37,120,0,0,14,19,33,12,48,37,56,153,0,84,84,237
05/23/2015,CRP,TX,ASW,CE,Combined TRACON& Tower with Radar,6,27,7,24,64,0,2,2,0,4,6,29,9,24,68,0,0,0,68
05/24/2015,CRP,TX,ASW,CE,Combined TRACON& Tower with Radar,10,26,2,17,55,0,4,19,2,25,10,30,21,19,80,0,16,16,96
05/25/2015,CRP,TX,ASW,CE,Combined TRACON& Tower with Radar,13,29,10,15,67,0,1,2,0,3,13,30,12,15,70,12,0,12,82
05/26/2015,CRP,TX,ASW,CE,Combined TRACON& Tower with Radar,10,41,36,45,132,0,2,22,4,28,10,43,58,49,160,24,66,90,250
05/27/2015,CRP,TX,ASW,CE,Combined TRACON& Tower with Radar,11,41,28,33,113,0,3,23,1,27,11,44,51,34,140,2,6,8,148
05/28/2015,CRP,TX,ASW,CE,Combined TRACON& Tower with Radar,10,39,27,66,142,0,4,4,7,15,10,43,31,73,157,0,64,64,221
05/29/2015,CRP,TX,ASW,CE,Combined TRACON& Tower with Radar,10,41,15,58,124,0,2,15,11,28,10,43,30,69,152,0,54,54,206
05/30/2015,CRP,TX,ASW,CE,Combined TRACON& Tower with Radar,14,27,7,51,99,0,1,21,5,27,14,28,28,56,126,0,18,18,144
05/31/2015,CRP,TX,ASW,CE,Combined TRACON& Tower with Radar,8,31,18,50,107,0,2,23,30,55,8,33,41,80,162,0,42,42,204
06/01/2015,CRP,TX,ASW,CE,Combined TRACON& Tower with Radar,9,36,16,49,110,0,5,22,11,38,9,41,38,60,148,16,12,28,176
06/02/2015,CRP,TX,ASW,CE,Combined TRACON& Tower with Radar,11,37,24,46,118,0,3,28,8,39,11,40,52,54,157,0,28,28,185
06/03/2015,CRP,TX,ASW,CE,Combined TRACON& Tower with Radar,10,38,19,60,127,0,4,23,13,40,10,42,42,73,167,8,106,114,281
06/04/2015,CRP,TX,ASW,CE,Combined TRACON& Tower with Radar,18,29,27,57,131,0,4,26,26,56,18,33,53,83,187,8,110,118,305
06/05/2015,CRP,TX,ASW,CE,Combined TRACON& Tower with Radar,20,24,32,39,115,0,0,32,8,40,20,24,64,47,155,0,70,70,225
06/06/2015,CRP,TX,ASW,CE,Combined TRACON& Tower with Radar,16,16,5,28,65,0,0,25,28,53,16,16,30,56,118,4,126,130,248
06/07/2015,CRP,TX,ASW,CE,Combined TRACON& Tower with Radar,20,19,17,26,82,0,2,22,35,59,20,21,39,61,141,8,150,158,299
06/08/2015,CRP,TX,ASW,CE,Combined TRACON& Tower with Radar,18,25,19,46,108,0,4,21,37,62,18,29,40,83,170,2,114,116,286
06/09/2015,CRP,TX,ASW,CE,Combined TRACON& Tower with Radar,19,28,29,63,139,0,7,25,23,55,19,35,54,86,194,0,117,117,311
06/10/2015,CRP,TX,ASW,CE,Combined TRACON& Tower with Radar,20,26,30,41,117,0,5,50,3,58,20,31,80,44,175,0,156,156,331
06/11/2015,CRP,TX,ASW,CE,Combined TRACON& Tower with Radar,21,30,27,77,155,0,10,26,13,49,21,40,53,90,204,0,52,52,256
06/12/2015,CRP,TX,ASW,CE,Combined TRACON& Tower with Radar,19,25,28,37,109,0,4,14,4,22,19,29,42,41,131,0,14,14,145
06/13/2015,CRP,TX,ASW,CE,Combined TRACON& Tower with Radar,17,14,19,33,83,0,1,21,12,34,17,15,40,45,117,24,70,94,211
06/14/2015,CRP,TX,ASW,CE,Combined TRACON& Tower with Radar,20,25,8,65,118,0,3,22,25,50,20,28,30,90,168,0,54,54,222
06/15/2015,CRP,TX,ASW,CE,Combined TRACON& Tower with Radar,20,27,18,38,103,0,0,18,7,25,20,27,36,45,128,30,22,52,180
06/16/2015,CRP,TX,ASW,CE,Combined TRACON& Tower with Radar,16,20,12,0,48,0,1,7,0,8,16,21,19,0,56,0,0,0,56
06/17/2015,CRP,TX,ASW,CE,Combined TRACON& Tower with Radar,16,19,21,0,56,0,0,3,0,3,16,19,24,0,59,0,0,0,59
06/18/2015,CRP,TX,ASW,CE,Combined TRACON& Tower with Radar,19,27,28,47,121,0,3,12,8,23,19,30,40,55,144,4,48,52,196
06/19/2015,CRP,TX,ASW,CE,Combined TRACON& Tower with Radar,21,32,35,38,126,0,1,51,7,59,21,33,86,45,185,0,82,82,267
06/20/2015,CRP,TX,ASW,CE,Combined TRACON& Tower with Radar,17,18,10,20,65,0,0,18,12,30,17,18,28,32,95,0,12,12,107
06/21/2015,CRP,TX,ASW,CE,Combined TRACON& Tower with Radar,17,23,15,39,94,0,4,18,24,46,17,27,33,63,140,0,186,186,326
06/22/2015,CRP,TX,ASW,CE,Combined TRACON& Tower with Radar,19,29,26,52,126,0,1,20,9,30,19,30,46,61,156,0,22,22,178
06/23/2015,CRP,TX,ASW,CE,Combined TRACON& Tower with Radar,19,30,32,57,138,0,2,55,12,69,19,32,87,69,207,0,88,88,295
06/24/2015,CRP,TX,ASW,CE,Combined TRACON& Tower with Radar,18,35,22,60,135,0,4,17,11,32,18,39,39,71,167,0,60,60,227
06/25/2015,CRP,TX,ASW,CE,Combined TRACON& Tower with Radar,20,28,23,39,110,0,3,12,5,20,20,31,35,44,130,0,0,0,130
06/26/2015,CRP,TX,ASW,CE,Combined TRACON& Tower with Radar,15,22,40,48,125,0,2,22,5,29,15,24,62,53,154,0,6,6,160
06/27/2015,CRP,TX,ASW,CE,Combined TRACON& Tower with Radar,12,17,7,35,71,0,0,16,15,31,12,17,23,50,102,0,46,46,148
06/28/2015,CRP,TX,ASW,CE,Combined TRACON& Tower with Radar,18,18,13,48,97,0,0,14,14,28,18,18,27,62,125,18,136,154,279
06/29/2015,CRP,TX,ASW,CE,Combined TRACON& Tower with Radar,19,21,18,56,114,0,0,25,11,36,19,21,43,67,150,0,34,34,184
06/30/2015,CRP,TX,ASW,CE,Combined TRACON& Tower with Radar,23,28,15,36,102,0,1,19,12,32,23,29,34,48,134,0,64,64,198
07/01/2015,CRP,TX,ASW,CE,Combined TRACON& Tower with Radar,19,24,26,17,86,0,2,8,3,13,19,26,34,20,99,0,92,92,191
07/02/2015,CRP,TX,ASW,CE,Combined TRACON& Tower with Radar,19,28,22,6,75,0,2,16,5,23,19,30,38,11,98,0,0,0,98
07/03/2015,CRP,TX,ASW,CE,Combined TRACON& Tower with Radar,13,15,27,3,58,0,3,18,0,21,13,18,45,3,79,0,0,0,79
07/04/2015,CRP,TX,ASW,CE,Combined TRACON& Tower with Radar,14,14,11,1,40,0,0,8,5,13,14,14,19,6,53,0,0,0,53
07/05/2015,CRP,TX,ASW,CE,Combined TRACON& Tower with Radar,18,19,11,5,53,0,7,7,0,14,18,26,18,5,67,0,0,0,67
07/06/2015,CRP,TX,ASW,CE,Combined TRACON& Tower with Radar,16,28,14,53,111,0,3,18,5,26,16,31,32,58,137,12,22,34,171
07/07/2015,CRP,TX,ASW,CE,Combined TRACON& Tower with Radar,18,28,21,39,106,0,0,21,8,29,18,28,42,47,135,0,34,34,169
07/08/2015,CRP,TX,ASW,CE,Combined TRACON& Tower with Radar,15,36,23,35,109,0,4,26,9,39,15,40,49,44,148,14,74,88,236
07/09/2015,CRP,TX,ASW,CE,Combined TRACON& Tower with Radar,19,24,23,29,95,0,2,22,6,30,19,26,45,35,125,0,16,16,141
07/10/2015,CRP,TX,ASW,CE,Combined TRACON& Tower with Radar,16,22,17,5,60,0,2,22,5,29,16,24,39,10,89,0,0,0,89
07/11/2015,CRP,TX,ASW,CE,Combined TRACON& Tower with Radar,11,10,6,2,29,0,0,3,3,6,11,10,9,5,35,0,2,2,37
07/12/2015,CRP,TX,ASW,CE,Combined TRACON& Tower with Radar,8,9,5,7,29,0,1,1,0,2,8,10,6,7,31,0,52,52,83
07/13/2015,CRP,TX,ASW,CE,Combined TRACON& Tower with Radar,12,18,12,0,42,0,0,1,0,1,12,18,13,0,43,0,94,94,137
07/14/2015,CRP,TX,ASW,CE,Combined TRACON& Tower with Radar,16,24,20,27,87,0,1,15,7,23,16,25,35,34,110,4,14,18,128
07/15/2015,CRP,TX,ASW,CE,Combined TRACON& Tower with Radar,18,27,30,20,95,0,5,41,10,56,18,32,71,30,151,8,70,78,229
07/16/2015,CRP,TX,ASW,CE,Combined TRACON& Tower with Radar,19,32,38,46,135,0,2,18,5,25,19,34,56,51,160,6,64,70,230
07/17/2015,CRP,TX,ASW,CE,Combined TRACON& Tower with Radar,17,28,22,26,93,0,2,18,10,30,17,30,40,36,123,0,66,66,189
07/18/2015,CRP,TX,ASW,CE,Combined TRACON& Tower with Radar,16,16,9,21,62,0,3,21,17,41,16,19,30,38,103,0,150,150,253
07/19/2015,CRP,TX,ASW,CE,Combined TRACON& Tower with Radar,18,22,16,22,78,0,3,25,8,36,18,25,41,30,114,30,42,72,186
07/20/2015,CRP,TX,ASW,CE,Combined TRACON& Tower with Radar,20,26,17,28,91,0,2,18,6,26,20,28,35,34,117,0,52,52,169
07/21/2015,CRP,TX,ASW,CE,Combined TRACON& Tower with Radar,18,26,20,42,106,0,0,17,7,24,18,26,37,49,130,0,0,0,130
07/22/2015,CRP,TX,ASW,CE,Combined TRACON& Tower with Radar,20,24,27,39,110,0,1,31,4,36,20,25,58,43,146,12,68,80,226
07/23/2015,CRP,TX,ASW,CE,Combined TRACON& Tower with Radar,18,37,32,47,134,0,1,35,4,40,18,38,67,51,174,0,32,32,206
07/24/2015,CRP,TX,ASW,CE,Combined TRACON& Tower with Radar,15,32,20,45,112,0,1,23,10,34,15,33,43,55,146,0,6,6,152
07/25/2015,CRP,TX,ASW,CE,Combined TRACON& Tower with Radar,16,15,15,42,88,0,2,22,4,28,16,17,37,46,116,16,56,72,188
07/26/2015,CRP,TX,ASW,CE,Combined TRACON& Tower with Radar,18,24,13,31,86,0,4,18,5,27,18,28,31,36,113,0,4,4,117
07/27/2015,CRP,TX,ASW,CE,Combined TRACON& Tower with Radar,18,25,27,35,105,0,0,26,5,31,18,25,53,40,136,0,36,36,172
07/28/2015,CRP,TX,ASW,CE,Combined TRACON& Tower with Radar,18,27,25,45,115,0,2,19,9,30,18,29,44,54,145,0,22,22,167
07/29/2015,CRP,TX,ASW,CE,Combined TRACON& Tower with Radar,18,29,37,34,118,0,0,32,3,35,18,29,69,37,153,0,2,2,155
07/30/2015,CRP,TX,ASW,CE,Combined TRACON& Tower with Radar,18,32,32,39,121,0,1,24,5,30,18,33,56,44,151,0,18,18,169
07/31/2015,CRP,TX,ASW,CE,Combined TRACON& Tower with Radar,20,29,20,18,87,0,0,19,7,26,20,29,39,25,113,0,34,34,147
08/01/2015,CRP,TX,ASW,CE,Combined TRACON& Tower with Radar,16,15,9,33,73,0,1,18,5,24,16,16,27,38,97,10,2,12,109
08/02/2015,CRP,TX,ASW,CE,Combined TRACON& Tower with Radar,20,19,9,18,66,0,1,16,8,25,20,20,25,26,91,0,56,56,147
08/03/2015,CRP,TX,ASW,CE,Combined TRACON& Tower with Radar,20,28,14,27,89,0,3,12,21,36,20,31,26,48,125,0,54,54,179
08/04/2015,CRP,TX,ASW,CE,Combined TRACON& Tower with Radar,20,33,36,33,122,0,3,25,11,39,20,36,61,44,161,0,68,68,229
08/05/2015,CRP,TX,ASW,CE,Combined TRACON& Tower with Radar,19,27,26,32,104,0,3,28,10,41,19,30,54,42,145,0,70,70,215
08/06/2015,CRP,TX,ASW,CE,Combined TRACON& Tower with Radar,20,24,26,53,123,0,3,14,8,25,20,27,40,61,148,0,50,50,198
08/07/2015,CRP,TX,ASW,CE,Combined TRACON& Tower with Radar,19,26,25,38,108,0,3,26,15,44,19,29,51,53,152,0,50,50,202
08/08/2015,CRP,TX,ASW,CE,Combined TRACON& Tower with Radar,16,17,16,31,80,0,2,26,12,40,16,19,42,43,120,0,44,44,164
08/09/2015,CRP,TX,ASW,CE,Combined TRACON& Tower with Radar,17,21,9,16,63,0,1,16,6,23,17,22,25,22,86,4,36,40,126
08/10/2015,CRP,TX,ASW,CE,Combined TRACON& Tower with Radar,21,23,14,30,88,0,0,28,6,34,21,23,42,36,122,0,18,18,140
08/11/2015,CRP,TX,ASW,CE,Combined TRACON& Tower with Radar,28,26,17,40,111,0,4,18,11,33,28,30,35,51,144,0,100,100,244
08/12/2015,CRP,TX,ASW,CE,Combined TRACON& Tower with Radar,19,23,30,27,99,0,1,23,8,32,19,24,53,35,131,10,32,42,173
08/13/2015,CRP,TX,ASW,CE,Combined TRACON& Tower with Radar,22,19,23,39,103,0,3,26,22,51,22,22,49,61,154,0,108,108,262
08/14/2015,CRP,TX,ASW,CE,Combined TRACON& Tower with Radar,18,30,28,19,95,0,2,32,3,37,18,32,60,22,132,0,0,0,132
08/15/2015,CRP,TX,ASW,CE,Combined TRACON& Tower with Radar,16,19,8,14,57,0,0,14,1,15,16,19,22,15,72,0,28,28,100
08/16/2015,CRP,TX,ASW,CE,Combined TRACON& Tower with Radar,18,23,14,17,72,0,0,17,11,28,18,23,31,28,100,0,50,50,150
08/17/2015,CRP,TX,ASW,CE,Combined TRACON& Tower with Radar,21,23,18,40,102,0,5,30,1,36,21,28,48,41,138,6,0,6,144
08/18/2015,CRP,TX,ASW,CE,Combined TRACON& Tower with Radar,22,23,21,40,106,0,3,14,9,26,22,26,35,49,132,0,98,98,230
08/19/2015,CRP,TX,ASW,CE,Combined TRACON& Tower with Radar,19,22,34,56,131,0,5,14,15,34,19,27,48,71,165,0,58,58,223
08/20/2015,CRP,TX,ASW,CE,Combined TRACON& Tower with Radar,20,21,36,26,103,0,4,25,19,48,20,25,61,45,151,0,128,128,279
08/21/2015,CRP,TX,ASW,CE,Combined TRACON& Tower with Radar,27,21,31,29,108,0,0,10,6,16,27,21,41,35,124,0,98,98,222
08/22/2015,CRP,TX,ASW,CE,Combined TRACON& Tower with Radar,20,10,7,21,58,0,0,13,15,28,20,10,20,36,86,0,30,30,116
08/23/2015,CRP,TX,ASW,CE,Combined TRACON& Tower with Radar,22,11,14,22,69,0,2,13,17,32,22,13,27,39,101,4,60,64,165
08/24/2015,CRP,TX,ASW,CE,Combined TRACON& Tower with Radar,28,17,15,19,79,0,3,22,16,41,28,20,37,35,120,2,56,58,178
08/25/2015,CRP,TX,ASW,CE,Combined TRACON& Tower with Radar,22,28,35,64,149,0,1,17,10,28,22,29,52,74,177,0,62,62,239
08/26/2015,CRP,TX,ASW,CE,Combined TRACON& Tower with Radar,22,20,34,44,120,0,1,23,17,41,22,21,57,61,161,0,78,78,239
08/27/2015,CRP,TX,ASW,CE,Combined TRACON& Tower with Radar,24,22,24,50,120,0,0,26,14,40,24,22,50,64,160,0,14,14,174
08/28/2015,CRP,TX,ASW,CE,Combined TRACON& Tower with Radar,24,19,30,21,94,0,1,20,10,31,24,20,50,31,125,0,0,0,125
08/29/2015,CRP,TX,ASW,CE,Combined TRACON& Tower with Radar,18,10,10,29,67,0,3,13,25,41,18,13,23,54,108,0,128,128,236
08/30/2015,CRP,TX,ASW,CE,Combined TRACON& Tower with Radar,20,15,7,25,67,0,0,18,12,30,20,15,25,37,97,0,62,62,159
08/31/2015,CRP,TX,ASW,CE,Combined TRACON& Tower with Radar,24,23,17,23,87,0,0,10,10,20,24,23,27,33,107,0,32,32,139
09/01/2015,CRP,TX,ASW,CE,Combined TRACON& Tower with Radar,22,24,23,52,121,0,1,11,24,36,22,25,34,76,157,0,134,134,291
09/02/2015,CRP,TX,ASW,CE,Combined TRACON& Tower with Radar,22,18,25,43,108,0,2,19,11,32,22,20,44,54,140,18,32,50,190
09/03/2015,CRP,TX,ASW,CE,Combined TRACON& Tower with Radar,24,22,14,35,95,0,6,29,25,60,24,28,43,60,155,0,0,0,155
09/04/2015,CRP,TX,ASW,CE,Combined TRACON& Tower with Radar,22,23,26,23,94,0,1,14,6,21,22,24,40,29,115,0,136,136,251
09/05/2015,CRP,TX,ASW,CE,Combined TRACON& Tower with Radar,16,13,7,5,41,0,4,14,6,24,16,17,21,11,65,4,6,10,75
09/06/2015,CRP,TX,ASW,CE,Combined TRACON& Tower with Radar,13,12,9,14,48,0,1,17,7,25,13,13,26,21,73,14,28,42,115
09/07/2015,CRP,TX,ASW,CE,Combined TRACON& Tower with Radar,23,16,13,5,57,0,3,23,3,29,23,19,36,8,86,0,0,0,86
09/08/2015,CRP,TX,ASW,CE,Combined TRACON& Tower with Radar,23,23,28,44,118,0,0,26,14,40,23,23,54,58,158,0,16,16,174
09/09/2015,CRP,TX,ASW,CE,Combined TRACON& Tower with Radar,25,20,18,55,118,0,1,27,28,56,25,21,45,83,174,0,164,164,338
09/10/2015,CRP,TX,ASW,CE,Combined TRACON& Tower with Radar,26,20,23,14,83,0,1,12,16,29,26,21,35,30,112,0,102,102,214
09/11/2015,CRP,TX,ASW,CE,Combined TRACON& Tower with Radar,25,17,16,10,68,0,1,8,3,12,25,18,24,13,80,0,14,14,94
09/12/2015,CRP,TX,ASW,CE,Combined TRACON& Tower with Radar,16,10,14,55,95,0,0,21,8,29,16,10,35,63,124,2,38,40,164
09/13/2015,CRP,TX,ASW,CE,Combined TRACON& Tower with Radar,23,15,10,56,104,0,1,17,8,26,23,16,27,64,130,0,6,6,136
09/14/2015,CRP,TX,ASW,CE,Combined TRACON& Tower with Radar,26,14,18,57,115,0,1,24,22,47,26,15,42,79,162,0,92,92,254
09/15/2015,CRP,TX,ASW,CE,Combined TRACON& Tower with Radar,24,17,26,69,136,0,2,6,12,20,24,19,32,81,156,0,0,0,156
09/16/2015,CRP,TX,ASW,CE,Combined TRACON& Tower with Radar,22,19,18,40,99,0,3,17,3,23,22,22,35,43,122,0,42,42,164
09/17/2015,CRP,TX,ASW,CE,Combined TRACON& Tower with Radar,25,18,29,71,143,0,1,21,13,35,25,19,50,84,178,0,58,58,236
09/18/2015,CRP,TX,ASW,CE,Combined TRACON& Tower with Radar,29,18,28,24,99,0,3,14,5,22,29,21,42,29,121,0,86,86,207
09/19/2015,CRP,TX,ASW,CE,Combined TRACON& Tower with Radar,17,11,16,45,89,0,3,10,11,24,17,14,26,56,113,0,46,46,159
09/20/2015,CRP,TX,ASW,CE,Combined TRACON& Tower with Radar,20,12,7,37,76,0,2,13,4,19,20,14,20,41,95,2,8,10,105
09/21/2015,CRP,TX,ASW,CE,Combined TRACON& Tower with Radar,25,19,20,25,89,0,2,20,4,26,25,21,40,29,115,20,26,46,161
09/22/2015,CRP,TX,ASW,CE,Combined TRACON& Tower with Radar,24,21,33,33,111,0,2,20,0,22,24,23,53,33,133,0,0,0,133
09/23/2015,CRP,TX,ASW,CE,Combined TRACON& Tower with Radar,26,15,29,43,113,0,4,15,3,22,26,19,44,46,135,0,0,0,135
09/24/2015,CRP,TX,ASW,CE,Combined TRACON& Tower with Radar,26,19,40,70,155,0,4,15,14,33,26,23,55,84,188,0,14,14,202
09/25/2015,CRP,TX,ASW,CE,Combined TRACON& Tower with Radar,26,18,29,69,142,0,4,15,20,39,26,22,44,89,181,0,32,32,213
09/26/2015,CRP,TX,ASW,CE,Combined TRACON& Tower with Radar,17,14,14,55,100,0,0,13,3,16,17,14,27,58,116,0,4,4,120
09/27/2015,CRP,TX,ASW,CE,Combined TRACON& Tower with Radar,25,12,16,47,100,0,3,14,8,25,25,15,30,55,125,0,0,0,125
09/28/2015,CRP,TX,ASW,CE,Combined TRACON& Tower with Radar,24,18,14,80,136,0,1,20,6,27,24,19,34,86,163,0,12,12,175
09/29/2015,CRP,TX,ASW,CE,Combined TRACON& Tower with Radar,24,17,30,75,146,0,2,20,21,43,24,19,50,96,189,8,38,46,235
09/30/2015,CRP,TX,ASW,CE,Combined TRACON& Tower with Radar,26,17,19,58,120,0,6,23,3,32,26,23,42,61,152,0,76,76,228
10/01/2015,CRP,TX,ASW,CE,Combined TRACON& Tower with Radar,25,18,33,81,157,0,3,26,5,34,25,21,59,86,191,0,20,20,211
10/02/2015,CRP,TX,ASW,CE,Combined TRACON& Tower with Radar,27,19,28,49,123,0,2,26,22,50,27,21,54,71,173,0,22,22,195
10/03/2015,CRP,TX,ASW,CE,Combined TRACON& Tower with Radar,17,10,12,15,54,0,1,12,6,19,17,11,24,21,73,0,4,4,77
10/04/2015,CRP,TX,ASW,CE,Combined TRACON& Tower with Radar,22,10,10,26,68,0,2,25,12,39,22,12,35,38,107,4,84,88,195
10/05/2015,CRP,TX,ASW,CE,Combined TRACON& Tower with Radar,20,21,16,52,109,0,2,17,8,27,20,23,33,60,136,0,74,74,210
10/06/2015,CRP,TX,ASW,CE,Combined TRACON& Tower with Radar,20,26,25,59,130,0,2,39,4,45,20,28,64,63,175,0,12,12,187
10/07/2015,CRP,TX,ASW,CE,Combined TRACON& Tower with Radar,20,27,34,40,121,0,2,53,15,70,20,29,87,55,191,0,32,32,223
10/08/2015,CRP,TX,ASW,CE,Combined TRACON& Tower with Radar,18,28,39,49,134,0,3,24,10,37,18,31,63,59,171,0,32,32,203
10/09/2015,CRP,TX,ASW,CE,Combined TRACON& Tower with Radar,16,35,31,20,102,0,0,3,3,6,16,35,34,23,108,0,72,72,180
10/10/2015,CRP,TX,ASW,CE,Combined TRACON& Tower with Radar,13,18,9,35,75,0,2,19,2,23,13,20,28,37,98,0,16,16,114
10/11/2015,CRP,TX,ASW,CE,Combined TRACON& Tower with Radar,15,19,27,22,83,0,4,15,7,26,15,23,42,29,109,0,16,16,125
10/12/2015,CRP,TX,ASW,CE,Combined TRACON& Tower with Radar,17,23,25,5,70,0,1,28,2,31,17,24,53,7,101,8,16,24,125
10/13/2015,CRP,TX,ASW,CE,Combined TRACON& Tower with Radar,16,29,36,68,149,0,1,14,14,29,16,30,50,82,178,4,60,64,242
10/14/2015,CRP,TX,ASW,CE,Combined TRACON& Tower with Radar,20,23,33,49,125,0,3,39,17,59,20,26,72,66,184,4,85,89,273
10/15/2015,CRP,TX,ASW,CE,Combined TRACON& Tower with Radar,17,28,37,60,142,0,2,34,11,47,17,30,71,71,189,0,20,20,209
10/16/2015,CRP,TX,ASW,CE,Combined TRACON& Tower with Radar,19,32,27,50,128,0,5,24,12,41,19,37,51,62,169,0,34,34,203
10/17/2015,CRP,TX,ASW,CE,Combined TRACON& Tower with Radar,13,15,11,12,51,0,5,30,12,47,13,20,41,24,98,0,0,0,98
10/18/2015,CRP,TX,ASW,CE,Combined TRACON& Tower with Radar,15,21,9,23,68,0,2,26,6,34,15,23,35,29,102,2,24,26,128
10/19/2015,CRP,TX,ASW,CE,Combined TRACON& Tower with Radar,18,25,31,49,123,0,0,22,12,34,18,25,53,61,157,0,54,54,211
10/20/2015,CRP,TX,ASW,CE,Combined TRACON& Tower with Radar,22,22,40,49,133,0,2,39,22,63,22,24,79,71,196,52,98,150,346
10/21/2015,CRP,TX,ASW,CE,Combined TRACON& Tower with Radar,21,23,35,60,139,0,6,10,4,20,21,29,45,64,159,0,18,18,177
10/22/2015,CRP,TX,ASW,CE,Combined TRACON& Tower with Radar,17,26,29,25,97,0,0,1,0,1,17,26,30,25,98,0,0,0,98
10/23/2015,CRP,TX,ASW,CE,Combined TRACON& Tower with Radar,11,20,23,23,77,0,1,4,1,6,11,21,27,24,83,0,0,0,83
10/24/2015,CRP,TX,ASW,CE,Combined TRACON& Tower with Radar,16,11,1,2,30,0,0,0,0,0,16,11,1,2,30,0,0,0,30
10/25/2015,CRP,TX,ASW,CE,Combined TRACON& Tower with Radar,14,25,8,7,54,0,0,3,0,3,14,25,11,7,57,0,0,0,57
10/26/2015,CRP,TX,ASW,CE,Combined TRACON& Tower with Radar,21,20,16,79,136,0,0,22,23,45,21,20,38,102,181,0,74,74,255
10/27/2015,CRP,TX,ASW,CE,Combined TRACON& Tower with Radar,18,29,33,60,140,0,3,41,10,54,18,32,74,70,194,0,34,34,228
10/28/2015,CRP,TX,ASW,CE,Combined TRACON& Tower with Radar,19,29,34,67,149,0,3,52,20,75,19,32,86,87,224,6,48,54,278
10/29/2015,CRP,TX,ASW,CE,Combined TRACON& Tower with Radar,20,29,28,65,142,0,1,17,7,25,20,30,45,72,167,0,52,52,219
10/30/2015,CRP,TX,ASW,CE,Combined TRACON& Tower with Radar,19,25,22,22,88,0,0,1,0,1,19,25,23,22,89,0,0,0,89
10/31/2015,CRP,TX,ASW,CE,Combined TRACON& Tower with Radar,15,21,5,36,77,0,0,15,10,25,15,21,20,46,102,0,0,0,102
11/01/2015,CRP,TX,ASW,CE,Combined TRACON& Tower with Radar,17,30,18,70,135,0,4,25,2,31,17,34,43,72,166,0,0,0,166
11/02/2015,CRP,TX,ASW,CE,Combined TRACON& Tower with Radar,20,20,30,50,120,0,0,39,23,62,20,20,69,73,182,2,160,162,344
11/03/2015,CRP,TX,ASW,CE,Combined TRACON& Tower with Radar,19,28,31,63,141,0,1,26,13,40,19,29,57,76,181,0,42,42,223
11/04/2015,CRP,TX,ASW,CE,Combined TRACON& Tower with Radar,19,25,47,49,140,0,0,15,3,18,19,25,62,52,158,12,30,42,200
11/05/2015,CRP,TX,ASW,CE,Combined TRACON& Tower with Radar,18,28,41,38,125,0,2,5,16,23,18,30,46,54,148,0,92,92,240
11/06/2015,CRP,TX,ASW,CE,Combined TRACON& Tower with Radar,18,26,51,40,135,0,0,13,3,16,18,26,64,43,151,8,10,18,169
11/07/2015,CRP,TX,ASW,CE,Combined TRACON& Tower with Radar,13,16,10,8,47,0,0,0,0,0,13,16,10,8,47,0,0,0,47
11/08/2015,CRP,TX,ASW,CE,Combined TRACON& Tower with Radar,18,15,25,40,98,0,3,28,5,36,18,18,53,45,134,2,10,12,146
11/09/2015,CRP,TX,ASW,CE,Combined TRACON& Tower with Radar,22,23,19,65,129,0,1,26,11,38,22,24,45,76,167,0,26,26,193
11/10/2015,CRP,TX,ASW,CE,Combined TRACON& Tower with Radar,20,23,33,65,141,0,3,12,11,26,20,26,45,76,167,0,6,6,173
11/11/2015,CRP,TX,ASW,CE,Combined TRACON& Tower with Radar,20,33,34,21,108,0,3,21,9,33,20,36,55,30,141,0,54,54,195
11/12/2015,CRP,TX,ASW,CE,Combined TRACON& Tower with Radar,20,24,35,75,154,0,1,31,4,36,20,25,66,79,190,0,22,22,212
11/13/2015,CRP,TX,ASW,CE,Combined TRACON& Tower with Radar,21,30,29,48,128,0,1,19,7,27,21,31,48,55,155,0,4,4,159
11/14/2015,CRP,TX,ASW,CE,Combined TRACON& Tower with Radar,13,17,14,53,97,0,3,23,67,93,13,20,37,120,190,2,304,306,496
11/15/2015,CRP,TX,ASW,CE,Combined TRACON& Tower with Radar,18,19,11,45,93,0,2,6,22,30,18,21,17,67,123,0,108,108,231
11/16/2015,CRP,TX,ASW,CE,Combined TRACON& Tower with Radar,19,21,27,44,111,0,0,3,7,10,19,21,30,51,121,0,44,44,165
11/17/2015,CRP,TX,ASW,CE,Combined TRACON& Tower with Radar,31,27,28,76,162,0,3,6,7,16,31,30,34,83,178,0,24,24,202
11/18/2015,CRP,TX,ASW,CE,Combined TRACON& Tower with Radar,20,31,31,39,121,0,3,33,6,42,20,34,64,45,163,0,4,4,167
11/19/2015,CRP,TX,ASW,CE,Combined TRACON& Tower with Radar,18,29,36,15,98,0,11,39,6,56,18,40,75,21,154,0,4,4,158
11/20/2015,CRP,TX,ASW,CE,Combined TRACON& Tower with Radar,18,29,44,37,128,0,2,13,7,22,18,31,57,44,150,0,10,10,160
11/21/2015,CRP,TX,ASW,CE,Combined TRACON& Tower with Radar,12,16,8,10,46,0,2,5,5,12,12,18,13,15,58,0,8,8,66
11/22/2015,CRP,TX,ASW,CE,Combined TRACON& Tower with Radar,18,19,12,37,86,0,0,20,33,53,18,19,32,70,139,0,126,126,265
11/23/2015,CRP,TX,ASW,CE,Combined TRACON& Tower with Radar,18,20,20,21,79,0,3,21,16,40,18,23,41,37,119,8,10,18,137
11/24/2015,CRP,TX,ASW,CE,Combined TRACON& Tower with Radar,21,24,30,35,110,0,2,20,16,38,21,26,50,51,148,0,56,56,204
11/25/2015,CRP,TX,ASW,CE,Combined TRACON& Tower with Radar,25,21,21,26,93,0,0,5,2,7,25,21,26,28,100,0,24,24,124
11/26/2015,CRP,TX,ASW,CE,Combined TRACON& Tower with Radar,8,18,4,0,30,0,1,2,0,3,8,19,6,0,33,0,0,0,33
11/27/2015,CRP,TX,ASW,CE,Combined TRACON& Tower with Radar,18,21,4,0,43,0,0,6,1,7,18,21,10,1,50,0,0,0,50
11/28/2015,CRP,TX,ASW,CE,Combined TRACON& Tower with Radar,17,24,2,0,43,0,0,0,0,0,17,24,2,0,43,0,0,0,43
11/29/2015,CRP,TX,ASW,CE,Combined TRACON& Tower with Radar,28,20,20,0,68,0,0,0,0,0,28,20,20,0,68,0,0,0,68
11/30/2015,CRP,TX,ASW,CE,Combined TRACON& Tower with Radar,25,20,15,89,149,0,0,0,1,1,25,20,15,90,150,0,4,4,154
12/01/2015,CRP,TX,ASW,CE,Combined TRACON& Tower with Radar,25,22,28,81,156,0,0,0,0,0,25,22,28,81,156,0,0,0,156
12/02/2015,CRP,TX,ASW,CE,Combined TRACON& Tower with Radar,28,16,41,66,151,0,6,22,15,43,28,22,63,81,194,0,10,10,204
12/03/2015,CRP,TX,ASW,CE,Combined TRACON& Tower with Radar,28,21,33,78,160,0,2,36,35,73,28,23,69,113,233,0,124,124,357
12/04/2015,CRP,TX,ASW,CE,Combined TRACON& Tower with Radar,26,17,31,75,149,0,3,35,27,65,26,20,66,102,214,0,36,36,250
12/05/2015,CRP,TX,ASW,CE,Combined TRACON& Tower with Radar,17,11,1,37,66,0,2,15,27,44,17,13,16,64,110,0,112,112,222
12/06/2015,CRP,TX,ASW,CE,Combined TRACON& Tower with Radar,23,11,11,44,89,0,1,26,19,46,23,12,37,63,135,0,142,142,277
12/07/2015,CRP,TX,ASW,CE,Combined TRACON& Tower with Radar,28,20,29,53,130,0,1,31,6,38,28,21,60,59,168,10,0,10,178
12/08/2015,CRP,TX,ASW,CE,Combined TRACON& Tower with Radar,28,20,37,57,142,0,7,22,18,47,28,27,59,75,189,6,154,160,349
12/09/2015,CRP,TX,ASW,CE,Combined TRACON& Tower with Radar,26,20,23,45,114,0,1,29,4,34,26,21,52,49,148,0,12,12,160
12/10/2015,CRP,TX,ASW,CE,Combined TRACON& Tower with Radar,27,23,35,28,113,0,3,33,13,49,27,26,68,41,162,0,58,58,220
12/11/2015,CRP,TX,ASW,CE,Combined TRACON& Tower with Radar,26,13,45,8,92,0,0,8,6,14,26,13,53,14,106,0,0,0,106
12/12/2015,CRP,TX,ASW,CE,Combined TRACON& Tower with Radar,14,7,18,2,41,0,0,0,0,0,14,7,18,2,41,0,0,0,41
12/13/2015,CRP,TX,ASW,CE,Combined TRACON& Tower with Radar,23,8,19,23,73,0,5,14,23,42,23,13,33,46,115,12,62,74,189
12/14/2015,CRP,TX,ASW,CE,Combined TRACON& Tower with Radar,26,10,26,51,113,0,1,29,22,52,26,11,55,73,165,2,94,96,261
12/15/2015,CRP,TX,ASW,CE,Combined TRACON& Tower with Radar,28,23,31,34,116,0,0,13,6,19,28,23,44,40,135,0,28,28,163
12/16/2015,CRP,TX,ASW,CE,Combined TRACON& Tower with Radar,25,20,31,71,147,0,3,24,24,51,25,23,55,95,198,0,66,66,264
12/17/2015,CRP,TX,ASW,CE,Combined TRACON& Tower with Radar,18,25,39,55,137,0,4,32,38,74,18,29,71,93,211,0,66,66,277
12/18/2015,CRP,TX,ASW,CE,Combined TRACON& Tower with Radar,20,25,35,78,158,0,0,25,17,42,20,25,60,95,200,0,64,64,264
12/19/2015,CRP,TX,ASW,CE,Combined TRACON& Tower with Radar,17,23,14,25,79,0,1,17,14,32,17,24,31,39,111,8,94,102,213
12/20/2015,CRP,TX,ASW,CE,Combined TRACON& Tower with Radar,16,19,14,14,63,0,2,8,8,18,16,21,22,22,81,0,40,40,121
12/21/2015,CRP,TX,ASW,CE,Combined TRACON& Tower with Radar,19,20,34,16,89,0,5,10,14,29,19,25,44,30,118,4,72,76,194
12/22/2015,CRP,TX,ASW,CE,Combined TRACON& Tower with Radar,21,33,26,23,103,0,2,5,6,13,21,35,31,29,116,20,12,32,148
12/23/2015,CRP,TX,ASW,CE,Combined TRACON& Tower with Radar,20,36,17,19,92,0,4,33,10,47,20,40,50,29,139,10,4,14,153
12/24/2015,CRP,TX,ASW,CE,Combined TRACON& Tower with Radar,13,22,19,0,54,0,0,5,2,7,13,22,24,2,61,0,16,16,77
12/25/2015,CRP,TX,ASW,CE,Combined TRACON& Tower with Radar,14,12,7,0,33,0,2,0,0,2,14,14,7,0,35,0,0,0,35
12/26/2015,CRP,TX,ASW,CE,Combined TRACON& Tower with Radar,16,23,19,0,58,0,1,0,0,1,16,24,19,0,59,0,0,0,59
12/27/2015,CRP,TX,ASW,CE,Combined TRACON& Tower with Radar,24,16,11,0,51,0,1,0,0,1,24,17,11,0,52,0,0,0,52
12/28/2015,CRP,TX,ASW,CE,Combined TRACON& Tower with Radar,16,20,19,21,76,0,4,21,2,27,16,24,40,23,103,0,36,36,139
12/29/2015,CRP,TX,ASW,CE,Combined TRACON& Tower with Radar,19,20,30,12,81,0,0,6,2,8,19,20,36,14,89,10,0,10,99
12/30/2015,CRP,TX,ASW,CE,Combined TRACON& Tower with Radar,17,23,15,14,69,0,1,0,0,1,17,24,15,14,70,0,0,0,70
12/31/2015,CRP,TX,ASW,CE,Combined TRACON& Tower with Radar,12,22,16,0,50,0,2,4,1,7,12,24,20,1,57,0,0,0,57
01/01/2016,CRP,TX,ASW,CE,Combined TRACON& Tower with Radar,17,18,8,0,43,0,2,0,0,2,17,20,8,0,45,0,0,0,45
01/02/2016,CRP,TX,ASW,CE,Combined TRACON& Tower with Radar,19,20,9,0,48,0,0,1,0,1,19,20,10,0,49,0,0,0,49
01/03/2016,CRP,TX,ASW,CE,Combined TRACON& Tower with Radar,17,24,22,7,70,0,1,11,1,13,17,25,33,8,83,0,12,12,95
01/04/2016,CRP,TX,ASW,CE,Combined TRACON& Tower with Radar,23,18,9,50,100,0,1,30,11,42,23,19,39,61,142,18,164,182,324
01/05/2016,CRP,TX,ASW,CE,Combined TRACON& Tower with Radar,26,16,12,52,106,0,3,10,10,23,26,19,22,62,129,0,34,34,163
01/06/2016,CRP,TX,ASW,CE,Combined TRACON& Tower with Radar,24,20,23,33,100,0,2,4,11,17,24,22,27,44,117,0,155,155,272
01/07/2016,CRP,TX,ASW,CE,Combined TRACON& Tower with Radar,24,14,30,66,134,0,2,8,18,28,24,16,38,84,162,0,122,122,284
01/08/2016,CRP,TX,ASW,CE,Combined TRACON& Tower with Radar,23,14,34,37,108,0,1,4,5,10,23,15,38,42,118,0,0,0,118
01/09/2016,CRP,TX,ASW,CE,Combined TRACON& Tower with Radar,15,16,15,94,140,0,3,18,37,58,15,19,33,131,198,0,198,198,396
01/10/2016,CRP,TX,ASW,CE,Combined TRACON& Tower with Radar,15,11,12,74,112,0,3,17,27,47,15,14,29,101,159,0,94,94,253
01/11/2016,CRP,TX,ASW,CE,Combined TRACON& Tower with Radar,21,14,20,55,110,0,5,12,3,20,21,19,32,58,130,0,14,14,144
01/12/2016,CRP,TX,ASW,CE,Combined TRACON& Tower with Radar,26,11,23,73,133,0,2,12,12,26,26,13,35,85,159,0,48,48,207
01/13/2016,CRP,TX,ASW,CE,Combined TRACON& Tower with Radar,24,12,43,71,150,0,2,29,26,57,24,14,72,97,207,0,80,80,287
01/14/2016,CRP,TX,ASW,CE,Combined TRACON& Tower with Radar,24,15,42,95,176,0,2,15,5,22,24,17,57,100,198,2,86,88,286
01/15/2016,CRP,TX,ASW,CE,Combined TRACON& Tower with Radar,24,14,36,81,155,0,2,20,13,35,24,16,56,94,190,4,48,52,242
01/16/2016,CRP,TX,ASW,CE,Combined TRACON& Tower with Radar,19,5,14,14,52,0,0,0,0,0,19,5,14,14,52,0,0,0,52
01/17/2016,CRP,TX,ASW,CE,Combined TRACON& Tower with Radar,21,8,17,36,82,0,0,32,7,39,21,8,49,43,121,2,64,66,187
01/18/2016,CRP,TX,ASW,CE,Combined TRACON& Tower with Radar,24,9,32,95,160,0,1,27,5,33,24,10,59,100,193,0,16,16,209
01/19/2016,CRP,TX,ASW,CE,Combined TRACON& Tower with Radar,26,16,21,41,104,0,1,9,14,24,26,17,30,55,128,0,46,46,174
01/20/2016,CRP,TX,ASW,CE,Combined TRACON& Tower with Radar,24,11,32,49,116,0,1,13,5,19,24,12,45,54,135,0,80,80,215
01/21/2016,CRP,TX,ASW,CE,Combined TRACON& Tower with Radar,26,12,28,102,168,0,2,10,1,13,26,14,38,103,181,0,0,0,181
01/22/2016,CRP,TX,ASW,CE,Combined TRACON& Tower with Radar,29,16,14,67,126,0,2,33,20,55,29,18,47,87,181,0,72,72,253
01/23/2016,CRP,TX,ASW,CE,Combined TRACON& Tower with Radar,18,8,10,39,75,0,0,47,23,70,18,8,57,62,145,6,60,66,211
01/24/2016,CRP,TX,ASW,CE,Combined TRACON& Tower with Radar,17,14,8,49,88,0,5,25,10,40,17,19,33,59,128,8,108,116,244
01/25/2016,CRP,TX,ASW,CE,Combined TRACON& Tower with Radar,22,11,28,40,101,0,5,24,6,35,22,16,52,46,136,4,6,10,146
01/26/2016,CRP,TX,ASW,CE,Combined TRACON& Tower with Radar,26,12,22,35,95,0,4,6,9,19,26,16,28,44,114,0,38,38,152
01/27/2016,CRP,TX,ASW,CE,Combined TRACON& Tower with Radar,23,13,18,60,114,0,0,12,12,24,23,13,30,72,138,0,4,4,142
01/28/2016,CRP,TX,ASW,CE,Combined TRACON& Tower with Radar,23,21,42,84,170,0,4,26,1,31,23,25,68,85,201,0,16,16,217
01/29/2016,CRP,TX,ASW,CE,Combined TRACON& Tower with Radar,23,16,29,60,128,0,2,26,15,43,23,18,55,75,171,0,78,78,249
01/30/2016,CRP,TX,ASW,CE,Combined TRACON& Tower with Radar,18,13,8,17,56,0,2,14,10,26,18,15,22,27,82,0,26,26,108
01/31/2016,CRP,TX,ASW,CE,Combined TRACON& Tower with Radar,22,7,12,33,74,0,1,28,10,39,22,8,40,43,113,0,14,14,127
02/01/2016,CRP,TX,ASW,CE,Combined TRACON& Tower with Radar,24,19,16,66,125,0,1,8,5,14,24,20,24,71,139,0,76,76,215
02/02/2016,CRP,TX,ASW,CE,Combined TRACON& Tower with Radar,24,13,20,93,150,0,1,11,2,14,24,14,31,95,164,0,26,26,190
02/03/2016,CRP,TX,ASW,CE,Combined TRACON& Tower with Radar,24,15,40,73,152,0,6,23,29,58,24,21,63,102,210,0,58,58,268
02/04/2016,CRP,TX,ASW,CE,Combined TRACON& Tower with Radar,24,13,32,94,163,0,2,24,12,38,24,15,56,106,201,0,71,71,272
02/05/2016,CRP,TX,ASW,CE,Combined TRACON& Tower with Radar,26,14,19,47,106,0,3,16,10,29,26,17,35,57,135,0,34,34,169
02/06/2016,CRP,TX,ASW,CE,Combined TRACON& Tower with Radar,20,6,14,48,88,0,2,15,17,34,20,8,29,65,122,0,38,38,160
02/07/2016,CRP,TX,ASW,CE,Combined TRACON& Tower with Radar,16,8,8,46,78,0,5,29,9,43,16,13,37,55,121,0,32,32,153
02/08/2016,CRP,TX,ASW,CE,Combined TRACON& Tower with Radar,26,16,21,71,134,0,2,25,7,34,26,18,46,78,168,0,20,20,188
02/09/2016,CRP,TX,ASW,CE,Combined TRACON& Tower with Radar,24,16,31,76,147,0,5,28,14,47,24,21,59,90,194,0,72,72,266
02/10/2016,CRP,TX,ASW,CE,Combined TRACON& Tower with Radar,24,15,21,41,101,0,3,26,13,42,24,18,47,54,143,0,40,40,183
02/11/2016,CRP,TX,ASW,CE,Combined TRACON& Tower with Radar,24,20,33,49,126,0,4,29,22,55,24,24,62,71,181,0,114,114,295
02/12/2016,CRP,TX,ASW,CE,Combined TRACON& Tower with Radar,22,20,25,41,108,0,3,29,11,43,22,23,54,52,151,0,16,16,167
02/13/2016,CRP,TX,ASW,CE,Combined TRACON& Tower with Radar,20,10,14,28,72,0,3,23,6,32,20,13,37,34,104,14,30,44,148
02/14/2016,CRP,TX,ASW,CE,Combined TRACON& Tower with Radar,20,9,9,29,67,0,2,9,5,16,20,11,18,34,83,0,26,26,109
02/15/2016,CRP,TX,ASW,CE,Combined TRACON& Tower with Radar,24,16,18,37,95,0,2,25,7,34,24,18,43,44,129,6,28,34,163
02/16/2016,CRP,TX,ASW,CE,Combined TRACON& Tower with Radar,24,22,25,50,121,0,1,23,8,32,24,23,48,58,153,26,74,100,253
02/17/2016,CRP,TX,ASW,CE,Combined TRACON& Tower with Radar,27,16,23,42,108,0,2,21,40,63,27,18,44,82,171,0,272,272,443
02/18/2016,CRP,TX,ASW,CE,Combined TRACON& Tower with Radar,24,22,29,47,122,0,1,35,18,54,24,23,64,65,176,0,52,52,228
02/19/2016,CRP,TX,ASW,CE,Combined TRACON& Tower with Radar,24,16,30,41,111,0,1,16,7,24,24,17,46,48,135,0,42,42,177
02/20/2016,CRP,TX,ASW,CE,Combined TRACON& Tower with Radar,18,7,8,17,50,0,1,5,12,18,18,8,13,29,68,0,0,0,68
02/21/2016,CRP,TX,ASW,CE,Combined TRACON& Tower with Radar,19,12,31,53,115,0,2,9,11,22,19,14,40,64,137,10,16,26,163
02/22/2016,CRP,TX,ASW,CE,Combined TRACON& Tower with Radar,25,23,22,73,143,0,3,4,7,14,25,26,26,80,157,0,22,22,179
02/23/2016,CRP,TX,ASW,CE,Combined TRACON& Tower with Radar,24,24,27,67,142,0,0,9,7,16,24,24,36,74,158,0,26,26,184
02/24/2016,CRP,TX,ASW,CE,Combined TRACON& Tower with Radar,28,17,21,56,122,0,1,26,13,40,28,18,47,69,162,0,30,30,192
02/25/2016,CRP,TX,ASW,CE,Combined TRACON& Tower with Radar,24,21,34,54,133,0,3,27,10,40,24,24,61,64,173,0,20,20,193
02/26/2016,CRP,TX,ASW,CE,Combined TRACON& Tower with Radar,26,16,43,35,120,0,3,26,20,49,26,19,69,55,169,0,40,40,209
02/27/2016,CRP,TX,ASW,CE,Combined TRACON& Tower with Radar,18,8,19,26,71,0,3,10,2,15,18,11,29,28,86,0,36,36,122
02/28/2016,CRP,TX,ASW,CE,Combined TRACON& Tower with Radar,20,16,20,40,96,0,1,9,11,21,20,17,29,51,117,0,0,0,117
02/29/2016,CRP,TX,ASW,CE,Combined TRACON& Tower with Radar,24,14,24,73,135,0,2,18,8,28,24,16,42,81,163,0,44,44,207
03/01/2016,CRP,TX,ASW,CE,Combined TRACON& Tower with Radar,25,20,25,47,117,0,0,10,8,18,25,20,35,55,135,6,86,92,227
03/02/2016,CRP,TX,ASW,CE,Combined TRACON& Tower with Radar,29,8,23,35,95,0,0,25,8,33,29,8,48,43,128,0,80,80,208
03/03/2016,CRP,TX,ASW,CE,Combined TRACON& Tower with Radar,21,21,19,45,106,0,2,9,10,21,21,23,28,55,127,16,6,22,149
03/04/2016,CRP,TX,ASW,CE,Combined TRACON& Tower with Radar,20,21,31,29,101,0,1,26,21,48,20,22,57,50,149,0,76,76,225
03/05/2016,CRP,TX,ASW,CE,Combined TRACON& Tower with Radar,17,9,12,21,59,0,1,17,10,28,17,10,29,31,87,0,0,0,87
03/06/2016,CRP,TX,ASW,CE,Combined TRACON& Tower with Radar,20,12,16,27,75,0,2,13,3,18,20,14,29,30,93,0,0,0,93
03/07/2016,CRP,TX,ASW,CE,Combined TRACON& Tower with Radar,19,21,13,26,79,0,7,4,3,14,19,28,17,29,93,0,50,50,143
03/08/2016,CRP,TX,ASW,CE,Combined TRACON& Tower with Radar,21,18,21,54,114,0,0,0,5,5,21,18,21,59,119,0,42,42,161
03/09/2016,CRP,TX,ASW,CE,Combined TRACON& Tower with Radar,20,20,6,3,49,0,0,0,0,0,20,20,6,3,49,0,0,0,49
03/10/2016,CRP,TX,ASW,CE,Combined TRACON& Tower with Radar,20,22,25,112,179,0,2,6,12,20,20,24,31,124,199,0,78,78,277
03/11/2016,CRP,TX,ASW,CE,Combined TRACON& Tower with Radar,20,24,28,53,125,0,0,3,30,33,20,24,31,83,158,26,110,136,294
03/12/2016,CRP,TX,ASW,CE,Combined TRACON& Tower with Radar,20,8,8,54,90,0,0,22,21,43,20,8,30,75,133,0,50,50,183
03/13/2016,CRP,TX,ASW,CE,Combined TRACON& Tower with Radar,21,15,11,53,100,0,1,24,10,35,21,16,35,63,135,4,22,26,161
03/14/2016,CRP,TX,ASW,CE,Combined TRACON& Tower with Radar,23,19,17,44,103,0,0,13,6,19,23,19,30,50,122,0,70,70,192
03/15/2016,CRP,TX,ASW,CE,Combined TRACON& Tower with Radar,20,23,35,61,139,0,5,17,6,28,20,28,52,67,167,4,54,58,225
03/16/2016,CRP,TX,ASW,CE,Combined TRACON& Tower with Radar,20,22,37,39,118,0,2,14,2,18,20,24,51,41,136,20,102,122,258
03/17/2016,CRP,TX,ASW,CE,Combined TRACON& Tower with Radar,22,25,44,39,130,0,1,2,2,5,22,26,46,41,135,0,72,72,207
03/18/2016,CRP,TX,ASW,CE,Combined TRACON& Tower with Radar,23,25,31,61,140,0,1,3,5,9,23,26,34,66,149,0,26,26,175
03/19/2016,CRP,TX,ASW,CE,Combined TRACON& Tower with Radar,23,16,5,66,110,0,2,6,14,22,23,18,11,80,132,0,68,68,200
03/20/2016,CRP,TX,ASW,CE,Combined TRACON& Tower with Radar,21,11,22,35,89,0,3,20,35,58,21,14,42,70,147,0,178,178,325
03/21/2016,CRP,TX,ASW,CE,Combined TRACON& Tower with Radar,24,20,21,42,107,0,1,31,14,46,24,21,52,56,153,6,98,104,257
03/22/2016,CRP,TX,ASW,CE,Combined TRACON& Tower with Radar,23,20,25,49,117,0,0,16,12,28,23,20,41,61,145,0,0,0,145
03/23/2016,CRP,TX,ASW,CE,Combined TRACON& Tower with Radar,22,22,19,65,128,0,1,4,17,22,22,23,23,82,150,0,140,140,290
03/24/2016,CRP,TX,ASW,CE,Combined TRACON& Tower with Radar,19,21,28,101,169,0,3,11,15,29,19,24,39,116,198,0,68,68,266
03/25/2016,CRP,TX,ASW,CE,Combined TRACON& Tower with Radar,24,18,25,48,115,0,0,21,12,33,24,18,46,60,148,0,8,8,156
03/26/2016,CRP,TX,ASW,CE,Combined TRACON& Tower with Radar,22,8,10,5,45,0,1,7,3,11,22,9,17,8,56,0,0,0,56
03/27/2016,CRP,TX,ASW,CE,Combined TRACON& Tower with Radar,21,12,15,5,53,0,1,9,3,13,21,13,24,8,66,0,18,18,84
03/28/2016,CRP,TX,ASW,CE,Combined TRACON& Tower with Radar,19,20,16,49,104,0,1,4,9,14,19,21,20,58,118,6,26,32,150
03/29/2016,CRP,TX,ASW,CE,Combined TRACON& Tower with Radar,24,25,30,46,125,0,0,4,0,4,24,25,34,46,129,0,34,34,163
03/30/2016,CRP,TX,ASW,CE,Combined TRACON& Tower with Radar,22,29,33,38,122,0,0,0,0,0,22,29,33,38,122,0,0,0,122
03/31/2016,CRP,TX,ASW,CE,Combined TRACON& Tower with Radar,22,22,26,44,114,0,6,42,15,63,22,28,68,59,177,20,94,114,291
04/01/2016,CRP,TX,ASW,CE,Combined TRACON& Tower with Radar,25,19,43,85,172,0,4,22,13,39,25,23,65,98,211,0,90,90,301
04/02/2016,CRP,TX,ASW,CE,Combined TRACON& Tower with Radar,24,6,10,52,92,0,0,25,17,42,24,6,35,69,134,46,60,106,240
04/03/2016,CRP,TX,ASW,CE,Combined TRACON& Tower with Radar,19,14,12,27,72,0,2,28,21,51,19,16,40,48,123,22,94,116,239
04/04/2016,CRP,TX,ASW,CE,Combined TRACON& Tower with Radar,24,16,16,79,135,0,4,32,27,63,24,20,48,106,198,0,214,214,412
04/05/2016,CRP,TX,ASW,CE,Combined TRACON& Tower with Radar,21,26,31,70,148,0,1,32,15,48,21,27,63,85,196,10,136,146,342
04/06/2016,CRP,TX,ASW,CE,Combined TRACON& Tower with Radar,22,26,34,65,147,0,5,23,28,56,22,31,57,93,203,0,128,128,331
04/07/2016,CRP,TX,ASW,CE,Combined TRACON& Tower with Radar,26,17,29,98,170,0,0,14,7,21,26,17,43,105,191,0,10,10,201
04/08/2016,CRP,TX,ASW,CE,Combined TRACON& Tower with Radar,21,24,18,43,106,0,4,13,15,32,21,28,31,58,138,0,76,76,214
04/09/2016,CRP,TX,ASW,CE,Combined TRACON& Tower with Radar,18,8,11,17,54,0,2,8,9,19,18,10,19,26,73,0,72,72,145
04/10/2016,CRP,TX,ASW,CE,Combined TRACON& Tower with Radar,19,17,16,24,76,0,0,14,4,18,19,17,30,28,94,0,34,34,128
04/11/2016,CRP,TX,ASW,CE,Combined TRACON& Tower with Radar,22,17,37,95,171,0,3,10,4,17,22,20,47,99,188,0,114,114,302
04/12/2016,CRP,TX,ASW,CE,Combined TRACON& Tower with Radar,22,24,35,83,164,0,0,4,1,5,22,24,39,84,169,0,30,30,199
04/13/2016,CRP,TX,ASW,CE,Combined TRACON& Tower with Radar,22,29,25,116,192,0,0,7,9,16,22,29,32,125,208,20,50,70,278
04/14/2016,CRP,TX,ASW,CE,Combined TRACON& Tower with Radar,26,21,34,77,158,0,6,26,11,43,26,27,60,88,201,0,118,118,319
04/15/2016,CRP,TX,ASW,CE,Combined TRACON& Tower with Radar,22,22,22,59,125,0,6,19,23,48,22,28,41,82,173,0,94,94,267
04/16/2016,CRP,TX,ASW,CE,Combined TRACON& Tower with Radar,19,8,15,46,88,0,0,0,0,0,19,8,15,46,88,0,12,12,100
04/17/2016,CRP,TX,ASW,CE,Combined TRACON& Tower with Radar,20,13,10,31,74,0,0,0,1,1,20,13,10,32,75,0,4,4,79
04/18/2016,CRP,TX,ASW,CE,Combined TRACON& Tower with Radar,15,9,10,32,66,0,0,0,2,2,15,9,10,34,68,0,0,0,68
04/19/2016,CRP,TX,ASW,CE,Combined TRACON& Tower with Radar,22,19,30,97,168,0,2,4,0,6,22,21,34,97,174,22,8,30,204
04/20/2016,CRP,TX,ASW,CE,Combined TRACON& Tower with Radar,22,26,16,109,173,0,2,12,17,31,22,28,28,126,204,40,118,158,362
04/21/2016,CRP,TX,ASW,CE,Combined TRACON& Tower with Radar,26,24,46,23,119,0,1,11,0,12,26,25,57,23,131,4,8,12,143
04/22/2016,CRP,TX,ASW,CE,Combined TRACON& Tower with Radar,22,24,21,78,145,0,3,41,17,61,22,27,62,95,206,0,58,58,264
04/23/2016,CRP,TX,ASW,CE,Combined TRACON& Tower with Radar,17,11,13,18,59,0,4,21,11,36,17,15,34,29,95,6,88,94,189
04/24/2016,CRP,TX,ASW,CE,Combined TRACON& Tower with Radar,21,15,23,21,80,0,0,5,6,11,21,15,28,27,91,0,4,4,95
04/25/2016,CRP,TX,ASW,CE,Combined TRACON& Tower with Radar,22,22,27,105,176,0,1,4,5,10,22,23,31,110,186,0,30,30,216
04/26/2016,CRP,TX,ASW,CE,Combined TRACON& Tower with Radar,23,21,49,65,158,0,1,3,2,6,23,22,52,67,164,4,0,4,168
04/27/2016,CRP,TX,ASW,CE,Combined TRACON& Tower with Radar,23,31,42,66,162,0,0,24,22,46,23,31,66,88,208,0,64,64,272
04/28/2016,CRP,TX,ASW,CE,Combined TRACON& Tower with Radar,22,21,30,85,158,0,0,7,0,7,22,21,37,85,165,0,26,26,191
04/29/2016,CRP,TX,ASW,CE,Combined TRACON& Tower with Radar,21,18,16,67,122,0,3,3,4,10,21,21,19,71,132,0,32,32,164
04/30/2016,CRP,TX,ASW,CE,Combined TRACON& Tower with Radar,20,11,9,35,75,0,1,15,34,50,20,12,24,69,125,0,146,146,271
05/01/2016,CRP,TX,ASW,CE,Combined TRACON& Tower with Radar,19,14,21,39,93,0,1,8,12,21,19,15,29,51,114,36,122,158,272
05/02/2016,CRP,TX,ASW,CE,Combined TRACON& Tower with Radar,22,16,21,110,169,0,6,9,52,67,22,22,30,162,236,0,160,160,396
05/03/2016,CRP,TX,ASW,CE,Combined TRACON& Tower with Radar,22,23,28,109,182,0,3,25,48,76,22,26,53,157,258,0,38,38,296
05/04/2016,CRP,TX,ASW,CE,Combined TRACON& Tower with Radar,22,25,24,90,161,0,4,38,60,102,22,29,62,150,263,0,100,100,363
05/05/2016,CRP,TX,ASW,CE,Combined TRACON& Tower with Radar,22,20,12,79,133,0,5,33,45,83,22,25,45,124,216,10,178,188,404
05/06/2016,CRP,TX,ASW,CE,Combined TRACON& Tower with Radar,22,26,18,88,154,0,1,36,10,47,22,27,54,98,201,0,22,22,223
05/07/2016,CRP,TX,ASW,CE,Combined TRACON& Tower with Radar,19,8,7,41,75,0,1,22,17,40,19,9,29,58,115,22,128,150,265
05/08/2016,CRP,TX,ASW,CE,Combined TRACON& Tower with Radar,21,11,6,54,92,0,0,12,21,33,21,11,18,75,125,2,140,142,267
05/09/2016,CRP,TX,ASW,CE,Combined TRACON& Tower with Radar,21,24,26,72,143,0,0,7,13,20,21,24,33,85,163,0,98,98,261
05/10/2016,CRP,TX,ASW,CE,Combined TRACON& Tower with Radar,21,16,40,78,155,0,2,16,12,30,21,18,56,90,185,0,88,88,273
05/11/2016,CRP,TX,ASW,CE,Combined TRACON& Tower with Radar,23,15,37,71,146,0,5,9,13,27,23,20,46,84,173,6,96,102,275
05/12/2016,CRP,TX,ASW,CE,Combined TRACON& Tower with Radar,23,23,50,68,164,0,3,7,5,15,23,26,57,73,179,26,24,50,229
05/13/2016,CRP,TX,ASW,CE,Combined TRACON& Tower with Radar,24,18,34,37,113,0,0,20,4,24,24,18,54,41,137,2,40,42,179
05/14/2016,CRP,TX,ASW,CE,Combined TRACON& Tower with Radar,29,16,8,34,87,0,1,9,3,13,29,17,17,37,100,2,12,14,114
05/15/2016,CRP,TX,ASW,CE,Combined TRACON& Tower with Radar,21,12,12,19,64,0,1,1,0,2,21,13,13,19,66,0,0,0,66
05/16/2016,CRP,TX,ASW,CE,Combined TRACON& Tower with Radar,24,17,18,59,118,0,1,9,16,26,24,18,27,75,144,0,50,50,194
05/17/2016,CRP,TX,ASW,CE,Combined TRACON& Tower with Radar,22,18,24,53,117,0,0,21,11,32,22,18,45,64,149,6,54,60,209
05/18/2016,CRP,TX,ASW,CE,Combined TRACON& Tower with Radar,22,20,23,47,112,0,0,5,1,6,22,20,28,48,118,20,16,36,154
05/19/2016,CRP,TX,ASW,CE,Combined TRACON& Tower with Radar,22,15,26,23,86,0,0,11,4,15,22,15,37,27,101,10,0,10,111
05/20/2016,CRP,TX,ASW,CE,Combined TRACON& Tower with Radar,20,27,29,90,166,0,1,7,12,20,20,28,36,102,186,0,42,42,228
05/21/2016,CRP,TX,ASW,CE,Combined TRACON& Tower with Radar,20,11,15,41,87,0,3,9,6,18,20,14,24,47,105,0,84,84,189
05/22/2016,CRP,TX,ASW,CE,Combined TRACON& Tower with Radar,21,16,19,41,97,0,0,20,8,28,21,16,39,49,125,0,42,42,167
05/23/2016,CRP,TX,ASW,CE,Combined TRACON& Tower with Radar,23,23,35,90,171,0,2,7,3,12,23,25,42,93,183,0,70,70,253
05/24/2016,CRP,TX,ASW,CE,Combined TRACON& Tower with Radar,22,22,21,41,106,0,0,23,6,29,22,22,44,47,135,0,38,38,173
05/25/2016,CRP,TX,ASW,CE,Combined TRACON& Tower with Radar,22,17,34,37,110,0,1,32,11,44,22,18,66,48,154,8,34,42,196
05/26/2016,CRP,TX,ASW,CE,Combined TRACON& Tower with Radar,32,23,27,57,139,0,1,11,12,24,32,24,38,69,163,0,36,36,199
05/27/2016,CRP,TX,ASW,CE,Combined TRACON& Tower with Radar,28,11,26,27,92,0,0,50,4,54,28,11,76,31,146,0,38,38,184
05/28/2016,CRP,TX,ASW,CE,Combined TRACON& Tower with Radar,21,16,13,24,74,0,4,25,14,43,21,20,38,38,117,0,100,100,217
05/29/2016,CRP,TX,ASW,CE,Combined TRACON& Tower with Radar,20,9,8,27,64,0,0,25,13,38,20,9,33,40,102,8,126,134,236
05/30/2016,CRP,TX,ASW,CE,Combined TRACON& Tower with Radar,23,7,23,7,60,0,0,17,0,17,23,7,40,7,77,0,0,0,77
05/31/2016,CRP,TX,ASW,CE,Combined TRACON& Tower with Radar,19,20,29,44,112,0,1,19,7,27,19,21,48,51,139,22,20,42,181
06/01/2016,CRP,TX,ASW,CE,Combined TRACON& Tower with Radar,31,20,29,98,178,0,0,8,5,13,31,20,37,103,191,0,10,10,201
06/02/2016,CRP,TX,ASW,CE,Combined TRACON& Tower with Radar,22,10,22,83,137,0,1,13,6,20,22,11,35,89,157,8,54,62,219
06/03/2016,CRP,TX,ASW,CE,Combined TRACON& Tower with Radar,20,19,16,42,97,0,0,4,22,26,20,19,20,64,123,0,80,80,203
06/04/2016,CRP,TX,ASW,CE,Combined TRACON& Tower with Radar,23,10,18,53,104,0,0,3,75,78,23,10,21,128,182,0,368,368,550
06/05/2016,CRP,TX,ASW,CE,Combined TRACON& Tower with Radar,24,16,18,42,100,0,1,8,41,50,24,17,26,83,150,0,194,194,344
06/06/2016,CRP,TX,ASW,CE,Combined TRACON& Tower with Radar,20,19,28,72,139,0,0,39,15,54,20,19,67,87,193,24,76,100,293
06/07/2016,CRP,TX,ASW,CE,Combined TRACON& Tower with Radar,18,17,29,97,161,0,3,32,11,46,18,20,61,108,207,4,10,14,221
06/08/2016,CRP,TX,ASW,CE,Combined TRACON& Tower with Radar,23,23,21,47,114,0,1,16,6,23,23,24,37,53,137,0,68,68,205
06/09/2016,CRP,TX,ASW,CE,Combined TRACON& Tower with Radar,23,30,27,66,146,0,0,26,18,44,23,30,53,84,190,6,94,100,290
06/10/2016,CRP,TX,ASW,CE,Combined TRACON& Tower with Radar,22,23,29,47,121,0,2,36,28,66,22,25,65,75,187,0,26,26,213
06/11/2016,CRP,TX,ASW,CE,Combined TRACON& Tower with Radar,18,13,21,42,94,0,6,9,31,46,18,19,30,73,140,12,204,216,356
06/12/2016,CRP,TX,ASW,CE,Combined TRACON& Tower with Radar,28,18,22,39,107,0,2,17,29,48,28,20,39,68,155,0,136,136,291
06/13/2016,CRP,TX,ASW,CE,Combined TRACON& Tower with Radar,18,19,22,54,113,0,4,17,6,27,18,23,39,60,140,0,70,70,210
06/14/2016,CRP,TX,ASW,CE,Combined TRACON& Tower with Radar,22,23,22,101,168,0,2,18,13,33,22,25,40,114,201,12,72,84,285
06/15/2016,CRP,TX,ASW,CE,Combined TRACON& Tower with Radar,19,18,37,65,139,0,3,45,11,59,19,21,82,76,198,2,86,88,286
06/16/2016,CRP,TX,ASW,CE,Combined TRACON& Tower with Radar,25,25,30,59,139,0,2,19,13,34,25,27,49,72,173,0,92,92,265
06/17/2016,CRP,TX,ASW,CE,Combined TRACON& Tower with Radar,22,26,30,68,146,0,2,20,33,55,22,28,50,101,201,0,102,102,303
06/18/2016,CRP,TX,ASW,CE,Combined TRACON& Tower with Radar,18,11,14,23,66,0,4,16,43,63,18,15,30,66,129,4,84,88,217
06/19/2016,CRP,TX,ASW,CE,Combined TRACON& Tower with Radar,26,10,13,46,95,0,2,14,26,42,26,12,27,72,137,36,56,92,229
06/20/2016,CRP,TX,ASW,CE,Combined TRACON& Tower with Radar,23,15,32,87,157,0,2,19,4,25,23,17,51,91,182,38,62,100,282
06/21/2016,CRP,TX,ASW,CE,Combined TRACON& Tower with Radar,22,24,40,61,147,0,5,22,21,48,22,29,62,82,195,24,0,24,219
06/22/2016,CRP,TX,ASW,CE,Combined TRACON& Tower with Radar,22,30,17,60,129,0,5,36,19,60,22,35,53,79,189,0,176,176,365
06/23/2016,CRP,TX,ASW,CE,Combined TRACON& Tower with Radar,25,25,26,89,165,0,4,31,14,49,25,29,57,103,214,0,34,34,248
06/24/2016,CRP,TX,ASW,CE,Combined TRACON& Tower with Radar,21,20,18,38,97,0,5,23,63,91,21,25,41,101,188,0,168,168,356
06/25/2016,CRP,TX,ASW,CE,Combined TRACON& Tower with Radar,20,10,22,69,121,0,1,13,52,66,20,11,35,121,187,8,274,282,469
06/26/2016,CRP,TX,ASW,CE,Combined TRACON& Tower with Radar,23,15,22,57,117,0,0,24,58,82,23,15,46,115,199,32,218,250,449
06/27/2016,CRP,TX,ASW,CE,Combined TRACON& Tower with Radar,22,15,26,66,129,0,6,14,16,36,22,21,40,82,165,0,42,42,207
06/28/2016,CRP,TX,ASW,CE,Combined TRACON& Tower with Radar,25,19,35,112,191,0,0,25,17,42,25,19,60,129,233,4,74,78,311
06/29/2016,CRP,TX,ASW,CE,Combined TRACON& Tower with Radar,25,22,24,85,156,0,1,26,9,36,25,23,50,94,192,0,146,146,338
06/30/2016,CRP,TX,ASW,CE,Combined TRACON& Tower with Radar,25,22,24,91,162,0,3,15,13,31,25,25,39,104,193,0,30,30,223
07/01/2016,CRP,TX,ASW,CE,Combined TRACON& Tower with Radar,25,21,34,10,90,0,5,23,10,38,25,26,57,20,128,0,32,32,160
07/02/2016,CRP,TX,ASW,CE,Combined TRACON& Tower with Radar,18,10,14,13,55,0,5,29,6,40,18,15,43,19,95,0,12,12,107
07/03/2016,CRP,TX,ASW,CE,Combined TRACON& Tower with Radar,22,11,3,0,36,0,2,17,8,27,22,13,20,8,63,0,32,32,95
07/04/2016,CRP,TX,ASW,CE,Combined TRACON& Tower with Radar,19,10,8,5,42,0,2,14,0,16,19,12,22,5,58,0,0,0,58
07/05/2016,CRP,TX,ASW,CE,Combined TRACON& Tower with Radar,23,17,23,18,81,0,4,14,5,23,23,21,37,23,104,0,0,0,104
07/06/2016,CRP,TX,ASW,CE,Combined TRACON& Tower with Radar,25,16,22,122,185,0,7,22,14,43,25,23,44,136,228,2,32,34,262
07/07/2016,CRP,TX,ASW,CE,Combined TRACON& Tower with Radar,26,19,38,141,224,0,2,23,23,48,26,21,61,164,272,24,32,56,328
07/08/2016,CRP,TX,ASW,CE,Combined TRACON& Tower with Radar,26,18,24,71,139,0,0,22,30,52,26,18,46,101,191,0,104,104,295
07/09/2016,CRP,TX,ASW,CE,Combined TRACON& Tower with Radar,19,11,18,85,133,0,2,20,33,55,19,13,38,118,188,2,100,102,290
07/10/2016,CRP,TX,ASW,CE,Combined TRACON& Tower with Radar,22,12,10,69,113,0,3,11,23,37,22,15,21,92,150,0,126,126,276
07/11/2016,CRP,TX,ASW,CE,Combined TRACON& Tower with Radar,26,14,38,73,151,0,4,13,4,21,26,18,51,77,172,0,10,10,182
07/12/2016,CRP,TX,ASW,CE,Combined TRACON& Tower with Radar,28,23,33,72,156,0,0,16,4,20,28,23,49,76,176,0,18,18,194
07/13/2016,CRP,TX,ASW,CE,Combined TRACON& Tower with Radar,26,20,21,67,134,0,1,22,9,32,26,21,43,76,166,0,66,66,232
07/14/2016,CRP,TX,ASW,CE,Combined TRACON& Tower with Radar,27,16,30,91,164,0,0,25,6,31,27,16,55,97,195,0,138,138,333
07/15/2016,CRP,TX,ASW,CE,Combined TRACON& Tower with Radar,28,16,21,79,144,0,2,32,13,47,28,18,53,92,191,0,18,18,209
07/16/2016,CRP,TX,ASW,CE,Combined TRACON& Tower with Radar,19,14,8,104,145,0,4,16,15,35,19,18,24,119,180,10,50,60,240
07/17/2016,CRP,TX,ASW,CE,Combined TRACON& Tower with Radar,24,18,19,71,132,0,1,17,31,49,24,19,36,102,181,2,76,78,259
07/18/2016,CRP,TX,ASW,CE,Combined TRACON& Tower with Radar,28,15,24,124,191,0,2,21,24,47,28,17,45,148,238,0,126,126,364
07/19/2016,CRP,TX,ASW,CE,Combined TRACON& Tower with Radar,26,18,40,142,226,0,1,17,8,26,26,19,57,150,252,0,20,20,272
07/20/2016,CRP,TX,ASW,CE,Combined TRACON& Tower with Radar,22,20,20,120,182,0,3,22,12,37,22,23,42,132,219,0,44,44,263
07/21/2016,CRP,TX,ASW,CE,Combined TRACON& Tower with Radar,22,27,30,82,161,0,2,19,4,25,22,29,49,86,186,4,4,8,194
07/22/2016,CRP,TX,ASW,CE,Combined TRACON& Tower with Radar,18,21,34,70,143,0,3,27,2,32,18,24,61,72,175,0,10,10,185
07/23/2016,CRP,TX,ASW,CE,Combined TRACON& Tower with Radar,15,11,15,58,99,0,1,18,26,45,15,12,33,84,144,10,128,138,282
07/24/2016,CRP,TX,ASW,CE,Combined TRACON& Tower with Radar,22,14,8,42,86,0,3,16,12,31,22,17,24,54,117,0,74,74,191
07/25/2016,CRP,TX,ASW,CE,Combined TRACON& Tower with Radar,19,13,46,100,178,0,0,14,15,29,19,13,60,115,207,2,148,150,357
07/26/2016,CRP,TX,ASW,CE,Combined TRACON& Tower with Radar,20,26,28,130,204,0,5,9,11,25,20,31,37,141,229,0,0,0,229
07/27/2016,CRP,TX,ASW,CE,Combined TRACON& Tower with Radar,25,18,31,80,154,0,3,13,12,28,25,21,44,92,182,0,136,136,318
07/28/2016,CRP,TX,ASW,CE,Combined TRACON& Tower with Radar,21,27,27,110,185,0,2,10,5,17,21,29,37,115,202,0,14,14,216
07/29/2016,CRP,TX,ASW,CE,Combined TRACON& Tower with Radar,21,23,33,143,220,0,5,14,14,33,21,28,47,157,253,0,106,106,359
07/30/2016,CRP,TX,ASW,CE,Combined TRACON& Tower with Radar,19,10,11,77,117,0,0,19,10,29,19,10,30,87,146,0,62,62,208
07/31/2016,CRP,TX,ASW,CE,Combined TRACON& Tower with Radar,22,16,14,89,141,0,3,19,10,32,22,19,33,99,173,6,36,42,215
08/01/2016,CRP,TX,ASW,CE,Combined TRACON& Tower with Radar,21,18,22,100,161,0,1,13,19,33,21,19,35,119,194,0,162,162,356
08/02/2016,CRP,TX,ASW,CE,Combined TRACON& Tower with Radar,21,18,16,83,138,0,3,26,41,70,21,21,42,124,208,0,204,204,412
08/03/2016,CRP,TX,ASW,CE,Combined TRACON& Tower with Radar,21,26,26,81,154,0,5,31,13,49,21,31,57,94,203,0,32,32,235
08/04/2016,CRP,TX,ASW,CE,Combined TRACON& Tower with Radar,21,26,43,101,191,0,4,20,7,31,21,30,63,108,222,0,26,26,248
08/05/2016,CRP,TX,ASW,CE,Combined TRACON& Tower with Radar,21,24,20,80,145,0,1,12,17,30,21,25,32,97,175,0,86,86,261
08/06/2016,CRP,TX,ASW,CE,Combined TRACON& Tower with Radar,17,20,14,46,97,0,4,10,13,27,17,24,24,59,124,2,58,60,184
08/07/2016,CRP,TX,ASW,CE,Combined TRACON& Tower with Radar,21,18,8,65,112,0,3,21,11,35,21,21,29,76,147,2,38,40,187
08/08/2016,CRP,TX,ASW,CE,Combined TRACON& Tower with Radar,22,18,33,136,209,0,4,32,11,47,22,22,65,147,256,6,110,116,372
08/09/2016,CRP,TX,ASW,CE,Combined TRACON& Tower with Radar,22,19,14,165,220,0,9,4,15,28,22,28,18,180,248,0,84,84,332
08/10/2016,CRP,TX,ASW,CE,Combined TRACON& Tower with Radar,23,25,40,72,160,0,2,16,9,27,23,27,56,81,187,0,52,52,239
08/11/2016,CRP,TX,ASW,CE,Combined TRACON& Tower with Radar,23,23,26,107,179,0,3,27,11,41,23,26,53,118,220,0,42,42,262
08/12/2016,CRP,TX,ASW,CE,Combined TRACON& Tower with Radar,20,22,35,122,199,0,1,27,29,57,20,23,62,151,256,4,52,56,312
08/13/2016,CRP,TX,ASW,CE,Combined TRACON& Tower with Radar,21,10,11,70,112,0,0,17,24,41,21,10,28,94,153,0,82,82,235
08/14/2016,CRP,TX,ASW,CE,Combined TRACON& Tower with Radar,18,18,15,20,71,0,1,4,18,23,18,19,19,38,94,26,68,94,188
08/15/2016,CRP,TX,ASW,CE,Combined TRACON& Tower with Radar,27,20,17,144,208,0,1,6,9,16,27,21,23,153,224,32,22,54,278
08/16/2016,CRP,TX,ASW,CE,Combined TRACON& Tower with Radar,21,24,27,105,177,0,0,6,13,19,21,24,33,118,196,2,52,54,250
08/17/2016,CRP,TX,ASW,CE,Combined TRACON& Tower with Radar,20,24,30,124,198,0,3,9,11,23,20,27,39,135,221,0,34,34,255
08/18/2016,CRP,TX,ASW,CE,Combined TRACON& Tower with Radar,20,18,35,126,199,0,3,19,17,39,20,21,54,143,238,0,16,16,254
08/19/2016,CRP,TX,ASW,CE,Combined TRACON& Tower with Radar,14,27,25,113,179,0,4,20,27,51,14,31,45,140,230,0,92,92,322
08/20/2016,CRP,TX,ASW,CE,Combined TRACON& Tower with Radar,22,9,14,83,128,0,2,17,19,38,22,11,31,102,166,6,28,34,200
08/21/2016,CRP,TX,ASW,CE,Combined TRACON& Tower with Radar,18,13,18,30,79,0,0,6,8,14,18,13,24,38,93,0,10,10,103
08/22/2016,CRP,TX,ASW,CE,Combined TRACON& Tower with Radar,20,20,36,109,185,0,2,16,26,44,20,22,52,135,229,4,18,22,251
08/23/2016,CRP,TX,ASW,CE,Combined TRACON& Tower with Radar,18,21,46,110,195,0,3,35,26,64,18,24,81,136,259,0,56,56,315
08/24/2016,CRP,TX,ASW,CE,Combined TRACON& Tower with Radar,22,18,38,93,171,0,3,23,18,44,22,21,61,111,215,20,26,46,261
08/25/2016,CRP,TX,ASW,CE,Combined TRACON& Tower with Radar,20,25,27,114,186,0,2,29,16,47,20,27,56,130,233,2,70,72,305
08/26/2016,CRP,TX,ASW,CE,Combined TRACON& Tower with Radar,22,27,43,55,147,0,1,15,19,35,22,28,58,74,182,0,200,200,382
08/27/2016,CRP,TX,ASW,CE,Combined TRACON& Tower with Radar,17,11,25,35,88,0,1,12,10,23,17,12,37,45,111,2,42,44,155
08/28/2016,CRP,TX,ASW,CE,Combined TRACON& Tower with Radar,17,14,12,51,94,0,1,17,22,40,17,15,29,73,134,2,66,68,202
08/29/2016,CRP,TX,ASW,CE,Combined TRACON& Tower with Radar,16,20,23,121,180,0,3,7,6,16,16,23,30,127,196,0,22,22,218
08/30/2016,CRP,TX,ASW,CE,Combined TRACON& Tower with Radar,20,17,29,111,177,0,1,5,10,16,20,18,34,121,193,0,76,76,269
08/31/2016,CRP,TX,ASW,CE,Combined TRACON& Tower with Radar,20,24,33,116,193,0,0,16,19,35,20,24,49,135,228,28,42,70,298
09/01/2016,CRP,TX,ASW,CE,Combined TRACON& Tower with Radar,20,24,30,100,174,0,3,13,11,27,20,27,43,111,201,6,22,28,229
09/02/2016,CRP,TX,ASW,CE,Combined TRACON& Tower with Radar,20,22,25,58,125,0,0,13,14,27,20,22,38,72,152,0,26,26,178
09/03/2016,CRP,TX,ASW,CE,Combined TRACON& Tower with Radar,12,12,13,16,53,0,1,18,2,21,12,13,31,18,74,0,0,0,74
09/04/2016,CRP,TX,ASW,CE,Combined TRACON& Tower with Radar,12,13,10,3,38,0,1,5,1,7,12,14,15,4,45,4,8,12,57
09/05/2016,CRP,TX,ASW,CE,Combined TRACON& Tower with Radar,20,20,12,2,54,0,5,19,0,24,20,25,31,2,78,10,0,10,88
09/06/2016,CRP,TX,ASW,CE,Combined TRACON& Tower with Radar,25,17,17,139,198,0,1,9,31,41,25,18,26,170,239,0,94,94,333
09/07/2016,CRP,TX,ASW,CE,Combined TRACON& Tower with Radar,21,21,25,131,198,0,4,18,36,58,21,25,43,167,256,0,12,12,268
09/08/2016,CRP,TX,ASW,CE,Combined TRACON& Tower with Radar,23,17,24,111,175,0,2,24,25,51,23,19,48,136,226,0,36,36,262
09/09/2016,CRP,TX,ASW,CE,Combined TRACON& Tower with Radar,23,15,21,93,152,0,1,27,16,44,23,16,48,109,196,0,70,70,266
09/10/2016,CRP,TX,ASW,CE,Combined TRACON& Tower with Radar,17,11,13,71,112,0,5,10,12,27,17,16,23,83,139,0,96,96,235
09/11/2016,CRP,TX,ASW,CE,Combined TRACON& Tower with Radar,21,8,14,88,131,0,3,22,7,32,21,11,36,95,163,8,8,16,179
09/12/2016,CRP,TX,ASW,CE,Combined TRACON& Tower with Radar,22,19,17,110,168,0,4,19,20,43,22,23,36,130,211,10,32,42,253
09/13/2016,CRP,TX,ASW,CE,Combined TRACON& Tower with Radar,20,22,25,103,170,0,2,26,21,49,20,24,51,124,219,0,40,40,259
09/14/2016,CRP,TX,ASW,CE,Combined TRACON& Tower with Radar,20,21,49,130,220,0,1,26,11,38,20,22,75,141,258,2,64,66,324
09/15/2016,CRP,TX,ASW,CE,Combined TRACON& Tower with Radar,21,15,27,112,175,0,2,24,17,43,21,17,51,129,218,8,148,156,374
09/16/2016,CRP,TX,ASW,CE,Combined TRACON& Tower with Radar,26,15,25,143,209,0,5,18,11,34,26,20,43,154,243,2,104,106,349
09/17/2016,CRP,TX,ASW,CE,Combined TRACON& Tower with Radar,18,9,7,74,108,0,2,9,15,26,18,11,16,89,134,0,74,74,208
09/18/2016,CRP,TX,ASW,CE,Combined TRACON& Tower with Radar,21,14,12,92,139,0,1,22,28,51,21,15,34,120,190,0,30,30,220
09/19/2016,CRP,TX,ASW,CE,Combined TRACON& Tower with Radar,25,14,28,108,175,0,1,22,11,34,25,15,50,119,209,0,46,46,255
09/20/2016,CRP,TX,ASW,CE,Combined TRACON& Tower with Radar,22,20,31,120,193,0,2,32,36,70,22,22,63,156,263,0,162,162,425
09/21/2016,CRP,TX,ASW,CE,Combined TRACON& Tower with Radar,24,20,31,111,186,0,4,24,25,53,24,24,55,136,239,0,74,74,313
09/22/2016,CRP,TX,ASW,CE,Combined TRACON& Tower with Radar,23,22,28,118,191,0,0,12,7,19,23,22,40,125,210,0,44,44,254
09/23/2016,CRP,TX,ASW,CE,Combined TRACON& Tower with Radar,27,14,28,95,164,0,1,15,15,31,27,15,43,110,195,2,40,42,237
09/24/2016,CRP,TX,ASW,CE,Combined TRACON& Tower with Radar,18,10,14,32,74,0,1,12,6,19,18,11,26,38,93,0,0,0,93
09/25/2016,CRP,TX,ASW,CE,Combined TRACON& Tower with Radar,23,6,12,16,57,0,5,7,10,22,23,11,19,26,79,0,0,0,79
09/26/2016,CRP,TX,ASW,CE,Combined TRACON& Tower with Radar,28,10,24,36,98,0,0,4,11,15,28,10,28,47,113,6,24,30,143
09/27/2016,CRP,TX,ASW,CE,Combined TRACON& Tower with Radar,21,17,21,128,187,0,1,0,17,18,21,18,21,145,205,0,20,20,225
09/28/2016,CRP,TX,ASW,CE,Combined TRACON& Tower with Radar,24,18,19,109,170,0,0,34,19,53,24,18,53,128,223,0,26,26,249
09/29/2016,CRP,TX,ASW,CE,Combined TRACON& Tower with Radar,22,22,30,54,128,0,6,39,13,58,22,28,69,67,186,24,22,46,232
09/30/2016,CRP,TX,ASW,CE,Combined TRACON& Tower with Radar,25,14,27,42,108,0,6,51,18,75,25,20,78,60,183,0,50,50,233
10/01/2016,CRP,TX,ASW,CE,Combined TRACON& Tower with Radar,18,8,12,27,65,0,3,25,2,30,18,11,37,29,95,0,12,12,107
10/02/2016,CRP,TX,ASW,CE,Combined TRACON& Tower with Radar,21,8,12,0,41,0,2,25,1,28,21,10,37,1,69,10,0,10,79
10/03/2016,CRP,TX,ASW,CE,Combined TRACON& Tower with Radar,27,10,21,103,161,0,0,21,13,34,27,10,42,116,195,0,36,36,231
10/04/2016,CRP,TX,ASW,CE,Combined TRACON& Tower with Radar,24,18,45,110,197,0,7,40,21,68,24,25,85,131,265,0,106,106,371
10/05/2016,CRP,TX,ASW,CE,Combined TRACON& Tower with Radar,24,18,26,129,197,0,6,22,9,37,24,24,48,138,234,0,80,80,314
10/06/2016,CRP,TX,ASW,CE,Combined TRACON& Tower with Radar,25,14,36,94,169,0,3,20,24,47,25,17,56,118,216,0,60,60,276
10/07/2016,CRP,TX,ASW,CE,Combined TRACON& Tower with Radar,27,18,29,55,129,0,0,18,5,23,27,18,47,60,152,0,62,62,214
10/08/2016,CRP,TX,ASW,CE,Combined TRACON& Tower with Radar,21,13,22,37,93,0,2,18,1,21,21,15,40,38,114,0,12,12,126
10/09/2016,CRP,TX,ASW,CE,Combined TRACON& Tower with Radar,23,7,16,20,66,0,5,38,1,44,23,12,54,21,110,6,0,6,116
10/10/2016,CRP,TX,ASW,CE,Combined TRACON& Tower with Radar,28,15,24,6,73,0,5,32,2,39,28,20,56,8,112,0,0,0,112
10/11/2016,CRP,TX,ASW,CE,Combined TRACON& Tower with Radar,22,17,36,126,201,0,3,28,21,52,22,20,64,147,253,2,100,102,355
10/12/2016,CRP,TX,ASW,CE,Combined TRACON& Tower with Radar,30,22,40,106,198,0,2,11,21,34,30,24,51,127,232,0,120,120,352
10/13/2016,CRP,TX,ASW,CE,Combined TRACON& Tower with Radar,26,13,32,98,169,0,2,28,21,51,26,15,60,119,220,0,68,68,288
10/14/2016,CRP,TX,ASW,CE,Combined TRACON& Tower with Radar,24,18,32,67,141,0,3,14,19,36,24,21,46,86,177,0,180,180,357
10/15/2016,CRP,TX,ASW,CE,Combined TRACON& Tower with Radar,19,6,18,17,60,0,8,5,2,15,19,14,23,19,75,0,14,14,89
10/16/2016,CRP,TX,ASW,CE,Combined TRACON& Tower with Radar,27,12,14,53,106,0,3,11,1,15,27,15,25,54,121,0,10,10,131
10/17/2016,CRP,TX,ASW,CE,Combined TRACON& Tower with Radar,26,14,12,133,185,0,5,22,22,49,26,19,34,155,234,4,58,62,296
10/18/2016,CRP,TX,ASW,CE,Combined TRACON& Tower with Radar,25,16,30,145,216,0,11,23,22,56,25,27,53,167,272,0,138,138,410
10/19/2016,CRP,TX,ASW,CE,Combined TRACON& Tower with Radar,27,21,36,113,197,0,2,23,19,44,27,23,59,132,241,0,118,118,359
10/20/2016,CRP,TX,ASW,CE,Combined TRACON& Tower with Radar,26,16,35,60,137,0,1,16,17,34,26,17,51,77,171,0,72,72,243
10/21/2016,CRP,TX,ASW,CE,Combined TRACON& Tower with Radar,24,20,35,80,159,0,2,26,28,56,24,22,61,108,215,0,56,56,271
10/22/2016,CRP,TX,ASW,CE,Combined TRACON& Tower with Radar,19,9,7,86,121,0,2,34,8,44,19,11,41,94,165,0,8,8,173
10/23/2016,CRP,TX,ASW,CE,Combined TRACON& Tower with Radar,23,10,7,96,136,0,1,31,8,40,23,11,38,104,176,4,22,26,202
10/24/2016,CRP,TX,ASW,CE,Combined TRACON& Tower with Radar,26,16,19,149,210,0,0,25,11,36,26,16,44,160,246,4,86,90,336
10/25/2016,CRP,TX,ASW,CE,Combined TRACON& Tower with Radar,24,23,23,137,207,0,2,32,29,63,24,25,55,166,270,4,96,100,370
10/26/2016,CRP,TX,ASW,CE,Combined TRACON& Tower with Radar,26,18,21,135,200,0,2,25,15,42,26,20,46,150,242,0,58,58,300
10/27/2016,CRP,TX,ASW,CE,Combined TRACON& Tower with Radar,28,12,38,92,170,0,1,31,7,39,28,13,69,99,209,2,4,6,215
10/28/2016,CRP,TX,ASW,CE,Combined TRACON& Tower with Radar,26,14,21,77,138,0,1,18,25,44,26,15,39,102,182,0,102,102,284
10/29/2016,CRP,TX,ASW,CE,Combined TRACON& Tower with Radar,15,12,12,40,79,0,2,23,10,35,15,14,35,50,114,10,10,20,134
10/30/2016,CRP,TX,ASW,CE,Combined TRACON& Tower with Radar,25,12,18,45,100,0,0,13,6,19,25,12,31,51,119,0,8,8,127
10/31/2016,CRP,TX,ASW,CE,Combined TRACON& Tower with Radar,22,23,14,144,203,0,1,18,28,47,22,24,32,172,250,0,110,110,360
11/01/2016,CRP,TX,ASW,CE,Combined TRACON& Tower with Radar,22,20,26,149,217,0,0,14,14,28,22,20,40,163,245,4,128,132,377
11/02/2016,CRP,TX,ASW,CE,Combined TRACON& Tower with Radar,24,16,33,105,178,0,1,16,13,30,24,17,49,118,208,6,48,54,262
11/03/2016,CRP,TX,ASW,CE,Combined TRACON& Tower with Radar,22,26,33,70,151,0,0,8,5,13,22,26,41,75,164,0,12,12,176
11/04/2016,CRP,TX,ASW,CE,Combined TRACON& Tower with Radar,22,22,26,58,128,0,1,17,14,32,22,23,43,72,160,0,34,34,194
11/05/2016,CRP,TX,ASW,CE,Combined TRACON& Tower with Radar,16,10,21,40,87,0,1,2,17,20,16,11,23,57,107,0,92,92,199
11/06/2016,CRP,TX,ASW,CE,Combined TRACON& Tower with Radar,26,10,28,85,149,0,2,9,13,24,26,12,37,98,173,0,44,44,217
11/07/2016,CRP,TX,ASW,CE,Combined TRACON& Tower with Radar,20,19,19,92,150,0,3,14,9,26,20,22,33,101,176,0,92,92,268
11/08/2016,CRP,TX,ASW,CE,Combined TRACON& Tower with Radar,22,15,17,98,152,0,1,7,25,33,22,16,24,123,185,0,160,160,345
11/09/2016,CRP,TX,ASW,CE,Combined TRACON& Tower with Radar,24,15,51,82,172,0,0,3,8,11,24,15,54,90,183,0,56,56,239
11/10/2016,CRP,TX,ASW,CE,Combined TRACON& Tower with Radar,22,17,44,62,145,0,5,13,16,34,22,22,57,78,179,18,130,148,327
11/11/2016,CRP,TX,ASW,CE,Combined TRACON& Tower with Radar,24,19,27,25,95,0,0,25,11,36,24,19,52,36,131,0,22,22,153
11/12/2016,CRP,TX,ASW,CE,Combined TRACON& Tower with Radar,17,10,14,32,73,0,4,15,7,26,17,14,29,39,99,14,28,42,141
11/13/2016,CRP,TX,ASW,CE,Combined TRACON& Tower with Radar,23,18,17,18,76,0,0,25,0,25,23,18,42,18,101,2,4,6,107
11/14/2016,CRP,TX,ASW,CE,Combined TRACON& Tower with Radar,24,15,11,110,160,0,3,3,15,21,24,18,14,125,181,0,32,32,213
11/15/2016,CRP,TX,ASW,CE,Combined TRACON& Tower with Radar,22,21,26,147,216,0,1,27,13,41,22,22,53,160,257,8,40,48,305
11/16/2016,CRP,TX,ASW,CE,Combined TRACON& Tower with Radar,24,17,31,134,206,0,2,32,15,49,24,19,63,149,255,8,18,26,281
11/17/2016,CRP,TX,ASW,CE,Combined TRACON& Tower with Radar,24,24,58,34,140,0,7,24,14,45,24,31,82,48,185,0,14,14,199
11/18/2016,CRP,TX,ASW,CE,Combined TRACON& Tower with Radar,23,16,30,29,98,0,0,10,22,32,23,16,40,51,130,0,86,86,216
11/19/2016,CRP,TX,ASW,CE,Combined TRACON& Tower with Radar,17,13,16,96,142,0,2,23,47,72,17,15,39,143,214,0,182,182,396
11/20/2016,CRP,TX,ASW,CE,Combined TRACON& Tower with Radar,20,17,14,81,132,0,4,13,29,46,20,21,27,110,178,0,178,178,356
11/21/2016,CRP,TX,ASW,CE,Combined TRACON& Tower with Radar,20,13,28,96,157,0,2,19,20,41,20,15,47,116,198,0,14,14,212
11/22/2016,CRP,TX,ASW,CE,Combined TRACON& Tower with Radar,20,18,24,107,169,0,11,20,13,44,20,29,44,120,213,0,0,0,213
11/23/2016,CRP,TX,ASW,CE,Combined TRACON& Tower with Radar,22,27,21,63,133,0,3,15,7,25,22,30,36,70,158,2,110,112,270
11/24/2016,CRP,TX,ASW,CE,Combined TRACON& Tower with Radar,15,9,7,0,31,0,2,4,0,6,15,11,11,0,37,0,0,0,37
11/25/2016,CRP,TX,ASW,CE,Combined TRACON& Tower with Radar,20,17,9,2,48,0,0,8,1,9,20,17,17,3,57,0,0,0,57
11/26/2016,CRP,TX,ASW,CE,Combined TRACON& Tower with Radar,26,13,12,6,57,0,1,9,4,14,26,14,21,10,71,4,12,16,87
11/27/2016,CRP,TX,ASW,CE,Combined TRACON& Tower with Radar,27,11,22,5,65,0,5,20,4,29,27,16,42,9,94,4,12,16,110
11/28/2016,CRP,TX,ASW,CE,Combined TRACON& Tower with Radar,27,17,17,114,175,0,5,13,25,43,27,22,30,139,218,0,122,122,340
11/29/2016,CRP,TX,ASW,CE,Combined TRACON& Tower with Radar,25,25,45,169,264,0,5,23,29,57,25,30,68,198,321,10,256,266,587
11/30/2016,CRP,TX,ASW,CE,Combined TRACON& Tower with Radar,28,21,34,124,207,0,3,23,25,51,28,24,57,149,258,0,94,94,352
12/01/2016,CRP,TX,ASW,CE,Combined TRACON& Tower with Radar,25,17,31,90,163,0,0,14,12,26,25,17,45,102,189,4,36,40,229
12/02/2016,CRP,TX,ASW,CE,Combined TRACON& Tower with Radar,26,21,32,97,176,0,0,4,2,6,26,21,36,99,182,0,20,20,202
12/03/2016,CRP,TX,ASW,CE,Combined TRACON& Tower with Radar,19,6,10,40,75,0,0,0,0,0,19,6,10,40,75,0,0,0,75
12/04/2016,CRP,TX,ASW,CE,Combined TRACON& Tower with Radar,27,6,13,22,68,0,0,0,0,0,27,6,13,22,68,0,0,0,68
12/05/2016,CRP,TX,ASW,CE,Combined TRACON& Tower with Radar,26,12,23,114,175,0,0,8,19,27,26,12,31,133,202,2,110,112,314
12/06/2016,CRP,TX,ASW,CE,Combined TRACON& Tower with Radar,26,17,37,138,218,0,5,45,16,66,26,22,82,154,284,42,154,196,480
12/07/2016,CRP,TX,ASW,CE,Combined TRACON& Tower with Radar,24,22,29,105,180,0,0,1,0,1,24,22,30,105,181,0,0,0,181
12/08/2016,CRP,TX,ASW,CE,Combined TRACON& Tower with Radar,22,18,35,64,139,0,0,4,18,22,22,18,39,82,161,0,140,140,301
12/09/2016,CRP,TX,ASW,CE,Combined TRACON& Tower with Radar,26,16,20,89,151,0,0,14,8,22,26,16,34,97,173,0,54,54,227
12/10/2016,CRP,TX,ASW,CE,Combined TRACON& Tower with Radar,19,7,15,100,141,0,1,11,30,42,19,8,26,130,183,10,188,198,381
12/11/2016,CRP,TX,ASW,CE,Combined TRACON& Tower with Radar,27,6,23,86,142,0,0,28,3,31,27,6,51,89,173,44,20,64,237
12/12/2016,CRP,TX,ASW,CE,Combined TRACON& Tower with Radar,28,29,21,87,165,0,0,0,10,10,28,29,21,97,175,0,42,42,217
12/13/2016,CRP,TX,ASW,CE,Combined TRACON& Tower with Radar,26,12,31,160,229,0,0,8,23,31,26,12,39,183,260,0,118,118,378
12/14/2016,CRP,TX,ASW,CE,Combined TRACON& Tower with Radar,24,16,28,170,238,0,0,12,49,61,24,16,40,219,299,0,204,204,503
12/15/2016,CRP,TX,ASW,CE,Combined TRACON& Tower with Radar,19,32,48,137,236,0,0,3,8,11,19,32,51,145,247,8,42,50,297
12/16/2016,CRP,TX,ASW,CE,Combined TRACON& Tower with Radar,16,27,37,95,175,0,0,3,10,13,16,27,40,105,188,0,34,34,222
12/17/2016,CRP,TX,ASW,CE,Combined TRACON& Tower with Radar,15,31,11,27,84,0,2,18,18,38,15,33,29,45,122,2,104,106,228
12/18/2016,CRP,TX,ASW,CE,Combined TRACON& Tower with Radar,18,15,8,48,89,0,1,13,14,28,18,16,21,62,117,0,58,58,175
12/19/2016,CRP,TX,ASW,CE,Combined TRACON& Tower with Radar,24,15,13,73,125,0,3,29,15,47,24,18,42,88,172,0,110,110,282
12/20/2016,CRP,TX,ASW,CE,Combined TRACON& Tower with Radar,20,20,23,47,110,0,5,39,10,54,20,25,62,57,164,0,62,62,226
12/21/2016,CRP,TX,ASW,CE,Combined TRACON& Tower with Radar,20,19,32,59,130,0,6,18,8,32,20,25,50,67,162,0,28,28,190
12/22/2016,CRP,TX,ASW,CE,Combined TRACON& Tower with Radar,21,21,39,56,137,0,0,0,1,1,21,21,39,57,138,0,10,10,148
12/23/2016,CRP,TX,ASW,CE,Combined TRACON& Tower with Radar,21,25,31,8,85,0,1,5,0,6,21,26,36,8,91,0,0,0,91
12/24/2016,CRP,TX,ASW,CE,Combined TRACON& Tower with Radar,17,10,12,4,43,0,0,5,0,5,17,10,17,4,48,0,0,0,48
12/25/2016,CRP,TX,ASW,CE,Combined TRACON& Tower with Radar,13,12,9,0,34,0,0,3,0,3,13,12,12,0,37,0,0,0,37
12/26/2016,CRP,TX,ASW,CE,Combined TRACON& Tower with Radar,20,19,32,1,72,0,5,17,0,22,20,24,49,1,94,16,0,16,110
12/27/2016,CRP,TX,ASW,CE,Combined TRACON& Tower with Radar,17,18,31,39,105,0,0,8,0,8,17,18,39,39,113,0,18,18,131
12/28/2016,CRP,TX,ASW,CE,Combined TRACON& Tower with Radar,14,28,31,52,125,0,3,11,6,20,14,31,42,58,145,10,44,54,199
12/29/2016,CRP,TX,ASW,CE,Combined TRACON& Tower with Radar,19,26,28,78,151,0,4,13,6,23,19,30,41,84,174,0,16,16,190
12/30/2016,CRP,TX,ASW,CE,Combined TRACON& Tower with Radar,21,21,15,4,61,0,4,39,5,48,21,25,54,9,109,0,40,40,149
12/31/2016,CRP,TX,ASW,CE,Combined TRACON& Tower with Radar,14,16,15,0,45,0,0,5,0,5,14,16,20,0,50,16,0,16,66
01/01/2017,CRP,TX,ASW,CE,Combined TRACON& Tower with Radar,17,16,5,0,38,0,0,19,1,20,17,16,24,1,58,10,10,20,78
01/02/2017,CRP,TX,ASW,CE,Combined TRACON& Tower with Radar,33,19,16,4,72,0,3,41,0,44,33,22,57,4,116,12,0,12,128
01/03/2017,CRP,TX,ASW,CE,Combined TRACON& Tower with Radar,21,22,13,64,120,0,0,50,19,69,21,22,63,83,189,0,26,26,215
01/04/2017,CRP,TX,ASW,CE,Combined TRACON& Tower with Radar,23,15,33,142,213,0,5,22,17,44,23,20,55,159,257,0,70,70,327
01/05/2017,CRP,TX,ASW,CE,Combined TRACON& Tower with Radar,23,20,30,151,224,0,6,14,24,44,23,26,44,175,268,64,106,170,438
01/06/2017,CRP,TX,ASW,CE,Combined TRACON& Tower with Radar,21,22,21,11,75,0,1,1,5,7,21,23,22,16,82,0,48,48,130
01/07/2017,CRP,TX,ASW,CE,Combined TRACON& Tower with Radar,21,12,19,103,155,0,2,19,15,36,21,14,38,118,191,0,0,0,191
01/08/2017,CRP,TX,ASW,CE,Combined TRACON& Tower with Radar,18,15,18,24,75,0,0,16,11,27,18,15,34,35,102,0,0,0,102
01/09/2017,CRP,TX,ASW,CE,Combined TRACON& Tower with Radar,24,13,17,96,150,0,5,22,13,40,24,18,39,109,190,0,58,58,248
01/10/2017,CRP,TX,ASW,CE,Combined TRACON& Tower with Radar,24,10,23,125,182,0,2,24,15,41,24,12,47,140,223,2,110,112,335
01/11/2017,CRP,TX,ASW,CE,Combined TRACON& Tower with Radar,28,9,35,90,162,0,0,9,10,19,28,9,44,100,181,0,62,62,243
01/12/2017,CRP,TX,ASW,CE,Combined TRACON& Tower with Radar,28,14,47,141,230,0,0,18,11,29,28,14,65,152,259,12,202,214,473
01/13/2017,CRP,TX,ASW,CE,Combined TRACON& Tower with Radar,28,10,32,133,203,0,3,8,10,21,28,13,40,143,224,0,32,32,256
01/14/2017,CRP,TX,ASW,CE,Combined TRACON& Tower with Radar,24,5,9,74,112,0,0,5,5,10,24,5,14,79,122,0,34,34,156
01/15/2017,CRP,TX,ASW,CE,Combined TRACON& Tower with Radar,21,12,16,68,117,0,1,6,15,22,21,13,22,83,139,0,80,80,219
01/16/2017,CRP,TX,ASW,CE,Combined TRACON& Tower with Radar,24,17,26,36,103,0,2,6,1,9,24,19,32,37,112,0,106,106,218
01/17/2017,CRP,TX,ASW,CE,Combined TRACON& Tower with Radar,25,13,29,108,175,0,0,0,7,7,25,13,29,115,182,0,96,96,278
01/18/2017,CRP,TX,ASW,CE,Combined TRACON& Tower with Radar,27,11,38,138,214,0,0,2,12,14,27,11,40,150,228,0,68,68,296
01/19/2017,CRP,TX,ASW,CE,Combined TRACON& Tower with Radar,27,8,55,98,188,0,0,3,3,6,27,8,58,101,194,14,60,74,268
01/20/2017,CRP,TX,ASW,CE,Combined TRACON& Tower with Radar,23,13,25,28,89,0,0,0,0,0,23,13,25,28,89,0,0,0,89
01/21/2017,CRP,TX,ASW,CE,Combined TRACON& Tower with Radar,16,7,10,104,137,0,3,13,17,33,16,10,23,121,170,0,116,116,286
01/22/2017,CRP,TX,ASW,CE,Combined TRACON& Tower with Radar,22,10,16,36,84,0,1,12,9,22,22,11,28,45,106,0,68,68,174
01/23/2017,CRP,TX,ASW,CE,Combined TRACON& Tower with Radar,26,7,29,98,160,0,0,29,18,47,26,7,58,116,207,16,242,258,465
01/24/2017,CRP,TX,ASW,CE,Combined TRACON& Tower with Radar,24,10,35,96,165,0,5,28,29,62,24,15,63,125,227,20,256,276,503
01/25/2017,CRP,TX,ASW,CE,Combined TRACON& Tower with Radar,26,11,33,90,160,0,0,18,25,43,26,11,51,115,203,14,166,180,383
01/26/2017,CRP,TX,ASW,CE,Combined TRACON& Tower with Radar,28,15,35,102,180,0,0,26,11,37,28,15,61,113,217,0,30,30,247
01/27/2017,CRP,TX,ASW,CE,Combined TRACON& Tower with Radar,28,17,24,63,132,0,0,14,18,32,28,17,38,81,164,0,86,86,250
01/28/2017,CRP,TX,ASW,CE,Combined TRACON& Tower with Radar,18,6,12,51,87,0,0,9,2,11,18,6,21,53,98,0,0,0,98
01/29/2017,CRP,TX,ASW,CE,Combined TRACON& Tower with Radar,22,8,15,67,112,0,1,21,10,32,22,9,36,77,144,12,28,40,184
01/30/2017,CRP,TX,ASW,CE,Combined TRACON& Tower with Radar,25,14,30,104,173,0,4,38,8,50,25,18,68,112,223,0,28,28,251
01/31/2017,CRP,TX,ASW,CE,Combined TRACON& Tower with Radar,23,17,45,145,230,0,3,36,11,50,23,20,81,156,280,0,60,60,340
02/01/2017,CRP,TX,ASW,CE,Combined TRACON& Tower with Radar,24,13,35,134,206,0,4,24,27,55,24,17,59,161,261,4,234,238,499
02/02/2017,CRP,TX,ASW,CE,Combined TRACON& Tower with Radar,25,15,46,113,199,0,0,9,14,23,25,15,55,127,222,32,28,60,282
02/03/2017,CRP,TX,ASW,CE,Combined TRACON& Tower with Radar,28,13,45,101,187,0,4,6,3,13,28,17,51,104,200,0,34,34,234
02/04/2017,CRP,TX,ASW,CE,Combined TRACON& Tower with Radar,18,5,4,60,87,0,0,0,1,1,18,5,4,61,88,0,10,10,98
02/05/2017,CRP,TX,ASW,CE,Combined TRACON& Tower with Radar,16,9,31,25,81,0,0,5,10,15,16,9,36,35,96,12,70,82,178
02/06/2017,CRP,TX,ASW,CE,Combined TRACON& Tower with Radar,26,13,26,95,160,0,3,12,18,33,26,16,38,113,193,0,202,202,395
02/07/2017,CRP,TX,ASW,CE,Combined TRACON& Tower with Radar,22,16,37,130,205,0,3,15,29,47,22,19,52,159,252,6,240,246,498
02/08/2017,CRP,TX,ASW,CE,Combined TRACON& Tower with Radar,25,12,43,85,165,0,0,20,12,32,25,12,63,97,197,4,146,150,347
02/09/2017,CRP,TX,ASW,CE,Combined TRACON& Tower with Radar,26,12,29,91,158,0,0,12,10,22,26,12,41,101,180,4,64,68,248
02/10/2017,CRP,TX,ASW,CE,Combined TRACON& Tower with Radar,25,15,29,79,148,0,2,10,13,25,25,17,39,92,173,0,202,202,375
02/11/2017,CRP,TX,ASW,CE,Combined TRACON& Tower with Radar,16,12,9,49,86,0,2,3,22,27,16,14,12,71,113,0,170,170,283
02/12/2017,CRP,TX,ASW,CE,Combined TRACON& Tower with Radar,22,10,17,35,84,0,1,7,14,22,22,11,24,49,106,0,256,256,362
02/13/2017,CRP,TX,ASW,CE,Combined TRACON& Tower with Radar,25,14,22,93,154,0,3,9,20,32,25,17,31,113,186,0,142,142,328
02/14/2017,CRP,TX,ASW,CE,Combined TRACON& Tower with Radar,17,14,25,102,158,0,5,5,17,27,17,19,30,119,185,0,106,106,291
02/15/2017,CRP,TX,ASW,CE,Combined TRACON& Tower with Radar,26,12,41,101,180,0,0,25,22,47,26,12,66,123,227,18,146,164,391
02/16/2017,CRP,TX,ASW,CE,Combined TRACON& Tower with Radar,22,24,35,148,229,0,2,31,27,60,22,26,66,175,289,12,50,62,351
02/17/2017,CRP,TX,ASW,CE,Combined TRACON& Tower with Radar,22,25,19,74,140,0,6,22,8,36,22,31,41,82,176,0,58,58,234
02/18/2017,CRP,TX,ASW,CE,Combined TRACON& Tower with Radar,20,18,21,54,113,0,3,12,10,25,20,21,33,64,138,0,42,42,180
02/19/2017,CRP,TX,ASW,CE,Combined TRACON& Tower with Radar,17,15,15,38,85,0,5,0,3,8,17,20,15,41,93,0,10,10,103
02/20/2017,CRP,TX,ASW,CE,Combined TRACON& Tower with Radar,19,29,22,40,110,0,0,7,14,21,19,29,29,54,131,0,128,128,259
02/21/2017,CRP,TX,ASW,CE,Combined TRACON& Tower with Radar,22,23,31,138,214,0,3,16,13,32,22,26,47,151,246,24,62,86,332
02/22/2017,CRP,TX,ASW,CE,Combined TRACON& Tower with Radar,22,20,32,86,160,0,4,32,14,50,22,24,64,100,210,6,76,82,292
02/23/2017,CRP,TX,ASW,CE,Combined TRACON& Tower with Radar,22,27,21,70,140,0,2,27,13,42,22,29,48,83,182,34,144,178,360
02/24/2017,CRP,TX,ASW,CE,Combined TRACON& Tower with Radar,22,19,22,71,134,0,3,35,28,66,22,22,57,99,200,0,34,34,234
02/25/2017,CRP,TX,ASW,CE,Combined TRACON& Tower with Radar,18,11,10,43,82,0,2,28,24,54,18,13,38,67,136,0,150,150,286
02/26/2017,CRP,TX,ASW,CE,Combined TRACON& Tower with Radar,20,12,16,92,140,0,2,8,16,26,20,14,24,108,166,30,110,140,306
02/27/2017,CRP,TX,ASW,CE,Combined TRACON& Tower with Radar,22,20,17,127,186,0,2,8,18,28,22,22,25,145,214,12,40,52,266
02/28/2017,CRP,TX,ASW,CE,Combined TRACON& Tower with Radar,22,20,24,87,153,0,1,4,21,26,22,21,28,108,179,0,162,162,341
03/01/2017,CRP,TX,ASW,CE,Combined TRACON& Tower with Radar,22,25,28,65,140,0,1,10,12,23,22,26,38,77,163,0,90,90,253
03/02/2017,CRP,TX,ASW,CE,Combined TRACON& Tower with Radar,22,22,36,72,152,0,3,23,15,41,22,25,59,87,193,0,22,22,215
03/03/2017,CRP,TX,ASW,CE,Combined TRACON& Tower with Radar,21,24,30,63,138,0,1,28,12,41,21,25,58,75,179,0,32,32,211
03/04/2017,CRP,TX,ASW,CE,Combined TRACON& Tower with Radar,18,8,9,42,77,0,2,0,3,5,18,10,9,45,82,0,56,56,138
03/05/2017,CRP,TX,ASW,CE,Combined TRACON& Tower with Radar,17,16,16,65,114,0,5,9,8,22,17,21,25,73,136,12,62,74,210
03/06/2017,CRP,TX,ASW,CE,Combined TRACON& Tower with Radar,25,20,39,84,168,0,1,4,6,11,25,21,43,90,179,0,134,134,313
03/07/2017,CRP,TX,ASW,CE,Combined TRACON& Tower with Radar,24,21,31,122,198,0,1,14,5,20,24,22,45,127,218,0,112,112,330
03/08/2017,CRP,TX,ASW,CE,Combined TRACON& Tower with Radar,21,22,37,48,128,0,0,7,1,8,21,22,44,49,136,0,84,84,220
03/09/2017,CRP,TX,ASW,CE,Combined TRACON& Tower with Radar,20,28,31,80,159,0,0,2,1,3,20,28,33,81,162,0,26,26,188
03/10/2017,CRP,TX,ASW,CE,Combined TRACON& Tower with Radar,23,25,31,3,82,0,0,2,4,6,23,25,33,7,88,0,0,0,88
03/11/2017,CRP,TX,ASW,CE,Combined TRACON& Tower with Radar,16,13,10,121,160,0,0,3,20,23,16,13,13,141,183,0,162,162,345
03/12/2017,CRP,TX,ASW,CE,Combined TRACON& Tower with Radar,21,22,20,42,105,0,2,0,1,3,21,24,20,43,108,0,0,0,108
03/13/2017,CRP,TX,ASW,CE,Combined TRACON& Tower with Radar,22,16,18,113,169,0,1,16,9,26,22,17,34,122,195,8,16,24,219
03/14/2017,CRP,TX,ASW,CE,Combined TRACON& Tower with Radar,22,20,41,97,180,0,4,30,10,44,22,24,71,107,224,0,135,135,359
03/15/2017,CRP,TX,ASW,CE,Combined TRACON& Tower with Radar,22,18,29,118,187,0,1,13,22,36,22,19,42,140,223,0,174,174,397
03/16/2017,CRP,TX,ASW,CE,Combined TRACON& Tower with Radar,20,17,18,92,147,0,1,13,19,33,20,18,31,111,180,0,214,214,394
03/17/2017,CRP,TX,ASW,CE,Combined TRACON& Tower with Radar,22,27,14,63,126,0,2,12,11,25,22,29,26,74,151,0,90,90,241
03/18/2017,CRP,TX,ASW,CE,Combined TRACON& Tower with Radar,15,13,18,88,134,2,0,16,25,43,17,13,34,113,177,2,76,78,255
03/19/2017,CRP,TX,ASW,CE,Combined TRACON& Tower with Radar,22,15,14,52,103,0,2,23,16,41,22,17,37,68,144,0,110,110,254
03/20/2017,CRP,TX,ASW,CE,Combined TRACON& Tower with Radar,24,16,17,65,122,0,6,28,8,42,24,22,45,73,164,0,70,70,234
03/21/2017,CRP,TX,ASW,CE,Combined TRACON& Tower with Radar,22,20,35,110,187,0,3,15,9,27,22,23,50,119,214,28,40,68,282
03/22/2017,CRP,TX,ASW,CE,Combined TRACON& Tower with Radar,20,25,28,104,177,0,0,18,13,31,20,25,46,117,208,0,106,106,314
03/23/2017,CRP,TX,ASW,CE,Combined TRACON& Tower with Radar,20,32,39,106,197,0,6,42,20,68,20,38,81,126,265,0,170,170,435
03/24/2017,CRP,TX,ASW,CE,Combined TRACON& Tower with Radar,18,23,29,83,153,0,3,5,14,22,18,26,34,97,175,0,114,114,289
03/25/2017,CRP,TX,ASW,CE,Combined TRACON& Tower with Radar,16,14,24,64,118,0,1,29,12,42,16,15,53,76,160,2,440,442,602
03/26/2017,CRP,TX,ASW,CE,Combined TRACON& Tower with Radar,19,19,12,82,132,0,1,23,11,35,19,20,35,93,167,0,182,182,349
03/27/2017,CRP,TX,ASW,CE,Combined TRACON& Tower with Radar,21,19,22,136,198,0,2,26,11,39,21,21,48,147,237,0,188,188,425
03/28/2017,CRP,TX,ASW,CE,Combined TRACON& Tower with Radar,20,22,31,123,196,0,1,11,10,22,20,23,42,133,218,0,494,494,712
03/29/2017,CRP,TX,ASW,CE,Combined TRACON& Tower with Radar,21,25,19,138,203,0,6,18,6,30,21,31,37,144,233,10,86,96,329
03/30/2017,CRP,TX,ASW,CE,Combined TRACON& Tower with Radar,21,23,38,104,186,0,0,27,11,38,21,23,65,115,224,4,148,152,376
03/31/2017,CRP,TX,ASW,CE,Combined TRACON& Tower with Radar,20,22,36,40,118,0,3,32,8,43,20,25,68,48,161,0,72,72,233
04/01/2017,CRP,TX,ASW,CE,Combined TRACON& Tower with Radar,16,15,8,30,69,0,3,6,3,12,16,18,14,33,81,0,22,22,103
04/02/2017,CRP,TX,ASW,CE,Combined TRACON& Tower with Radar,21,10,10,19,60,0,6,13,1,20,21,16,23,20,80,2,26,28,108
04/03/2017,CRP,TX,ASW,CE,Combined TRACON& Tower with Radar,18,18,25,56,117,0,0,41,14,55,18,18,66,70,172,0,48,48,220
04/04/2017,CRP,TX,ASW,CE,Combined TRACON& Tower with Radar,19,18,24,56,117,0,1,33,7,41,19,19,57,63,158,0,128,128,286
04/05/2017,CRP,TX,ASW,CE,Combined TRACON& Tower with Radar,21,23,41,58,143,0,3,13,2,18,21,26,54,60,161,0,26,26,187
04/06/2017,CRP,TX,ASW,CE,Combined TRACON& Tower with Radar,20,21,26,64,131,0,6,41,7,54,20,27,67,71,185,0,52,52,237
04/07/2017,CRP,TX,ASW,CE,Combined TRACON& Tower with Radar,20,24,40,37,121,0,4,32,12,48,20,28,72,49,169,0,91,91,260
04/08/2017,CRP,TX,ASW,CE,Combined TRACON& Tower with Radar,18,14,19,34,85,0,1,22,13,36,18,15,41,47,121,20,74,94,215
04/09/2017,CRP,TX,ASW,CE,Combined TRACON& Tower with Radar,19,15,26,23,83,0,3,14,3,20,19,18,40,26,103,0,24,24,127
04/10/2017,CRP,TX,ASW,CE,Combined TRACON& Tower with Radar,19,24,26,36,105,0,1,4,3,8,19,25,30,39,113,0,42,42,155
04/11/2017,CRP,TX,ASW,CE,Combined TRACON& Tower with Radar,25,32,25,26,108,0,0,7,0,7,25,32,32,26,115,0,10,10,125
04/12/2017,CRP,TX,ASW,CE,Combined TRACON& Tower with Radar,19,21,35,64,139,0,4,14,4,22,19,25,49,68,161,0,136,136,297
04/13/2017,CRP,TX,ASW,CE,Combined TRACON& Tower with Radar,21,22,43,61,147,0,0,23,11,34,21,22,66,72,181,0,64,64,245
04/14/2017,CRP,TX,ASW,CE,Combined TRACON& Tower with Radar,20,21,20,33,94,0,1,18,9,28,20,22,38,42,122,10,62,72,194
04/15/2017,CRP,TX,ASW,CE,Combined TRACON& Tower with Radar,19,9,17,13,58,0,4,7,6,17,19,13,24,19,75,14,16,30,105
04/16/2017,CRP,TX,ASW,CE,Combined TRACON& Tower with Radar,26,14,9,8,57,0,1,10,2,13,26,15,19,10,70,0,22,22,92
04/17/2017,CRP,TX,ASW,CE,Combined TRACON& Tower with Radar,21,24,28,55,128,0,4,13,7,24,21,28,41,62,152,0,88,88,240
04/18/2017,CRP,TX,ASW,CE,Combined TRACON& Tower with Radar,22,18,72,45,157,0,2,20,8,30,22,20,92,53,187,14,64,78,265
04/19/2017,CRP,TX,ASW,CE,Combined TRACON& Tower with Radar,20,16,22,58,116,0,1,31,9,41,20,17,53,67,157,32,58,90,247
04/20/2017,CRP,TX,ASW,CE,Combined TRACON& Tower with Radar,22,18,37,58,135,0,3,24,15,42,22,21,61,73,177,14,154,168,345
04/21/2017,CRP,TX,ASW,CE,Combined TRACON& Tower with Radar,22,19,23,25,89,0,2,21,12,35,22,21,44,37,124,0,16,16,140
04/22/2017,CRP,TX,ASW,CE,Combined TRACON& Tower with Radar,18,10,13,27,68,0,2,8,9,19,18,12,21,36,87,0,26,26,113
04/23/2017,CRP,TX,ASW,CE,Combined TRACON& Tower with Radar,22,15,6,26,69,0,1,22,15,38,22,16,28,41,107,6,86,92,199
04/24/2017,CRP,TX,ASW,CE,Combined TRACON& Tower with Radar,20,22,28,48,118,0,2,30,6,38,20,24,58,54,156,0,44,44,200
04/25/2017,CRP,TX,ASW,CE,Combined TRACON& Tower with Radar,22,22,24,25,93,0,5,24,5,34,22,27,48,30,127,0,62,62,189
04/26/2017,CRP,TX,ASW,CE,Combined TRACON& Tower with Radar,17,32,45,37,131,0,4,26,4,34,17,36,71,41,165,20,28,48,213
04/27/2017,CRP,TX,ASW,CE,Combined TRACON& Tower with Radar,20,23,43,32,118,0,1,26,6,33,20,24,69,38,151,0,70,70,221
04/28/2017,CRP,TX,ASW,CE,Combined TRACON& Tower with Radar,20,27,28,41,116,0,2,11,2,15,20,29,39,43,131,0,14,14,145
04/29/2017,CRP,TX,ASW,CE,Combined TRACON& Tower with Radar,21,17,12,55,105,0,0,1,2,3,21,17,13,57,108,0,28,28,136
04/30/2017,CRP,TX,ASW,CE,Combined TRACON& Tower with Radar,14,11,14,28,67,0,1,24,10,35,14,12,38,38,102,12,28,40,142
05/01/2017,CRP,TX,ASW,CE,Combined TRACON& Tower with Radar,16,21,19,65,121,0,1,30,7,38,16,22,49,72,159,8,56,64,223
05/02/2017,CRP,TX,ASW,CE,Combined TRACON& Tower with Radar,19,22,38,74,153,0,4,26,10,40,19,26,64,84,193,0,106,106,299
05/03/2017,CRP,TX,ASW,CE,Combined TRACON& Tower with Radar,15,14,44,78,151,0,0,5,6,11,15,14,49,84,162,0,44,44,206
05/04/2017,CRP,TX,ASW,CE,Combined TRACON& Tower with Radar,22,24,46,55,147,0,9,23,7,39,22,33,69,62,186,0,26,26,212
05/05/2017,CRP,TX,ASW,CE,Combined TRACON& Tower with Radar,22,20,22,47,111,0,3,18,9,30,22,23,40,56,141,0,70,70,211
05/06/2017,CRP,TX,ASW,CE,Combined TRACON& Tower with Radar,16,12,8,40,76,0,3,18,6,27,16,15,26,46,103,0,74,74,177
05/07/2017,CRP,TX,ASW,CE,Combined TRACON& Tower with Radar,19,14,13,27,73,0,0,22,15,37,19,14,35,42,110,0,74,74,184
05/08/2017,CRP,TX,ASW,CE,Combined TRACON& Tower with Radar,20,21,26,93,160,0,2,13,12,27,20,23,39,105,187,8,234,242,429
05/09/2017,CRP,TX,ASW,CE,Combined TRACON& Tower with Radar,20,23,32,92,167,0,1,6,6,13,20,24,38,98,180,0,108,108,288
05/10/2017,CRP,TX,ASW,CE,Combined TRACON& Tower with Radar,20,19,33,104,176,0,7,12,1,20,20,26,45,105,196,0,44,44,240
05/11/2017,CRP,TX,ASW,CE,Combined TRACON& Tower with Radar,18,24,46,40,128,0,2,15,10,27,18,26,61,50,155,2,54,56,211
05/12/2017,CRP,TX,ASW,CE,Combined TRACON& Tower with Radar,20,26,27,17,90,0,3,21,6,30,20,29,48,23,120,0,16,16,136
05/13/2017,CRP,TX,ASW,CE,Combined TRACON& Tower with Radar,15,18,8,44,85,0,1,14,14,29,15,19,22,58,114,0,200,200,314
05/14/2017,CRP,TX,ASW,CE,Combined TRACON& Tower with Radar,19,10,10,26,65,0,8,21,8,37,19,18,31,34,102,0,76,76,178
05/15/2017,CRP,TX,ASW,CE,Combined TRACON& Tower with Radar,20,17,30,76,143,0,0,19,12,31,20,17,49,88,174,0,166,166,340
05/16/2017,CRP,TX,ASW,CE,Combined TRACON& Tower with Radar,19,23,37,51,130,0,6,10,3,19,19,29,47,54,149,8,70,78,227
05/17/2017,CRP,TX,ASW,CE,Combined TRACON& Tower with Radar,21,33,34,63,151,0,0,7,4,11,21,33,41,67,162,2,12,14,176
05/18/2017,CRP,TX,ASW,CE,Combined TRACON& Tower with Radar,20,21,25,50,116,0,3,7,13,23,20,24,32,63,139,12,170,182,321
05/19/2017,CRP,TX,ASW,CE,Combined TRACON& Tower with Radar,22,27,38,50,137,0,2,15,2,19,22,29,53,52,156,0,4,4,160
05/20/2017,CRP,TX,ASW,CE,Combined TRACON& Tower with Radar,15,11,11,40,77,0,1,17,15,33,15,12,28,55,110,10,118,128,238
05/21/2017,CRP,TX,ASW,CE,Combined TRACON& Tower with Radar,19,18,18,35,90,0,1,9,18,28,19,19,27,53,118,28,70,98,216
05/22/2017,CRP,TX,ASW,CE,Combined TRACON& Tower with Radar,22,24,28,75,149,0,3,6,1,10,22,27,34,76,159,0,4,4,163
05/23/2017,CRP,TX,ASW,CE,Combined TRACON& Tower with Radar,20,25,26,44,115,0,0,19,14,33,20,25,45,58,148,40,130,170,318
05/24/2017,CRP,TX,ASW,CE,Combined TRACON& Tower with Radar,19,22,33,64,138,0,2,38,15,55,19,24,71,79,193,14,94,108,301
05/25/2017,CRP,TX,ASW,CE,Combined TRACON& Tower with Radar,21,21,21,60,123,0,3,18,3,24,21,24,39,63,147,6,22,28,175
05/26/2017,CRP,TX,ASW,CE,Combined TRACON& Tower with Radar,21,25,30,46,122,0,3,6,6,15,21,28,36,52,137,0,148,148,285
05/27/2017,CRP,TX,ASW,CE,Combined TRACON& Tower with Radar,17,17,17,27,78,0,2,10,6,18,17,19,27,33,96,4,30,34,130
05/28/2017,CRP,TX,ASW,CE,Combined TRACON& Tower with Radar,17,6,8,27,58,0,4,4,2,10,17,10,12,29,68,0,0,0,68
05/29/2017,CRP,TX,ASW,CE,Combined TRACON& Tower with Radar,18,13,12,22,65,0,0,6,6,12,18,13,18,28,77,0,0,0,77
05/30/2017,CRP,TX,ASW,CE,Combined TRACON& Tower with Radar,20,21,23,97,161,0,2,23,10,35,20,23,46,107,196,0,272,272,468
05/31/2017,CRP,TX,ASW,CE,Combined TRACON& Tower with Radar,21,29,37,63,150,0,3,19,3,25,21,32,56,66,175,54,18,72,247
06/01/2017,CRP,TX,ASW,CE,Combined TRACON& Tower with Radar,18,23,32,71,144,0,0,6,6,12,18,23,38,77,156,10,92,102,258
06/02/2017,CRP,TX,ASW,CE,Combined TRACON& Tower with Radar,19,19,20,56,114,0,0,25,12,37,19,19,45,68,151,0,196,196,347
06/03/2017,CRP,TX,ASW,CE,Combined TRACON& Tower with Radar,22,16,12,69,119,0,1,22,20,43,22,17,34,89,162,0,420,420,582
06/04/2017,CRP,TX,ASW,CE,Combined TRACON& Tower with Radar,22,23,10,66,121,0,0,16,10,26,22,23,26,76,147,30,36,66,213
06/05/2017,CRP,TX,ASW,CE,Combined TRACON& Tower with Radar,21,24,22,23,90,0,1,24,12,37,21,25,46,35,127,0,44,44,171
06/06/2017,CRP,TX,ASW,CE,Combined TRACON& Tower with Radar,23,22,26,37,108,0,1,26,2,29,23,23,52,39,137,4,22,26,163
06/07/2017,CRP,TX,ASW,CE,Combined TRACON& Tower with Radar,20,18,30,72,140,0,4,37,9,50,20,22,67,81,190,10,36,46,236
06/08/2017,CRP,TX,ASW,CE,Combined TRACON& Tower with Radar,19,32,26,100,177,0,2,20,10,32,19,34,46,110,209,4,44,48,257
06/09/2017,CRP,TX,ASW,CE,Combined TRACON& Tower with Radar,20,23,27,63,133,0,3,23,4,30,20,26,50,67,163,0,22,22,185
06/10/2017,CRP,TX,ASW,CE,Combined TRACON& Tower with Radar,17,17,11,48,93,0,0,19,24,43,17,17,30,72,136,12,128,140,276
06/11/2017,CRP,TX,ASW,CE,Combined TRACON& Tower with Radar,18,17,13,42,90,0,4,18,22,44,18,21,31,64,134,18,96,114,248
06/12/2017,CRP,TX,ASW,CE,Combined TRACON& Tower with Radar,20,21,31,103,175,0,1,30,7,38,20,22,61,110,213,48,48,96,309
06/13/2017,CRP,TX,ASW,CE,Combined TRACON& Tower with Radar,20,16,25,91,152,0,1,19,6,26,20,17,44,97,178,100,62,162,340
06/14/2017,CRP,TX,ASW,CE,Combined TRACON& Tower with Radar,22,25,34,66,147,0,2,29,9,40,22,27,63,75,187,4,90,94,281
06/15/2017,CRP,TX,ASW,CE,Combined TRACON& Tower with Radar,20,18,47,76,161,0,4,32,7,43,20,22,79,83,204,0,14,14,218
06/16/2017,CRP,TX,ASW,CE,Combined TRACON& Tower with Radar,20,26,22,62,130,0,3,27,3,33,20,29,49,65,163,0,54,54,217
06/17/2017,CRP,TX,ASW,CE,Combined TRACON& Tower with Radar,22,11,10,27,70,0,4,13,16,33,22,15,23,43,103,0,122,122,225
06/18/2017,CRP,TX,ASW,CE,Combined TRACON& Tower with Radar,17,13,12,21,63,0,1,17,11,29,17,14,29,32,92,28,112,140,232
06/19/2017,CRP,TX,ASW,CE,Combined TRACON& Tower with Radar,20,16,35,106,177,0,2,27,8,37,20,18,62,114,214,0,26,26,240
06/20/2017,CRP,TX,ASW,CE,Combined TRACON& Tower with Radar,20,18,31,110,179,0,1,27,7,35,20,19,58,117,214,0,110,110,324
06/21/2017,CRP,TX,ASW,CE,Combined TRACON& Tower with Radar,20,25,21,113,179,0,2,26,11,39,20,27,47,124,218,0,36,36,254
06/22/2017,CRP,TX,ASW,CE,Combined TRACON& Tower with Radar,20,18,14,125,177,0,5,22,18,45,20,23,36,143,222,6,80,86,308
06/23/2017,CRP,TX,ASW,CE,Combined TRACON& Tower with Radar,20,23,26,87,156,0,5,31,10,46,20,28,57,97,202,0,46,46,248
06/24/2017,CRP,TX,ASW,CE,Combined TRACON& Tower with Radar,24,18,2,33,77,0,2,8,21,31,24,20,10,54,108,0,208,208,316
06/25/2017,CRP,TX,ASW,CE,Combined TRACON& Tower with Radar,21,16,13,32,82,0,2,10,16,28,21,18,23,48,110,4,110,114,224
06/26/2017,CRP,TX,ASW,CE,Combined TRACON& Tower with Radar,21,18,25,70,134,0,3,7,5,15,21,21,32,75,149,0,70,70,219
06/27/2017,CRP,TX,ASW,CE,Combined TRACON& Tower with Radar,19,25,26,137,207,0,4,3,8,15,19,29,29,145,222,8,108,116,338
06/28/2017,CRP,TX,ASW,CE,Combined TRACON& Tower with Radar,22,20,21,78,141,0,1,5,4,10,22,21,26,82,151,0,10,10,161
06/29/2017,CRP,TX,ASW,CE,Combined TRACON& Tower with Radar,20,28,40,80,168,0,2,32,18,52,20,30,72,98,220,0,196,196,416
06/30/2017,CRP,TX,ASW,CE,Combined TRACON& Tower with Radar,21,21,28,71,141,0,1,15,10,26,21,22,43,81,167,0,4,4,171
07/01/2017,CRP,TX,ASW,CE,Combined TRACON& Tower with Radar,18,17,17,15,67,0,4,12,2,18,18,21,29,17,85,6,0,6,91
07/02/2017,CRP,TX,ASW,CE,Combined TRACON& Tower with Radar,17,10,6,10,43,0,0,28,4,32,17,10,34,14,75,12,16,28,103
07/03/2017,CRP,TX,ASW,CE,Combined TRACON& Tower with Radar,16,10,11,0,37,0,1,19,5,25,16,11,30,5,62,4,38,42,104
07/04/2017,CRP,TX,ASW,CE,Combined TRACON& Tower with Radar,18,9,7,0,34,0,3,17,1,21,18,12,24,1,55,0,0,0,55
07/05/2017,CRP,TX,ASW,CE,Combined TRACON& Tower with Radar,17,22,20,56,115,0,1,13,8,22,17,23,33,64,137,0,28,28,165
07/06/2017,CRP,TX,ASW,CE,Combined TRACON& Tower with Radar,21,27,22,71,141,0,3,28,8,39,21,30,50,79,180,6,38,44,224
07/07/2017,CRP,TX,ASW,CE,Combined TRACON& Tower with Radar,20,24,18,71,133,0,2,16,6,24,20,26,34,77,157,10,28,38,195
07/08/2017,CRP,TX,ASW,CE,Combined TRACON& Tower with Radar,15,12,9,57,93,0,2,24,16,42,15,14,33,73,135,22,148,170,305
07/09/2017,CRP,TX,ASW,CE,Combined TRACON& Tower with Radar,20,12,9,65,106,0,1,13,17,31,20,13,22,82,137,4,86,90,227
07/10/2017,CRP,TX,ASW,CE,Combined TRACON& Tower with Radar,22,19,20,137,198,0,2,37,11,50,22,21,57,148,248,8,158,166,414
07/11/2017,CRP,TX,ASW,CE,Combined TRACON& Tower with Radar,21,27,36,133,217,0,5,35,23,63,21,32,71,156,280,18,192,210,490
07/12/2017,CRP,TX,ASW,CE,Combined TRACON& Tower with Radar,20,19,42,119,200,0,2,22,5,29,20,21,64,124,229,0,86,86,315
07/13/2017,CRP,TX,ASW,CE,Combined TRACON& Tower with Radar,19,30,34,70,153,0,2,24,11,37,19,32,58,81,190,6,34,40,230
07/14/2017,CRP,TX,ASW,CE,Combined TRACON& Tower with Radar,19,20,18,84,141,0,3,26,8,37,19,23,44,92,178,0,109,109,287
07/15/2017,CRP,TX,ASW,CE,Combined TRACON& Tower with Radar,18,16,12,67,113,0,0,14,8,22,18,16,26,75,135,2,44,46,181
07/16/2017,CRP,TX,ASW,CE,Combined TRACON& Tower with Radar,17,15,17,42,91,0,1,13,10,24,17,16,30,52,115,0,30,30,145
07/17/2017,CRP,TX,ASW,CE,Combined TRACON& Tower with Radar,21,21,25,98,165,0,3,20,10,33,21,24,45,108,198,6,160,166,364
07/18/2017,CRP,TX,ASW,CE,Combined TRACON& Tower with Radar,20,27,42,74,163,0,0,35,6,41,20,27,77,80,204,26,36,62,266
07/19/2017,CRP,TX,ASW,CE,Combined TRACON& Tower with Radar,20,18,33,111,182,0,3,37,21,61,20,21,70,132,243,18,44,62,305
07/20/2017,CRP,TX,ASW,CE,Combined TRACON& Tower with Radar,20,19,31,81,151,0,6,25,15,46,20,25,56,96,197,0,158,158,355
07/21/2017,CRP,TX,ASW,CE,Combined TRACON& Tower with Radar,20,21,22,60,123,0,3,30,8,41,20,24,52,68,164,0,132,132,296
07/22/2017,CRP,TX,ASW,CE,Combined TRACON& Tower with Radar,17,12,13,66,108,0,8,13,21,42,17,20,26,87,150,20,254,274,424
07/23/2017,CRP,TX,ASW,CE,Combined TRACON& Tower with Radar,20,14,10,88,132,0,6,19,11,36,20,20,29,99,168,0,40,40,208
07/24/2017,CRP,TX,ASW,CE,Combined TRACON& Tower with Radar,21,19,27,69,136,0,3,10,9,22,21,22,37,78,158,0,58,58,216
07/25/2017,CRP,TX,ASW,CE,Combined TRACON& Tower with Radar,20,24,40,88,172,0,6,7,4,17,20,30,47,92,189,0,68,68,257
07/26/2017,CRP,TX,ASW,CE,Combined TRACON& Tower with Radar,21,19,24,88,152,0,2,23,9,34,21,21,47,97,186,4,272,276,462
07/27/2017,CRP,TX,ASW,CE,Combined TRACON& Tower with Radar,20,27,34,91,172,0,3,23,6,32,20,30,57,97,204,0,18,18,222
07/28/2017,CRP,TX,ASW,CE,Combined TRACON& Tower with Radar,19,20,21,108,168,0,0,19,13,32,19,20,40,121,200,0,194,194,394
07/29/2017,CRP,TX,ASW,CE,Combined TRACON& Tower with Radar,17,15,16,82,130,0,6,24,5,35,17,21,40,87,165,0,132,132,297
07/30/2017,CRP,TX,ASW,CE,Combined TRACON& Tower with Radar,22,12,10,53,97,0,5,19,1,25,22,17,29,54,122,0,40,40,162
07/31/2017,CRP,TX,ASW,CE,Combined TRACON& Tower with Radar,19,18,18,118,173,0,5,16,1,22,19,23,34,119,195,0,12,12,207
08/01/2017,CRP,TX,ASW,CE,Combined TRACON& Tower with Radar,22,17,30,74,143,0,2,26,3,31,22,19,56,77,174,0,74,74,248
08/02/2017,CRP,TX,ASW,CE,Combined TRACON& Tower with Radar,19,19,41,124,203,0,16,20,15,51,19,35,61,139,254,0,56,56,310
08/03/2017,CRP,TX,ASW,CE,Combined TRACON& Tower with Radar,20,29,31,68,148,0,13,18,15,46,20,42,49,83,194,0,198,198,392
08/04/2017,CRP,TX,ASW,CE,Combined TRACON& Tower with Radar,21,27,24,45,117,0,3,20,12,35,21,30,44,57,152,0,100,100,252
08/05/2017,CRP,TX,ASW,CE,Combined TRACON& Tower with Radar,15,11,13,79,118,0,0,24,19,43,15,11,37,98,161,10,70,80,241
08/06/2017,CRP,TX,ASW,CE,Combined TRACON& Tower with Radar,28,15,16,90,149,0,7,4,2,13,28,22,20,92,162,14,22,36,198
08/07/2017,CRP,TX,ASW,CE,Combined TRACON& Tower with Radar,20,14,28,137,199,0,2,9,23,34,20,16,37,160,233,28,108,136,369
08/08/2017,CRP,TX,ASW,CE,Combined TRACON& Tower with Radar,22,23,27,98,170,0,4,15,18,37,22,27,42,116,207,0,160,160,367
08/09/2017,CRP,TX,ASW,CE,Combined TRACON& Tower with Radar,20,21,29,179,249,0,3,15,12,30,20,24,44,191,279,0,86,86,365
08/10/2017,CRP,TX,ASW,CE,Combined TRACON& Tower with Radar,20,29,38,200,287,0,1,10,15,26,20,30,48,215,313,0,234,234,547
08/11/2017,CRP,TX,ASW,CE,Combined TRACON& Tower with Radar,20,27,20,68,135,0,6,25,9,40,20,33,45,77,175,6,36,42,217
08/12/2017,CRP,TX,ASW,CE,Combined TRACON& Tower with Radar,15,14,7,97,133,0,1,15,24,40,15,15,22,121,173,0,72,72,245
08/13/2017,CRP,TX,ASW,CE,Combined TRACON& Tower with Radar,15,18,17,35,85,0,0,20,16,36,15,18,37,51,121,20,130,150,271
08/14/2017,CRP,TX,ASW,CE,Combined TRACON& Tower with Radar,17,19,13,133,182,0,10,22,4,36,17,29,35,137,218,0,60,60,278
08/15/2017,CRP,TX,ASW,CE,Combined TRACON& Tower with Radar,20,27,30,134,211,0,3,25,8,36,20,30,55,142,247,20,44,64,311
08/16/2017,CRP,TX,ASW,CE,Combined TRACON& Tower with Radar,20,25,45,79,169,0,4,29,11,44,20,29,74,90,213,10,78,88,301
08/17/2017,CRP,TX,ASW,CE,Combined TRACON& Tower with Radar,20,24,34,134,212,0,3,22,17,42,20,27,56,151,254,4,70,74,328
08/18/2017,CRP,TX,ASW,CE,Combined TRACON& Tower with Radar,20,21,22,104,167,0,4,18,15,37,20,25,40,119,204,0,90,90,294
08/19/2017,CRP,TX,ASW,CE,Combined TRACON& Tower with Radar,16,13,22,109,160,0,6,20,27,53,16,19,42,136,213,0,134,134,347
08/20/2017,CRP,TX,ASW,CE,Combined TRACON& Tower with Radar,18,15,4,115,152,0,8,19,29,56,18,23,23,144,208,0,170,170,378
08/21/2017,CRP,TX,ASW,CE,Combined TRACON& Tower with Radar,20,24,23,84,151,0,2,17,11,30,20,26,40,95,181,6,78,84,265
08/22/2017,CRP,TX,ASW,CE,Combined TRACON& Tower with Radar,19,18,22,111,170,0,4,22,8,34,19,22,44,119,204,4,72,76,280
08/23/2017,CRP,TX,ASW,CE,Combined TRACON& Tower with Radar,20,18,40,82,160,0,5,13,3,21,20,23,53,85,181,0,12,12,193
08/24/2017,CRP,TX,ASW,CE,Combined TRACON& Tower with Radar,18,50,45,0,113,0,5,18,4,27,18,55,63,4,140,0,0,0,140
08/25/2017,CRP,TX,ASW,CE,Combined TRACON& Tower with Radar,0,6,0,0,6,0,0,0,0,0,0,6,0,0,6,0,0,0,6
08/26/2017,CRP,TX,ASW,CE,Combined TRACON& Tower with Radar,0,0,0,0,0,0,0,0,0,0,0,0,0,0,0,0,0,0,0
08/27/2017,CRP,TX,ASW,CE,Combined TRACON& Tower with Radar,0,0,0,0,0,0,0,1,0,1,0,0,1,0,1,0,0,0,1
08/28/2017,CRP,TX,ASW,CE,Combined TRACON& Tower with Radar,11,2,19,12,44,0,3,12,2,17,11,5,31,14,61,0,0,0,61
08/29/2017,CRP,TX,ASW,CE,Combined TRACON& Tower with Radar,17,10,27,10,64,0,5,21,2,28,17,15,48,12,92,0,0,0,92
08/30/2017,CRP,TX,ASW,CE,Combined TRACON& Tower with Radar,10,16,48,10,84,0,15,42,10,67,10,31,90,20,151,8,0,8,159
08/31/2017,CRP,TX,ASW,CE,Combined TRACON& Tower with Radar,17,11,35,17,80,0,13,34,9,56,17,24,69,26,136,0,0,0,136
09/01/2017,CRP,TX,ASW,CE,Combined TRACON& Tower with Radar,15,18,35,9,77,0,11,70,6,87,15,29,105,15,164,0,0,0,164
09/02/2017,CRP,TX,ASW,CE,Combined TRACON& Tower with Radar,8,12,21,0,41,0,14,31,5,50,8,26,52,5,91,0,6,6,97
09/03/2017,CRP,TX,ASW,CE,Combined TRACON& Tower with Radar,18,7,8,0,33,0,7,19,2,28,18,14,27,2,61,14,0,14,75
09/04/2017,CRP,TX,ASW,CE,Combined TRACON& Tower with Radar,20,5,22,4,51,0,4,21,2,27,20,9,43,6,78,0,0,0,78
09/05/2017,CRP,TX,ASW,CE,Combined TRACON& Tower with Radar,19,14,26,194,253,0,10,25,15,50,19,24,51,209,303,0,268,268,571
09/06/2017,CRP,TX,ASW,CE,Combined TRACON& Tower with Radar,18,31,40,123,212,0,0,18,5,23,18,31,58,128,235,36,26,62,297
09/07/2017,CRP,TX,ASW,CE,Combined TRACON& Tower with Radar,22,20,50,138,230,0,2,54,9,65,22,22,104,147,295,12,206,218,513
09/08/2017,CRP,TX,ASW,CE,Combined TRACON& Tower with Radar,21,25,44,96,186,0,5,60,22,87,21,30,104,118,273,0,112,112,385
09/09/2017,CRP,TX,ASW,CE,Combined TRACON& Tower with Radar,21,10,24,132,187,0,1,50,13,64,21,11,74,145,251,0,64,64,315
09/10/2017,CRP,TX,ASW,CE,Combined TRACON& Tower with Radar,18,17,19,86,140,0,7,51,17,75,18,24,70,103,215,20,30,50,265
09/11/2017,CRP,TX,ASW,CE,Combined TRACON& Tower with Radar,25,11,16,123,175,0,3,35,16,54,25,14,51,139,229,0,146,146,375
09/12/2017,CRP,TX,ASW,CE,Combined TRACON& Tower with Radar,24,21,31,93,169,0,4,50,10,64,24,25,81,103,233,0,184,184,417
09/13/2017,CRP,TX,ASW,CE,Combined TRACON& Tower with Radar,24,20,25,84,153,0,8,36,16,60,24,28,61,100,213,10,88,98,311
09/14/2017,CRP,TX,ASW,CE,Combined TRACON& Tower with Radar,24,25,35,110,194,0,5,37,14,56,24,30,72,124,250,14,254,268,518
09/15/2017,CRP,TX,ASW,CE,Combined TRACON& Tower with Radar,24,23,39,81,167,0,2,38,13,53,24,25,77,94,220,0,226,226,446
09/16/2017,CRP,TX,ASW,CE,Combined TRACON& Tower with Radar,22,13,17,128,180,0,0,19,13,32,22,13,36,141,212,0,108,108,320
09/17/2017,CRP,TX,ASW,CE,Combined TRACON& Tower with Radar,22,18,14,69,123,0,4,23,25,52,22,22,37,94,175,16,114,130,305
09/18/2017,CRP,TX,ASW,CE,Combined TRACON& Tower with Radar,24,24,33,143,224,0,2,20,24,46,24,26,53,167,270,0,154,154,424
09/19/2017,CRP,TX,ASW,CE,Combined TRACON& Tower with Radar,24,20,38,118,200,0,4,35,23,62,24,24,73,141,262,10,42,52,314
09/20/2017,CRP,TX,ASW,CE,Combined TRACON& Tower with Radar,24,22,41,117,204,0,1,33,37,71,24,23,74,154,275,12,148,160,435
09/21/2017,CRP,TX,ASW,CE,Combined TRACON& Tower with Radar,24,21,29,149,223,0,5,24,17,46,24,26,53,166,269,22,154,176,445
09/22/2017,CRP,TX,ASW,CE,Combined TRACON& Tower with Radar,25,18,33,67,143,0,3,22,13,38,25,21,55,80,181,0,56,56,237
09/23/2017,CRP,TX,ASW,CE,Combined TRACON& Tower with Radar,22,8,18,53,101,0,5,16,15,36,22,13,34,68,137,0,46,46,183
09/24/2017,CRP,TX,ASW,CE,Combined TRACON& Tower with Radar,22,11,7,61,101,0,12,13,15,40,22,23,20,76,141,16,60,76,217
09/25/2017,CRP,TX,ASW,CE,Combined TRACON& Tower with Radar,26,17,25,110,178,0,2,12,12,26,26,19,37,122,204,0,128,128,332
09/26/2017,CRP,TX,ASW,CE,Combined TRACON& Tower with Radar,28,18,18,118,182,0,0,21,12,33,28,18,39,130,215,0,330,330,545
09/27/2017,CRP,TX,ASW,CE,Combined TRACON& Tower with Radar,24,20,29,153,226,0,1,10,9,20,24,21,39,162,246,12,230,242,488
09/28/2017,CRP,TX,ASW,CE,Combined TRACON& Tower with Radar,28,21,23,114,186,0,2,15,10,27,28,23,38,124,213,30,110,140,353
09/29/2017,CRP,TX,ASW,CE,Combined TRACON& Tower with Radar,26,25,24,98,173,0,1,12,4,17,26,26,36,102,190,0,48,48,238
09/30/2017,CRP,TX,ASW,CE,Combined TRACON& Tower with Radar,20,7,17,28,72,0,4,19,3,26,20,11,36,31,98,0,42,42,140
10/01/2017,CRP,TX,ASW,CE,Combined TRACON& Tower with Radar,23,8,16,24,71,0,3,29,8,40,23,11,45,32,111,0,32,32,143
10/02/2017,CRP,TX,ASW,CE,Combined TRACON& Tower with Radar,27,14,14,141,196,0,9,21,14,44,27,23,35,155,240,0,94,94,334
10/03/2017,CRP,TX,ASW,CE,Combined TRACON& Tower with Radar,28,19,21,64,132,0,0,8,3,11,28,19,29,67,143,10,14,24,167
10/04/2017,CRP,TX,ASW,CE,Combined TRACON& Tower with Radar,23,19,30,129,201,0,1,8,10,19,23,20,38,139,220,0,32,32,252
10/05/2017,CRP,TX,ASW,CE,Combined TRACON& Tower with Radar,23,25,37,70,155,0,0,19,7,26,23,25,56,77,181,70,164,234,415
10/06/2017,CRP,TX,ASW,CE,Combined TRACON& Tower with Radar,25,16,29,56,126,0,2,22,3,27,25,18,51,59,153,0,108,108,261
10/07/2017,CRP,TX,ASW,CE,Combined TRACON& Tower with Radar,17,11,9,59,96,0,3,24,6,33,17,14,33,65,129,0,22,22,151
10/08/2017,CRP,TX,ASW,CE,Combined TRACON& Tower with Radar,22,13,15,24,74,0,0,21,3,24,22,13,36,27,98,4,16,20,118
10/09/2017,CRP,TX,ASW,CE,Combined TRACON& Tower with Radar,24,13,18,14,69,0,0,18,0,18,24,13,36,14,87,0,0,0,87
10/10/2017,CRP,TX,ASW,CE,Combined TRACON& Tower with Radar,24,21,24,75,144,0,1,7,0,8,24,22,31,75,152,0,0,0,152
10/11/2017,CRP,TX,ASW,CE,Combined TRACON& Tower with Radar,24,17,28,114,183,0,4,20,11,35,24,21,48,125,218,0,212,212,430
10/12/2017,CRP,TX,ASW,CE,Combined TRACON& Tower with Radar,24,22,45,121,212,0,0,21,9,30,24,22,66,130,242,40,144,184,426
10/13/2017,CRP,TX,ASW,CE,Combined TRACON& Tower with Radar,24,18,20,64,126,0,2,22,10,34,24,20,42,74,160,0,292,292,452
10/14/2017,CRP,TX,ASW,CE,Combined TRACON& Tower with Radar,17,7,19,88,131,0,0,17,8,25,17,7,36,96,156,0,222,222,378
10/15/2017,CRP,TX,ASW,CE,Combined TRACON& Tower with Radar,21,12,16,54,103,0,0,24,9,33,21,12,40,63,136,2,24,26,162
10/16/2017,CRP,TX,ASW,CE,Combined TRACON& Tower with Radar,24,12,22,132,190,0,4,39,12,55,24,16,61,144,245,0,100,100,345
10/17/2017,CRP,TX,ASW,CE,Combined TRACON& Tower with Radar,24,16,14,98,152,0,7,19,4,30,24,23,33,102,182,18,26,44,226
10/18/2017,CRP,TX,ASW,CE,Combined TRACON& Tower with Radar,23,21,25,117,186,0,4,35,17,56,23,25,60,134,242,8,280,288,530
10/19/2017,CRP,TX,ASW,CE,Combined TRACON& Tower with Radar,24,23,39,138,224,0,0,16,20,36,24,23,55,158,260,86,354,440,700
10/20/2017,CRP,TX,ASW,CE,Combined TRACON& Tower with Radar,24,23,42,61,150,0,0,14,7,21,24,23,56,68,171,0,270,270,441
10/21/2017,CRP,TX,ASW,CE,Combined TRACON& Tower with Radar,17,7,7,62,93,0,3,12,18,33,17,10,19,80,126,0,368,368,494
10/22/2017,CRP,TX,ASW,CE,Combined TRACON& Tower with Radar,19,10,25,71,125,0,0,17,9,26,19,10,42,80,151,0,82,82,233
10/23/2017,CRP,TX,ASW,CE,Combined TRACON& Tower with Radar,24,12,35,72,143,0,2,42,21,65,24,14,77,93,208,0,128,128,336
10/24/2017,CRP,TX,ASW,CE,Combined TRACON& Tower with Radar,24,26,28,104,182,0,2,30,6,38,24,28,58,110,220,0,104,104,324
10/25/2017,CRP,TX,ASW,CE,Combined TRACON& Tower with Radar,24,16,26,86,152,0,4,46,16,66,24,20,72,102,218,0,220,220,438
10/26/2017,CRP,TX,ASW,CE,Combined TRACON& Tower with Radar,24,18,38,95,175,0,1,40,16,57,24,19,78,111,232,12,132,144,376
10/27/2017,CRP,TX,ASW,CE,Combined TRACON& Tower with Radar,23,14,48,96,181,0,1,14,13,28,23,15,62,109,209,0,140,140,349
10/28/2017,CRP,TX,ASW,CE,Combined TRACON& Tower with Radar,18,14,6,24,62,0,0,46,8,54,18,14,52,32,116,2,188,190,306
10/29/2017,CRP,TX,ASW,CE,Combined TRACON& Tower with Radar,19,14,13,10,56,0,4,34,5,43,19,18,47,15,99,2,30,32,131
10/30/2017,CRP,TX,ASW,CE,Combined TRACON& Tower with Radar,22,14,25,104,165,0,7,45,11,63,22,21,70,115,228,0,162,162,390
10/31/2017,CRP,TX,ASW,CE,Combined TRACON& Tower with Radar,18,25,32,80,155,0,3,10,10,23,18,28,42,90,178,0,206,206,384
11/01/2017,CRP,TX,ASW,CE,Combined TRACON& Tower with Radar,22,21,24,149,216,0,4,26,3,33,22,25,50,152,249,0,104,104,353
11/02/2017,CRP,TX,ASW,CE,Combined TRACON& Tower with Radar,26,17,57,84,184,0,5,14,4,23,26,22,71,88,207,4,290,294,501
11/03/2017,CRP,TX,ASW,CE,Combined TRACON& Tower with Radar,24,16,35,63,138,0,0,12,7,19,24,16,47,70,157,0,370,370,527
11/04/2017,CRP,TX,ASW,CE,Combined TRACON& Tower with Radar,20,8,6,64,98,0,5,19,24,48,20,13,25,88,146,6,254,260,406
11/05/2017,CRP,TX,ASW,CE,Combined TRACON& Tower with Radar,22,13,23,53,111,0,1,22,14,37,22,14,45,67,148,0,186,186,334
11/06/2017,CRP,TX,ASW,CE,Combined TRACON& Tower with Radar,22,10,29,106,167,0,3,27,17,47,22,13,56,123,214,6,256,262,476
11/07/2017,CRP,TX,ASW,CE,Combined TRACON& Tower with Radar,24,22,22,113,181,0,3,27,8,38,24,25,49,121,219,0,250,250,469
11/08/2017,CRP,TX,ASW,CE,Combined TRACON& Tower with Radar,24,22,40,51,137,0,0,1,9,10,24,22,41,60,147,12,74,86,233
11/09/2017,CRP,TX,ASW,CE,Combined TRACON& Tower with Radar,25,19,26,95,165,0,2,8,2,12,25,21,34,97,177,6,184,190,367
11/10/2017,CRP,TX,ASW,CE,Combined TRACON& Tower with Radar,23,18,35,30,106,0,3,21,4,28,23,21,56,34,134,0,164,164,298
11/11/2017,CRP,TX,ASW,CE,Combined TRACON& Tower with Radar,17,9,17,44,87,0,6,23,3,32,17,15,40,47,119,0,2,2,121
11/12/2017,CRP,TX,ASW,CE,Combined TRACON& Tower with Radar,24,8,16,4,52,0,0,2,1,3,24,8,18,5,55,0,32,32,87
11/13/2017,CRP,TX,ASW,CE,Combined TRACON& Tower with Radar,21,13,21,117,172,0,3,23,8,34,21,16,44,125,206,0,116,116,322
11/14/2017,CRP,TX,ASW,CE,Combined TRACON& Tower with Radar,23,15,39,112,189,0,2,26,12,40,23,17,65,124,229,0,284,284,513
11/15/2017,CRP,TX,ASW,CE,Combined TRACON& Tower with Radar,22,17,30,87,156,0,3,33,14,50,22,20,63,101,206,4,268,272,478
11/16/2017,CRP,TX,ASW,CE,Combined TRACON& Tower with Radar,23,15,43,25,106,0,7,22,1,30,23,22,65,26,136,42,20,62,198
11/17/2017,CRP,TX,ASW,CE,Combined TRACON& Tower with Radar,23,24,25,90,162,0,1,22,10,33,23,25,47,100,195,0,88,88,283
11/18/2017,CRP,TX,ASW,CE,Combined TRACON& Tower with Radar,20,16,15,44,95,0,1,19,32,52,20,17,34,76,147,0,312,312,459
11/19/2017,CRP,TX,ASW,CE,Combined TRACON& Tower with Radar,22,13,20,22,77,0,1,42,21,64,22,14,62,43,141,4,110,114,255
11/20/2017,CRP,TX,ASW,CE,Combined TRACON& Tower with Radar,21,19,28,87,155,0,2,20,19,41,21,21,48,106,196,0,206,206,402
11/21/2017,CRP,TX,ASW,CE,Combined TRACON& Tower with Radar,20,22,18,117,177,0,2,20,13,35,20,24,38,130,212,0,62,62,274
11/22/2017,CRP,TX,ASW,CE,Combined TRACON& Tower with Radar,26,18,22,55,121,0,6,26,10,42,26,24,48,65,163,0,18,18,181
11/23/2017,CRP,TX,ASW,CE,Combined TRACON& Tower with Radar,15,9,3,0,27,0,0,14,0,14,15,9,17,0,41,0,0,0,41
11/24/2017,CRP,TX,ASW,CE,Combined TRACON& Tower with Radar,19,10,12,3,44,0,1,28,1,30,19,11,40,4,74,0,4,4,78
11/25/2017,CRP,TX,ASW,CE,Combined TRACON& Tower with Radar,19,10,13,12,54,0,4,25,1,30,19,14,38,13,84,0,0,0,84
11/26/2017,CRP,TX,ASW,CE,Combined TRACON& Tower with Radar,27,19,10,0,56,0,1,24,0,25,27,20,34,0,81,0,0,0,81
11/27/2017,CRP,TX,ASW,CE,Combined TRACON& Tower with Radar,24,18,24,76,142,0,5,27,11,43,24,23,51,87,185,16,70,86,271
11/28/2017,CRP,TX,ASW,CE,Combined TRACON& Tower with Radar,22,18,26,120,186,0,3,21,3,27,22,21,47,123,213,0,18,18,231
11/29/2017,CRP,TX,ASW,CE,Combined TRACON& Tower with Radar,26,16,38,88,168,0,4,13,12,29,26,20,51,100,197,0,108,108,305
11/30/2017,CRP,TX,ASW,CE,Combined TRACON& Tower with Radar,24,25,30,86,165,0,4,21,11,36,24,29,51,97,201,0,246,246,447
12/01/2017,CRP,TX,ASW,CE,Combined TRACON& Tower with Radar,26,21,26,90,163,0,1,24,8,33,26,22,50,98,196,0,8,8,204
12/02/2017,CRP,TX,ASW,CE,Combined TRACON& Tower with Radar,18,11,9,131,169,0,4,27,16,47,18,15,36,147,216,0,120,120,336
12/03/2017,CRP,TX,ASW,CE,Combined TRACON& Tower with Radar,24,10,20,79,133,0,1,6,14,21,24,11,26,93,154,0,106,106,260
12/04/2017,CRP,TX,ASW,CE,Combined TRACON& Tower with Radar,24,21,35,109,189,0,3,13,15,31,24,24,48,124,220,0,276,276,496
12/05/2017,CRP,TX,ASW,CE,Combined TRACON& Tower with Radar,22,15,37,48,122,0,0,3,2,5,22,15,40,50,127,0,22,22,149
12/06/2017,CRP,TX,ASW,CE,Combined TRACON& Tower with Radar,26,13,28,60,127,0,0,1,0,1,26,13,29,60,128,0,8,8,136
12/07/2017,CRP,TX,ASW,CE,Combined TRACON& Tower with Radar,22,15,27,14,78,0,1,1,0,2,22,16,28,14,80,0,0,0,80
12/08/2017,CRP,TX,ASW,CE,Combined TRACON& Tower with Radar,16,18,21,61,116,0,5,18,13,36,16,23,39,74,152,14,78,92,244
12/09/2017,CRP,TX,ASW,CE,Combined TRACON& Tower with Radar,16,8,16,52,92,0,2,26,35,63,16,10,42,87,155,4,232,236,391
12/10/2017,CRP,TX,ASW,CE,Combined TRACON& Tower with Radar,20,11,9,51,91,0,3,27,23,53,20,14,36,74,144,10,112,122,266
12/11/2017,CRP,TX,ASW,CE,Combined TRACON& Tower with Radar,21,12,28,105,166,0,5,17,6,28,21,17,45,111,194,0,68,68,262
12/12/2017,CRP,TX,ASW,CE,Combined TRACON& Tower with Radar,21,21,33,108,183,0,6,36,9,51,21,27,69,117,234,8,84,92,326
12/13/2017,CRP,TX,ASW,CE,Combined TRACON& Tower with Radar,26,16,31,78,151,0,6,25,13,44,26,22,56,91,195,0,152,152,347
12/14/2017,CRP,TX,ASW,CE,Combined TRACON& Tower with Radar,23,13,36,92,164,0,4,15,8,27,23,17,51,100,191,10,132,142,333
12/15/2017,CRP,TX,ASW,CE,Combined TRACON& Tower with Radar,25,16,24,34,99,0,3,10,11,24,25,19,34,45,123,0,64,64,187
12/16/2017,CRP,TX,ASW,CE,Combined TRACON& Tower with Radar,22,11,14,67,114,0,0,0,2,2,22,11,14,69,116,0,52,52,168
12/17/2017,CRP,TX,ASW,CE,Combined TRACON& Tower with Radar,19,13,13,57,102,0,0,1,0,1,19,13,14,57,103,0,0,0,103
12/18/2017,CRP,TX,ASW,CE,Combined TRACON& Tower with Radar,21,16,21,70,128,0,0,0,0,0,21,16,21,70,128,0,14,14,142
12/19/2017,CRP,TX,ASW,CE,Combined TRACON& Tower with Radar,23,22,37,69,151,0,0,5,3,8,23,22,42,72,159,0,20,20,179
12/20/2017,CRP,TX,ASW,CE,Combined TRACON& Tower with Radar,22,28,26,65,141,0,8,33,24,65,22,36,59,89,206,0,353,353,559
12/21/2017,CRP,TX,ASW,CE,Combined TRACON& Tower with Radar,22,21,33,42,118,0,0,11,0,11,22,21,44,42,129,0,106,106,235
12/22/2017,CRP,TX,ASW,CE,Combined TRACON& Tower with Radar,19,20,16,55,110,0,7,4,1,12,19,27,20,56,122,0,0,0,122
12/23/2017,CRP,TX,ASW,CE,Combined TRACON& Tower with Radar,19,19,0,0,38,0,4,7,0,11,19,23,7,0,49,14,0,14,63
12/24/2017,CRP,TX,ASW,CE,Combined TRACON& Tower with Radar,16,13,5,0,34,0,1,5,0,6,16,14,10,0,40,0,0,0,40
12/25/2017,CRP,TX,ASW,CE,Combined TRACON& Tower with Radar,15,13,2,0,30,0,0,1,0,1,15,13,3,0,31,0,0,0,31
12/26/2017,CRP,TX,ASW,CE,Combined TRACON& Tower with Radar,18,22,16,0,56,0,1,1,0,2,18,23,17,0,58,0,0,0,58
12/27/2017,CRP,TX,ASW,CE,Combined TRACON& Tower with Radar,18,21,21,22,82,0,0,2,0,2,18,21,23,22,84,0,0,0,84
12/28/2017,CRP,TX,ASW,CE,Combined TRACON& Tower with Radar,16,25,19,63,123,0,5,4,0,9,16,30,23,63,132,0,0,0,132
12/29/2017,CRP,TX,ASW,CE,Combined TRACON& Tower with Radar,16,32,9,50,107,0,0,1,0,1,16,32,10,50,108,0,38,38,146
12/30/2017,CRP,TX,ASW,CE,Combined TRACON& Tower with Radar,17,21,15,8,61,0,0,0,0,0,17,21,15,8,61,0,0,0,61
12/31/2017,CRP,TX,ASW,CE,Combined TRACON& Tower with Radar,11,17,4,0,32,0,0,1,0,1,11,17,5,0,33,0,0,0,33
01/01/2018,CRP,TX,ASW,CE,Combined TRACON& Tower with Radar,16,16,6,0,38,0,2,3,0,5,16,18,9,0,43,0,0,0,43
01/02/2018,CRP,TX,ASW,CE,Combined TRACON& Tower with Radar,16,20,11,13,60,0,5,1,0,6,16,25,12,13,66,28,0,28,94
01/03/2018,CRP,TX,ASW,CE,Combined TRACON& Tower with Radar,21,26,23,24,94,0,6,21,5,32,21,32,44,29,126,6,48,54,180
01/04/2018,CRP,TX,ASW,CE,Combined TRACON& Tower with Radar,20,23,24,33,100,0,3,19,16,38,20,26,43,49,138,8,138,146,284
01/05/2018,CRP,TX,ASW,CE,Combined TRACON& Tower with Radar,19,22,29,89,159,0,0,21,9,30,19,22,50,98,189,0,180,180,369
01/06/2018,CRP,TX,ASW,CE,Combined TRACON& Tower with Radar,14,16,11,109,150,0,1,15,24,40,14,17,26,133,190,0,118,118,308
01/07/2018,CRP,TX,ASW,CE,Combined TRACON& Tower with Radar,16,16,11,54,97,0,2,8,28,38,16,18,19,82,135,0,228,228,363
01/08/2018,CRP,TX,ASW,CE,Combined TRACON& Tower with Radar,19,19,21,139,198,0,2,21,10,33,19,21,42,149,231,0,186,186,417
01/09/2018,CRP,TX,ASW,CE,Combined TRACON& Tower with Radar,21,25,27,138,211,0,1,21,8,30,21,26,48,146,241,0,82,82,323
01/10/2018,CRP,TX,ASW,CE,Combined TRACON& Tower with Radar,20,22,33,109,184,0,0,20,13,33,20,22,53,122,217,0,146,146,363
01/11/2018,CRP,TX,ASW,CE,Combined TRACON& Tower with Radar,28,26,24,88,166,0,3,11,13,27,28,29,35,101,193,0,16,16,209
01/12/2018,CRP,TX,ASW,CE,Combined TRACON& Tower with Radar,20,18,24,37,99,0,4,19,12,35,20,22,43,49,134,16,6,22,156
01/13/2018,CRP,TX,ASW,CE,Combined TRACON& Tower with Radar,14,16,6,74,110,0,5,15,10,30,14,21,21,84,140,0,28,28,168
01/14/2018,CRP,TX,ASW,CE,Combined TRACON& Tower with Radar,18,14,11,51,94,0,1,27,4,32,18,15,38,55,126,0,50,50,176
01/15/2018,CRP,TX,ASW,CE,Combined TRACON& Tower with Radar,18,15,43,22,98,0,3,25,3,31,18,18,68,25,129,4,10,14,143
01/16/2018,CRP,TX,ASW,CE,Combined TRACON& Tower with Radar,4,9,16,0,29,0,1,0,0,1,4,10,16,0,30,0,0,0,30
01/17/2018,CRP,TX,ASW,CE,Combined TRACON& Tower with Radar,16,16,31,33,96,0,3,10,10,23,16,19,41,43,119,8,92,100,219
01/18/2018,CRP,TX,ASW,CE,Combined TRACON& Tower with Radar,20,17,35,67,139,0,2,6,0,8,20,19,41,67,147,0,26,26,173
01/19/2018,CRP,TX,ASW,CE,Combined TRACON& Tower with Radar,20,26,20,44,110,0,2,0,0,2,20,28,20,44,112,0,26,26,138
01/20/2018,CRP,TX,ASW,CE,Combined TRACON& Tower with Radar,16,13,13,12,54,0,3,5,3,11,16,16,18,15,65,0,116,116,181
01/21/2018,CRP,TX,ASW,CE,Combined TRACON& Tower with Radar,18,23,10,26,77,0,3,2,3,8,18,26,12,29,85,0,50,50,135
01/22/2018,CRP,TX,ASW,CE,Combined TRACON& Tower with Radar,20,15,33,117,185,0,0,21,16,37,20,15,54,133,222,0,120,120,342
01/23/2018,CRP,TX,ASW,CE,Combined TRACON& Tower with Radar,20,24,20,157,221,0,3,7,12,22,20,27,27,169,243,0,166,166,409
01/24/2018,CRP,TX,ASW,CE,Combined TRACON& Tower with Radar,20,27,21,114,182,0,3,23,10,36,20,30,44,124,218,10,38,48,266
01/25/2018,CRP,TX,ASW,CE,Combined TRACON& Tower with Radar,20,21,32,114,187,0,8,13,15,36,20,29,45,129,223,0,110,110,333
01/26/2018,CRP,TX,ASW,CE,Combined TRACON& Tower with Radar,20,23,34,64,141,0,7,7,4,18,20,30,41,68,159,2,226,228,387
01/27/2018,CRP,TX,ASW,CE,Combined TRACON& Tower with Radar,14,18,12,21,65,0,0,0,1,1,14,18,12,22,66,0,0,0,66
01/28/2018,CRP,TX,ASW,CE,Combined TRACON& Tower with Radar,18,11,17,88,134,0,0,12,4,16,18,11,29,92,150,0,96,96,246
01/29/2018,CRP,TX,ASW,CE,Combined TRACON& Tower with Radar,20,20,25,112,177,0,6,23,8,37,20,26,48,120,214,0,62,62,276
01/30/2018,CRP,TX,ASW,CE,Combined TRACON& Tower with Radar,18,23,28,109,178,0,2,25,18,45,18,25,53,127,223,0,100,100,323
01/31/2018,CRP,TX,ASW,CE,Combined TRACON& Tower with Radar,20,17,39,73,149,0,23,21,23,67,20,40,60,96,216,0,148,148,364
02/01/2018,CRP,TX,ASW,CE,Combined TRACON& Tower with Radar,19,28,28,92,167,0,10,31,14,55,19,38,59,106,222,0,222,222,444
02/02/2018,CRP,TX,ASW,CE,Combined TRACON& Tower with Radar,21,26,29,82,158,0,5,6,11,22,21,31,35,93,180,0,60,60,240
02/03/2018,CRP,TX,ASW,CE,Combined TRACON& Tower with Radar,14,15,15,61,105,0,4,3,2,9,14,19,18,63,114,20,114,134,248
02/04/2018,CRP,TX,ASW,CE,Combined TRACON& Tower with Radar,16,20,22,51,109,0,5,17,12,34,16,25,39,63,143,0,96,96,239
02/05/2018,CRP,TX,ASW,CE,Combined TRACON& Tower with Radar,22,20,36,103,181,0,0,2,0,2,22,20,38,103,183,12,0,12,195
02/06/2018,CRP,TX,ASW,CE,Combined TRACON& Tower with Radar,18,30,34,138,220,0,1,0,1,2,18,31,34,139,222,0,32,32,254
02/07/2018,CRP,TX,ASW,CE,Combined TRACON& Tower with Radar,19,21,24,98,162,0,2,3,3,8,19,23,27,101,170,0,64,64,234
02/08/2018,CRP,TX,ASW,CE,Combined TRACON& Tower with Radar,20,24,52,124,220,0,4,12,1,17,20,28,64,125,237,0,56,56,293
02/09/2018,CRP,TX,ASW,CE,Combined TRACON& Tower with Radar,22,29,30,98,179,0,0,0,2,2,22,29,30,100,181,0,14,14,195
02/10/2018,CRP,TX,ASW,CE,Combined TRACON& Tower with Radar,14,14,19,45,92,0,0,3,8,11,14,14,22,53,103,0,20,20,123
02/11/2018,CRP,TX,ASW,CE,Combined TRACON& Tower with Radar,13,15,13,51,92,0,0,0,1,1,13,15,13,52,93,0,22,22,115
02/12/2018,CRP,TX,ASW,CE,Combined TRACON& Tower with Radar,18,22,38,175,253,0,0,8,13,21,18,22,46,188,274,4,188,192,466
02/13/2018,CRP,TX,ASW,CE,Combined TRACON& Tower with Radar,17,29,25,110,181,0,0,0,1,1,17,29,25,111,182,0,0,0,182
02/14/2018,CRP,TX,ASW,CE,Combined TRACON& Tower with Radar,19,22,31,88,160,0,0,8,6,14,19,22,39,94,174,40,18,58,232
02/15/2018,CRP,TX,ASW,CE,Combined TRACON& Tower with Radar,20,21,22,107,170,0,0,9,13,22,20,21,31,120,192,10,136,146,338
02/16/2018,CRP,TX,ASW,CE,Combined TRACON& Tower with Radar,19,21,36,73,149,0,2,10,13,25,19,23,46,86,174,0,64,64,238
02/17/2018,CRP,TX,ASW,CE,Combined TRACON& Tower with Radar,14,15,19,71,119,0,0,5,20,25,14,15,24,91,144,0,246,246,390
02/18/2018,CRP,TX,ASW,CE,Combined TRACON& Tower with Radar,19,12,8,43,82,0,2,7,12,21,19,14,15,55,103,0,112,112,215
02/19/2018,CRP,TX,ASW,CE,Combined TRACON& Tower with Radar,22,19,35,22,98,0,2,5,5,12,22,21,40,27,110,0,18,18,128
02/20/2018,CRP,TX,ASW,CE,Combined TRACON& Tower with Radar,15,22,32,109,178,0,0,6,3,9,15,22,38,112,187,0,54,54,241
02/21/2018,CRP,TX,ASW,CE,Combined TRACON& Tower with Radar,18,23,20,81,142,0,0,2,7,9,18,23,22,88,151,0,62,62,213
02/22/2018,CRP,TX,ASW,CE,Combined TRACON& Tower with Radar,17,27,26,48,118,0,0,0,0,0,17,27,26,48,118,0,0,0,118
02/23/2018,CRP,TX,ASW,CE,Combined TRACON& Tower with Radar,18,23,30,107,178,0,0,1,9,10,18,23,31,116,188,0,32,32,220
02/24/2018,CRP,TX,ASW,CE,Combined TRACON& Tower with Radar,13,13,21,82,129,0,8,7,19,34,13,21,28,101,163,0,208,208,371
02/25/2018,CRP,TX,ASW,CE,Combined TRACON& Tower with Radar,21,14,27,97,159,0,0,3,9,12,21,14,30,106,171,0,48,48,219
02/26/2018,CRP,TX,ASW,CE,Combined TRACON& Tower with Radar,20,21,19,73,133,0,1,3,4,8,20,22,22,77,141,0,8,8,149
02/27/2018,CRP,TX,ASW,CE,Combined TRACON& Tower with Radar,20,22,34,137,213,0,2,8,11,21,20,24,42,148,234,0,216,216,450
02/28/2018,CRP,TX,ASW,CE,Combined TRACON& Tower with Radar,19,18,32,91,160,0,2,19,13,34,19,20,51,104,194,0,222,222,416
03/01/2018,CRP,TX,ASW,CE,Combined TRACON& Tower with Radar,21,24,38,108,191,0,2,26,19,47,21,26,64,127,238,0,110,110,348
03/02/2018,CRP,TX,ASW,CE,Combined TRACON& Tower with Radar,19,20,44,91,174,0,2,35,16,53,19,22,79,107,227,0,166,166,393
03/03/2018,CRP,TX,ASW,CE,Combined TRACON& Tower with Radar,12,19,19,116,166,0,0,2,2,4,12,19,21,118,170,0,28,28,198
03/04/2018,CRP,TX,ASW,CE,Combined TRACON& Tower with Radar,13,18,20,94,145,0,4,15,8,27,13,22,35,102,172,0,0,0,172
03/05/2018,CRP,TX,ASW,CE,Combined TRACON& Tower with Radar,16,22,19,161,218,0,3,8,12,23,16,25,27,173,241,0,172,172,413
03/06/2018,CRP,TX,ASW,CE,Combined TRACON& Tower with Radar,16,22,16,77,131,0,3,8,8,19,16,25,24,85,150,0,58,58,208
03/07/2018,CRP,TX,ASW,CE,Combined TRACON& Tower with Radar,15,41,29,125,210,0,4,44,18,66,15,45,73,143,276,0,50,50,326
03/08/2018,CRP,TX,ASW,CE,Combined TRACON& Tower with Radar,17,29,23,123,192,0,0,34,19,53,17,29,57,142,245,30,124,154,399
03/09/2018,CRP,TX,ASW,CE,Combined TRACON& Tower with Radar,17,29,38,99,183,0,1,9,7,17,17,30,47,106,200,0,50,50,250
03/10/2018,CRP,TX,ASW,CE,Combined TRACON& Tower with Radar,12,15,12,81,120,0,2,25,51,78,12,17,37,132,198,14,228,242,440
03/11/2018,CRP,TX,ASW,CE,Combined TRACON& Tower with Radar,16,20,15,40,91,0,4,19,34,57,16,24,34,74,148,0,394,394,542
03/12/2018,CRP,TX,ASW,CE,Combined TRACON& Tower with Radar,18,22,23,144,207,0,3,25,8,36,18,25,48,152,243,0,52,52,295
03/13/2018,CRP,TX,ASW,CE,Combined TRACON& Tower with Radar,20,25,29,96,170,0,1,22,18,41,20,26,51,114,211,0,54,54,265
03/14/2018,CRP,TX,ASW,CE,Combined TRACON& Tower with Radar,18,27,24,89,158,0,5,35,28,68,18,32,59,117,226,26,84,110,336
03/15/2018,CRP,TX,ASW,CE,Combined TRACON& Tower with Radar,18,24,30,127,199,0,2,9,6,17,18,26,39,133,216,6,124,130,346
03/16/2018,CRP,TX,ASW,CE,Combined TRACON& Tower with Radar,18,26,29,80,153,0,5,11,9,25,18,31,40,89,178,0,84,84,262
03/17/2018,CRP,TX,ASW,CE,Combined TRACON& Tower with Radar,12,14,27,128,181,0,4,5,7,16,12,18,32,135,197,0,104,104,301
03/18/2018,CRP,TX,ASW,CE,Combined TRACON& Tower with Radar,15,20,27,62,124,0,2,11,12,25,15,22,38,74,149,0,26,26,175
03/19/2018,CRP,TX,ASW,CE,Combined TRACON& Tower with Radar,19,21,26,141,207,0,1,18,15,34,19,22,44,156,241,0,112,112,353
03/20/2018,CRP,TX,ASW,CE,Combined TRACON& Tower with Radar,17,21,28,98,164,0,5,21,22,48,17,26,49,120,212,0,300,300,512
03/21/2018,CRP,TX,ASW,CE,Combined TRACON& Tower with Radar,18,26,48,115,207,0,1,55,14,70,18,27,103,129,277,4,268,272,549
03/22/2018,CRP,TX,ASW,CE,Combined TRACON& Tower with Radar,21,29,37,115,202,0,5,28,20,53,21,34,65,135,255,12,36,48,303
03/23/2018,CRP,TX,ASW,CE,Combined TRACON& Tower with Radar,18,26,32,118,194,0,1,38,27,66,18,27,70,145,260,0,94,94,354
03/24/2018,CRP,TX,ASW,CE,Combined TRACON& Tower with Radar,12,18,18,110,158,0,7,8,29,44,12,25,26,139,202,0,168,168,370
03/25/2018,CRP,TX,ASW,CE,Combined TRACON& Tower with Radar,20,20,13,105,158,0,7,10,19,36,20,27,23,124,194,0,86,86,280
03/26/2018,CRP,TX,ASW,CE,Combined TRACON& Tower with Radar,17,21,24,102,164,0,1,20,14,35,17,22,44,116,199,0,84,84,283
03/27/2018,CRP,TX,ASW,CE,Combined TRACON& Tower with Radar,19,26,32,126,203,0,6,7,5,18,19,32,39,131,221,0,108,108,329
03/28/2018,CRP,TX,ASW,CE,Combined TRACON& Tower with Radar,22,27,26,80,155,0,10,1,2,13,22,37,27,82,168,0,40,40,208
03/29/2018,CRP,TX,ASW,CE,Combined TRACON& Tower with Radar,18,20,35,53,126,0,9,28,12,49,18,29,63,65,175,0,86,86,261
03/30/2018,CRP,TX,ASW,CE,Combined TRACON& Tower with Radar,18,25,16,55,114,0,3,32,3,38,18,28,48,58,152,4,22,26,178
03/31/2018,CRP,TX,ASW,CE,Combined TRACON& Tower with Radar,14,24,14,24,76,0,1,26,23,50,14,25,40,47,126,0,162,162,288
04/01/2018,CRP,TX,ASW,CE,Combined TRACON& Tower with Radar,15,17,9,23,64,0,2,5,7,14,15,19,14,30,78,0,50,50,128
04/02/2018,CRP,TX,ASW,CE,Combined TRACON& Tower with Radar,19,21,12,118,170,0,5,13,18,36,19,26,25,136,206,0,58,58,264
04/03/2018,CRP,TX,ASW,CE,Combined TRACON& Tower with Radar,21,22,34,155,232,0,4,10,14,28,21,26,44,169,260,0,70,70,330
04/04/2018,CRP,TX,ASW,CE,Combined TRACON& Tower with Radar,20,25,35,93,173,0,3,14,11,28,20,28,49,104,201,0,128,128,329
04/05/2018,CRP,TX,ASW,CE,Combined TRACON& Tower with Radar,23,24,40,151,238,0,3,14,8,25,23,27,54,159,263,14,58,72,335
04/06/2018,CRP,TX,ASW,CE,Combined TRACON& Tower with Radar,22,27,40,140,229,0,6,15,20,41,22,33,55,160,270,0,142,142,412
04/07/2018,CRP,TX,ASW,CE,Combined TRACON& Tower with Radar,16,13,15,108,152,0,2,1,7,10,16,15,16,115,162,0,132,132,294
04/08/2018,CRP,TX,ASW,CE,Combined TRACON& Tower with Radar,19,15,16,75,125,0,1,20,15,36,19,16,36,90,161,0,50,50,211
04/09/2018,CRP,TX,ASW,CE,Combined TRACON& Tower with Radar,20,21,30,63,134,0,0,0,0,0,20,21,30,63,134,0,12,12,146
04/10/2018,CRP,TX,ASW,CE,Combined TRACON& Tower with Radar,20,26,29,107,182,0,4,22,16,42,20,30,51,123,224,38,282,320,544
04/11/2018,CRP,TX,ASW,CE,Combined TRACON& Tower with Radar,20,30,50,101,201,0,3,48,10,61,20,33,98,111,262,60,20,80,342
04/12/2018,CRP,TX,ASW,CE,Combined TRACON& Tower with Radar,22,29,46,77,174,0,2,20,12,34,22,31,66,89,208,0,90,90,298
04/13/2018,CRP,TX,ASW,CE,Combined TRACON& Tower with Radar,19,35,47,100,201,0,2,12,10,24,19,37,59,110,225,0,32,32,257
04/14/2018,CRP,TX,ASW,CE,Combined TRACON& Tower with Radar,15,17,8,68,108,0,8,7,41,56,15,25,15,109,164,0,138,138,302
04/15/2018,CRP,TX,ASW,CE,Combined TRACON& Tower with Radar,20,17,10,64,111,0,3,38,36,77,20,20,48,100,188,0,104,104,292
04/16/2018,CRP,TX,ASW,CE,Combined TRACON& Tower with Radar,20,20,13,125,178,0,1,21,13,35,20,21,34,138,213,20,82,102,315
04/17/2018,CRP,TX,ASW,CE,Combined TRACON& Tower with Radar,20,29,32,118,199,0,3,14,16,33,20,32,46,134,232,10,66,76,308
04/18/2018,CRP,TX,ASW,CE,Combined TRACON& Tower with Radar,20,28,34,157,239,0,1,22,20,43,20,29,56,177,282,12,134,146,428
04/19/2018,CRP,TX,ASW,CE,Combined TRACON& Tower with Radar,20,29,47,168,264,0,0,21,19,40,20,29,68,187,304,0,68,68,372
04/20/2018,CRP,TX,ASW,CE,Combined TRACON& Tower with Radar,18,33,16,91,158,0,2,24,23,49,18,35,40,114,207,6,56,62,269
04/21/2018,CRP,TX,ASW,CE,Combined TRACON& Tower with Radar,16,19,7,92,134,0,0,3,11,14,16,19,10,103,148,0,22,22,170
04/22/2018,CRP,TX,ASW,CE,Combined TRACON& Tower with Radar,18,15,13,86,132,0,4,32,21,57,18,19,45,107,189,0,100,100,289
04/23/2018,CRP,TX,ASW,CE,Combined TRACON& Tower with Radar,20,17,21,115,173,0,5,26,22,53,20,22,47,137,226,4,100,104,330
04/24/2018,CRP,TX,ASW,CE,Combined TRACON& Tower with Radar,20,24,41,163,248,0,4,17,20,41,20,28,58,183,289,0,74,74,363
04/25/2018,CRP,TX,ASW,CE,Combined TRACON& Tower with Radar,22,25,36,103,186,0,1,27,16,44,22,26,63,119,230,0,70,70,300
04/26/2018,CRP,TX,ASW,CE,Combined TRACON& Tower with Radar,20,27,33,128,208,0,6,23,16,45,20,33,56,144,253,0,58,58,311
04/27/2018,CRP,TX,ASW,CE,Combined TRACON& Tower with Radar,20,27,28,83,158,0,10,31,16,57,20,37,59,99,215,58,40,98,313
04/28/2018,CRP,TX,ASW,CE,Combined TRACON& Tower with Radar,16,16,21,81,134,0,3,25,17,45,16,19,46,98,179,8,70,78,257
04/29/2018,CRP,TX,ASW,CE,Combined TRACON& Tower with Radar,18,16,10,54,98,0,4,20,16,40,18,20,30,70,138,0,40,40,178
04/30/2018,CRP,TX,ASW,CE,Combined TRACON& Tower with Radar,20,22,30,153,225,0,7,2,15,24,20,29,32,168,249,0,80,80,329
05/01/2018,CRP,TX,ASW,CE,Combined TRACON& Tower with Radar,21,21,46,125,213,0,4,4,6,14,21,25,50,131,227,2,68,70,297
05/02/2018,CRP,TX,ASW,CE,Combined TRACON& Tower with Radar,21,27,29,127,204,0,1,6,5,12,21,28,35,132,216,46,46,92,308
05/03/2018,CRP,TX,ASW,CE,Combined TRACON& Tower with Radar,12,22,33,186,253,0,1,13,13,27,12,23,46,199,280,2,116,118,398
05/04/2018,CRP,TX,ASW,CE,Combined TRACON& Tower with Radar,20,24,38,85,167,0,1,4,6,11,20,25,42,91,178,30,14,44,222
05/05/2018,CRP,TX,ASW,CE,Combined TRACON& Tower with Radar,15,18,12,32,77,0,4,10,19,33,15,22,22,51,110,0,64,64,174
05/06/2018,CRP,TX,ASW,CE,Combined TRACON& Tower with Radar,21,12,17,39,89,0,2,37,11,50,21,14,54,50,139,0,58,58,197
05/07/2018,CRP,TX,ASW,CE,Combined TRACON& Tower with Radar,17,20,25,120,182,0,3,35,25,63,17,23,60,145,245,0,112,112,357
05/08/2018,CRP,TX,ASW,CE,Combined TRACON& Tower with Radar,19,21,28,103,171,0,7,22,26,55,19,28,50,129,226,0,100,100,326
05/09/2018,CRP,TX,ASW,CE,Combined TRACON& Tower with Radar,22,29,31,120,202,0,6,12,13,31,22,35,43,133,233,4,92,96,329
05/10/2018,CRP,TX,ASW,CE,Combined TRACON& Tower with Radar,22,24,27,118,191,0,8,16,25,49,22,32,43,143,240,18,132,150,390
05/11/2018,CRP,TX,ASW,CE,Combined TRACON& Tower with Radar,20,26,38,86,170,0,1,27,14,42,20,27,65,100,212,22,30,52,264
05/12/2018,CRP,TX,ASW,CE,Combined TRACON& Tower with Radar,16,14,20,71,121,0,6,9,13,28,16,20,29,84,149,0,60,60,209
05/13/2018,CRP,TX,ASW,CE,Combined TRACON& Tower with Radar,18,16,25,69,128,0,1,12,13,26,18,17,37,82,154,0,24,24,178
05/14/2018,CRP,TX,ASW,CE,Combined TRACON& Tower with Radar,20,19,25,114,178,0,12,19,26,57,20,31,44,140,235,0,94,94,329
05/15/2018,CRP,TX,ASW,CE,Combined TRACON& Tower with Radar,21,23,45,156,245,0,3,30,27,60,21,26,75,183,305,0,186,186,491
05/16/2018,CRP,TX,ASW,CE,Combined TRACON& Tower with Radar,21,20,30,98,169,0,7,30,22,59,21,27,60,120,228,28,88,116,344
05/17/2018,CRP,TX,ASW,CE,Combined TRACON& Tower with Radar,20,31,45,149,245,0,6,20,18,44,20,37,65,167,289,0,136,136,425
05/18/2018,CRP,TX,ASW,CE,Combined TRACON& Tower with Radar,20,24,24,48,116,0,4,16,6,26,20,28,40,54,142,0,36,36,178
05/19/2018,CRP,TX,ASW,CE,Combined TRACON& Tower with Radar,15,17,25,76,133,0,1,9,32,42,15,18,34,108,175,0,206,206,381
05/20/2018,CRP,TX,ASW,CE,Combined TRACON& Tower with Radar,24,25,46,47,142,0,1,12,20,33,24,26,58,67,175,0,164,164,339
05/21/2018,CRP,TX,ASW,CE,Combined TRACON& Tower with Radar,25,25,43,111,204,0,4,17,21,42,25,29,60,132,246,0,26,26,272
05/22/2018,CRP,TX,ASW,CE,Combined TRACON& Tower with Radar,29,23,34,121,207,0,5,15,16,36,29,28,49,137,243,0,106,106,349
05/23/2018,CRP,TX,ASW,CE,Combined TRACON& Tower with Radar,21,28,41,142,232,0,3,16,12,31,21,31,57,154,263,72,66,138,401
05/24/2018,CRP,TX,ASW,CE,Combined TRACON& Tower with Radar,22,27,50,78,177,0,7,23,13,43,22,34,73,91,220,0,6,6,226
05/25/2018,CRP,TX,ASW,CE,Combined TRACON& Tower with Radar,21,27,33,62,143,0,2,11,18,31,21,29,44,80,174,14,42,56,230
05/26/2018,CRP,TX,ASW,CE,Combined TRACON& Tower with Radar,17,17,9,26,69,0,0,28,19,47,17,17,37,45,116,12,98,110,226
05/27/2018,CRP,TX,ASW,CE,Combined TRACON& Tower with Radar,14,14,16,41,85,0,0,14,16,30,14,14,30,57,115,0,32,32,147
05/28/2018,CRP,TX,ASW,CE,Combined TRACON& Tower with Radar,20,19,22,22,83,0,4,21,6,31,20,23,43,28,114,0,8,8,122
05/29/2018,CRP,TX,ASW,CE,Combined TRACON& Tower with Radar,21,22,25,116,184,0,2,23,25,50,21,24,48,141,234,0,168,168,402
05/30/2018,CRP,TX,ASW,CE,Combined TRACON& Tower with Radar,21,29,28,150,228,0,3,39,22,64,21,32,67,172,292,40,22,62,354
05/31/2018,CRP,TX,ASW,CE,Combined TRACON& Tower with Radar,20,20,41,68,149,0,5,25,19,49,20,25,66,87,198,4,32,36,234
06/01/2018,CRP,TX,ASW,CE,Combined TRACON& Tower with Radar,17,25,40,79,161,0,1,28,26,55,17,26,68,105,216,0,54,54,270
06/02/2018,CRP,TX,ASW,CE,Combined TRACON& Tower with Radar,16,17,13,46,92,0,3,20,44,67,16,20,33,90,159,0,190,190,349
06/03/2018,CRP,TX,ASW,CE,Combined TRACON& Tower with Radar,14,22,25,78,139,0,3,29,17,49,14,25,54,95,188,0,80,80,268
06/04/2018,CRP,TX,ASW,CE,Combined TRACON& Tower with Radar,18,15,36,102,171,0,4,19,9,32,18,19,55,111,203,0,44,44,247
06/05/2018,CRP,TX,ASW,CE,Combined TRACON& Tower with Radar,22,21,26,110,179,0,4,13,28,45,22,25,39,138,224,20,76,96,320
06/06/2018,CRP,TX,ASW,CE,Combined TRACON& Tower with Radar,22,24,25,101,172,0,1,32,10,43,22,25,57,111,215,0,82,82,297
06/07/2018,CRP,TX,ASW,CE,Combined TRACON& Tower with Radar,23,19,27,104,173,0,6,25,18,49,23,25,52,122,222,0,112,112,334
06/08/2018,CRP,TX,ASW,CE,Combined TRACON& Tower with Radar,23,24,25,120,192,0,7,28,17,52,23,31,53,137,244,0,102,102,346
06/09/2018,CRP,TX,ASW,CE,Combined TRACON& Tower with Radar,21,13,14,110,158,0,7,11,29,47,21,20,25,139,205,0,54,54,259
06/10/2018,CRP,TX,ASW,CE,Combined TRACON& Tower with Radar,21,13,11,67,112,0,1,27,22,50,21,14,38,89,162,0,58,58,220
06/11/2018,CRP,TX,ASW,CE,Combined TRACON& Tower with Radar,22,18,26,143,209,0,3,19,21,43,22,21,45,164,252,0,60,60,312
06/12/2018,CRP,TX,ASW,CE,Combined TRACON& Tower with Radar,21,20,27,151,219,0,7,15,23,45,21,27,42,174,264,0,98,98,362
06/13/2018,CRP,TX,ASW,CE,Combined TRACON& Tower with Radar,19,34,30,177,260,0,12,34,28,74,19,46,64,205,334,4,68,72,406
06/14/2018,CRP,TX,ASW,CE,Combined TRACON& Tower with Radar,29,24,37,159,249,0,4,21,19,44,29,28,58,178,293,36,94,130,423
06/15/2018,CRP,TX,ASW,CE,Combined TRACON& Tower with Radar,23,26,30,100,179,0,6,16,20,42,23,32,46,120,221,0,56,56,277
06/16/2018,CRP,TX,ASW,CE,Combined TRACON& Tower with Radar,19,9,17,118,163,0,1,5,31,37,19,10,22,149,200,0,20,20,220
06/17/2018,CRP,TX,ASW,CE,Combined TRACON& Tower with Radar,22,9,15,89,135,0,4,14,22,40,22,13,29,111,175,0,40,40,215
06/18/2018,CRP,TX,ASW,CE,Combined TRACON& Tower with Radar,21,17,25,90,153,0,2,6,4,12,21,19,31,94,165,0,96,96,261
06/19/2018,CRP,TX,ASW,CE,Combined TRACON& Tower with Radar,22,18,11,152,203,0,0,0,4,4,22,18,11,156,207,0,78,78,285
06/20/2018,CRP,TX,ASW,CE,Combined TRACON& Tower with Radar,24,19,20,75,138,0,0,2,8,10,24,19,22,83,148,0,28,28,176
06/21/2018,CRP,TX,ASW,CE,Combined TRACON& Tower with Radar,22,24,35,134,215,0,0,3,12,15,22,24,38,146,230,0,92,92,322
06/22/2018,CRP,TX,ASW,CE,Combined TRACON& Tower with Radar,21,22,42,107,192,0,2,18,14,34,21,24,60,121,226,0,88,88,314
06/23/2018,CRP,TX,ASW,CE,Combined TRACON& Tower with Radar,22,10,18,80,130,0,2,19,12,33,22,12,37,92,163,0,96,96,259
06/24/2018,CRP,TX,ASW,CE,Combined TRACON& Tower with Radar,21,9,12,50,92,0,0,19,10,29,21,9,31,60,121,0,16,16,137
06/25/2018,CRP,TX,ASW,CE,Combined TRACON& Tower with Radar,22,22,25,100,169,0,7,15,14,36,22,29,40,114,205,2,82,84,289
06/26/2018,CRP,TX,ASW,CE,Combined TRACON& Tower with Radar,22,22,32,73,149,0,12,33,11,56,22,34,65,84,205,26,70,96,301
06/27/2018,CRP,TX,ASW,CE,Combined TRACON& Tower with Radar,22,19,39,141,221,0,4,31,18,53,22,23,70,159,274,2,98,100,374
06/28/2018,CRP,TX,ASW,CE,Combined TRACON& Tower with Radar,24,24,30,130,208,0,2,26,11,39,24,26,56,141,247,0,0,0,247
06/29/2018,CRP,TX,ASW,CE,Combined TRACON& Tower with Radar,22,21,18,81,142,0,2,8,18,28,22,23,26,99,170,6,74,80,250
06/30/2018,CRP,TX,ASW,CE,Combined TRACON& Tower with Radar,21,9,7,115,152,0,3,9,31,43,21,12,16,146,195,12,86,98,293
07/01/2018,CRP,TX,ASW,CE,Combined TRACON& Tower with Radar,22,9,5,100,136,0,2,7,30,39,22,11,12,130,175,0,38,38,213
07/02/2018,CRP,TX,ASW,CE,Combined TRACON& Tower with Radar,23,15,26,138,202,0,1,26,17,44,23,16,52,155,246,0,108,108,354
07/03/2018,CRP,TX,ASW,CE,Combined TRACON& Tower with Radar,19,26,26,30,101,0,3,24,7,34,19,29,50,37,135,0,0,0,135
07/04/2018,CRP,TX,ASW,CE,Combined TRACON& Tower with Radar,16,14,9,0,39,0,0,5,2,7,16,14,14,2,46,0,20,20,66
07/05/2018,CRP,TX,ASW,CE,Combined TRACON& Tower with Radar,19,17,16,101,153,0,3,17,18,38,19,20,33,119,191,10,152,162,353
07/06/2018,CRP,TX,ASW,CE,Combined TRACON& Tower with Radar,21,27,17,47,112,0,3,4,16,23,21,30,21,63,135,0,78,78,213
07/07/2018,CRP,TX,ASW,CE,Combined TRACON& Tower with Radar,22,12,14,109,157,0,3,13,20,36,22,15,27,129,193,10,14,24,217
07/08/2018,CRP,TX,ASW,CE,Combined TRACON& Tower with Radar,21,9,8,49,87,0,1,8,13,22,21,10,16,62,109,0,102,102,211
07/09/2018,CRP,TX,ASW,CE,Combined TRACON& Tower with Radar,22,22,23,138,205,0,5,14,19,38,22,27,37,157,243,0,184,184,427
07/10/2018,CRP,TX,ASW,CE,Combined TRACON& Tower with Radar,19,20,27,134,200,0,1,20,15,36,19,21,47,149,236,0,62,62,298
07/11/2018,CRP,TX,ASW,CE,Combined TRACON& Tower with Radar,25,17,34,110,186,0,8,46,22,76,25,25,80,132,262,6,86,92,354
07/12/2018,CRP,TX,ASW,CE,Combined TRACON& Tower with Radar,21,18,50,139,228,0,5,26,18,49,21,23,76,157,277,14,28,42,319
07/13/2018,CRP,TX,ASW,CE,Combined TRACON& Tower with Radar,21,22,30,72,145,0,3,20,13,36,21,25,50,85,181,0,30,30,211
07/14/2018,CRP,TX,ASW,CE,Combined TRACON& Tower with Radar,20,8,7,100,135,0,0,23,14,37,20,8,30,114,172,0,132,132,304
07/15/2018,CRP,TX,ASW,CE,Combined TRACON& Tower with Radar,21,13,12,42,88,0,4,17,18,39,21,17,29,60,127,0,58,58,185
07/16/2018,CRP,TX,ASW,CE,Combined TRACON& Tower with Radar,22,17,28,101,168,0,0,14,8,22,22,17,42,109,190,2,36,38,228
07/17/2018,CRP,TX,ASW,CE,Combined TRACON& Tower with Radar,20,21,21,114,176,0,2,18,12,32,20,23,39,126,208,60,4,64,272
07/18/2018,CRP,TX,ASW,CE,Combined TRACON& Tower with Radar,22,24,28,106,180,0,4,41,19,64,22,28,69,125,244,22,84,106,350
07/19/2018,CRP,TX,ASW,CE,Combined TRACON& Tower with Radar,25,24,28,92,169,0,2,20,28,50,25,26,48,120,219,0,130,130,349
07/20/2018,CRP,TX,ASW,CE,Combined TRACON& Tower with Radar,21,23,22,98,164,0,5,20,16,41,21,28,42,114,205,16,20,36,241
07/21/2018,CRP,TX,ASW,CE,Combined TRACON& Tower with Radar,22,14,12,78,126,0,1,21,11,33,22,15,33,89,159,0,16,16,175
07/22/2018,CRP,TX,ASW,CE,Combined TRACON& Tower with Radar,23,13,6,42,84,0,1,20,11,32,23,14,26,53,116,0,40,40,156
07/23/2018,CRP,TX,ASW,CE,Combined TRACON& Tower with Radar,23,13,30,108,174,0,10,23,25,58,23,23,53,133,232,0,102,102,334
07/24/2018,CRP,TX,ASW,CE,Combined TRACON& Tower with Radar,23,18,22,118,181,0,5,33,20,58,23,23,55,138,239,62,30,92,331
07/25/2018,CRP,TX,ASW,CE,Combined TRACON& Tower with Radar,24,26,31,85,166,0,6,24,18,48,24,32,55,103,214,24,40,64,278
07/26/2018,CRP,TX,ASW,CE,Combined TRACON& Tower with Radar,22,22,27,172,243,0,3,20,14,37,22,25,47,186,280,4,52,56,336
07/27/2018,CRP,TX,ASW,CE,Combined TRACON& Tower with Radar,22,22,30,130,204,0,8,30,21,59,22,30,60,151,263,0,48,48,311
07/28/2018,CRP,TX,ASW,CE,Combined TRACON& Tower with Radar,21,11,11,67,110,0,3,32,15,50,21,14,43,82,160,0,94,94,254
07/29/2018,CRP,TX,ASW,CE,Combined TRACON& Tower with Radar,22,8,12,60,102,0,2,23,20,45,22,10,35,80,147,0,90,90,237
07/30/2018,CRP,TX,ASW,CE,Combined TRACON& Tower with Radar,23,18,26,114,181,0,3,29,17,49,23,21,55,131,230,8,148,156,386
07/31/2018,CRP,TX,ASW,CE,Combined TRACON& Tower with Radar,22,30,28,36,116,0,0,16,18,34,22,30,44,54,150,16,100,116,266
08/01/2018,CRP,TX,ASW,CE,Combined TRACON& Tower with Radar,22,21,32,86,161,0,4,21,9,34,22,25,53,95,195,4,46,50,245
08/02/2018,CRP,TX,ASW,CE,Combined TRACON& Tower with Radar,24,29,31,109,193,0,3,30,20,53,24,32,61,129,246,2,68,70,316
08/03/2018,CRP,TX,ASW,CE,Combined TRACON& Tower with Radar,21,21,22,56,120,0,2,14,19,35,21,23,36,75,155,42,112,154,309
08/04/2018,CRP,TX,ASW,CE,Combined TRACON& Tower with Radar,22,9,19,85,135,0,1,24,16,41,22,10,43,101,176,0,60,60,236
08/05/2018,CRP,TX,ASW,CE,Combined TRACON& Tower with Radar,21,14,13,9,57,0,2,7,8,17,21,16,20,17,74,0,26,26,100
08/06/2018,CRP,TX,ASW,CE,Combined TRACON& Tower with Radar,23,20,20,77,140,0,3,6,10,19,23,23,26,87,159,0,96,96,255
08/07/2018,CRP,TX,ASW,CE,Combined TRACON& Tower with Radar,22,21,33,90,166,0,1,24,17,42,22,22,57,107,208,34,76,110,318
08/08/2018,CRP,TX,ASW,CE,Combined TRACON& Tower with Radar,20,21,23,69,133,0,6,22,16,44,20,27,45,85,177,16,48,64,241
08/09/2018,CRP,TX,ASW,CE,Combined TRACON& Tower with Radar,22,19,23,120,184,0,4,31,18,53,22,23,54,138,237,12,150,162,399
08/10/2018,CRP,TX,ASW,CE,Combined TRACON& Tower with Radar,26,29,17,120,192,0,5,27,10,42,26,34,44,130,234,2,70,72,306
08/11/2018,CRP,TX,ASW,CE,Combined TRACON& Tower with Radar,20,6,12,110,148,0,4,17,12,33,20,10,29,122,181,0,94,94,275
08/12/2018,CRP,TX,ASW,CE,Combined TRACON& Tower with Radar,24,9,19,72,124,0,0,10,25,35,24,9,29,97,159,0,106,106,265
08/13/2018,CRP,TX,ASW,CE,Combined TRACON& Tower with Radar,20,14,25,122,181,0,2,29,18,49,20,16,54,140,230,0,126,126,356
08/14/2018,CRP,TX,ASW,CE,Combined TRACON& Tower with Radar,19,26,34,99,178,0,6,22,16,44,19,32,56,115,222,20,44,64,286
08/15/2018,CRP,TX,ASW,CE,Combined TRACON& Tower with Radar,22,30,37,150,239,0,3,35,19,57,22,33,72,169,296,16,88,104,400
08/16/2018,CRP,TX,ASW,CE,Combined TRACON& Tower with Radar,26,21,54,140,241,0,4,31,13,48,26,25,85,153,289,20,40,60,349
08/17/2018,CRP,TX,ASW,CE,Combined TRACON& Tower with Radar,22,30,30,99,181,0,7,27,12,46,22,37,57,111,227,30,4,34,261
08/18/2018,CRP,TX,ASW,CE,Combined TRACON& Tower with Radar,20,9,32,47,108,0,2,33,15,50,20,11,65,62,158,0,6,6,164
08/19/2018,CRP,TX,ASW,CE,Combined TRACON& Tower with Radar,22,8,5,53,88,0,14,29,19,62,22,22,34,72,150,0,66,66,216
08/20/2018,CRP,TX,ASW,CE,Combined TRACON& Tower with Radar,24,14,42,86,166,0,3,29,13,45,24,17,71,99,211,0,114,114,325
08/21/2018,CRP,TX,ASW,CE,Combined TRACON& Tower with Radar,23,20,39,103,185,0,2,31,19,52,23,22,70,122,237,12,136,148,385
08/22/2018,CRP,TX,ASW,CE,Combined TRACON& Tower with Radar,23,28,28,94,173,0,5,20,16,41,23,33,48,110,214,6,98,104,318
08/23/2018,CRP,TX,ASW,CE,Combined TRACON& Tower with Radar,20,28,37,72,157,0,5,39,12,56,20,33,76,84,213,34,72,106,319
08/24/2018,CRP,TX,ASW,CE,Combined TRACON& Tower with Radar,21,24,27,55,127,0,1,23,12,36,21,25,50,67,163,32,42,74,237
08/25/2018,CRP,TX,ASW,CE,Combined TRACON& Tower with Radar,17,15,12,61,105,0,2,25,22,49,17,17,37,83,154,10,42,52,206
08/26/2018,CRP,TX,ASW,CE,Combined TRACON& Tower with Radar,17,17,14,38,86,0,1,20,22,43,17,18,34,60,129,22,50,72,201
08/27/2018,CRP,TX,ASW,CE,Combined TRACON& Tower with Radar,22,22,35,156,235,0,3,22,13,38,22,25,57,169,273,0,66,66,339
08/28/2018,CRP,TX,ASW,CE,Combined TRACON& Tower with Radar,21,25,38,109,193,0,2,20,16,38,21,27,58,125,231,0,60,60,291
08/29/2018,CRP,TX,ASW,CE,Combined TRACON& Tower with Radar,23,25,38,195,281,0,13,24,13,50,23,38,62,208,331,24,84,108,439
08/30/2018,CRP,TX,ASW,CE,Combined TRACON& Tower with Radar,24,26,36,89,175,0,2,15,31,48,24,28,51,120,223,4,136,140,363
08/31/2018,CRP,TX,ASW,CE,Combined TRACON& Tower with Radar,22,28,26,73,149,0,2,19,10,31,22,30,45,83,180,0,4,4,184
09/01/2018,CRP,TX,ASW,CE,Combined TRACON& Tower with Radar,15,13,15,13,56,0,2,12,6,20,15,15,27,19,76,0,14,14,90
09/02/2018,CRP,TX,ASW,CE,Combined TRACON& Tower with Radar,13,15,15,15,58,0,1,6,8,15,13,16,21,23,73,8,10,18,91
09/03/2018,CRP,TX,ASW,CE,Combined TRACON& Tower with Radar,18,25,5,11,59,0,1,11,3,15,18,26,16,14,74,26,0,26,100
09/04/2018,CRP,TX,ASW,CE,Combined TRACON& Tower with Radar,21,26,26,175,248,0,6,11,20,37,21,32,37,195,285,34,142,176,461
09/05/2018,CRP,TX,ASW,CE,Combined TRACON& Tower with Radar,20,24,25,177,246,0,4,18,19,41,20,28,43,196,287,4,128,132,419
09/06/2018,CRP,TX,ASW,CE,Combined TRACON& Tower with Radar,21,26,23,122,192,0,2,11,12,25,21,28,34,134,217,26,228,254,471
09/07/2018,CRP,TX,ASW,CE,Combined TRACON& Tower with Radar,17,29,23,177,246,0,3,20,12,35,17,32,43,189,281,8,46,54,335
09/08/2018,CRP,TX,ASW,CE,Combined TRACON& Tower with Radar,16,17,14,110,157,0,0,22,25,47,16,17,36,135,204,0,126,126,330
09/09/2018,CRP,TX,ASW,CE,Combined TRACON& Tower with Radar,15,20,11,38,84,0,1,1,7,9,15,21,12,45,93,0,16,16,109
09/10/2018,CRP,TX,ASW,CE,Combined TRACON& Tower with Radar,18,25,24,94,161,0,2,1,3,6,18,27,25,97,167,0,138,138,305
09/11/2018,CRP,TX,ASW,CE,Combined TRACON& Tower with Radar,19,22,33,157,231,0,3,0,8,11,19,25,33,165,242,0,84,84,326
09/12/2018,CRP,TX,ASW,CE,Combined TRACON& Tower with Radar,20,27,37,103,187,0,0,9,19,28,20,27,46,122,215,54,57,111,326
09/13/2018,CRP,TX,ASW,CE,Combined TRACON& Tower with Radar,18,24,32,36,110,0,1,8,6,15,18,25,40,42,125,20,118,138,263
09/14/2018,CRP,TX,ASW,CE,Combined TRACON& Tower with Radar,16,34,32,1,83,0,1,0,0,1,16,35,32,1,84,0,0,0,84
09/15/2018,CRP,TX,ASW,CE,Combined TRACON& Tower with Radar,18,13,2,3,36,0,1,0,0,1,18,14,2,3,37,0,38,38,75
09/16/2018,CRP,TX,ASW,CE,Combined TRACON& Tower with Radar,15,17,19,37,88,0,1,8,14,23,15,18,27,51,111,0,76,76,187
09/17/2018,CRP,TX,ASW,CE,Combined TRACON& Tower with Radar,18,25,30,129,202,0,7,25,25,57,18,32,55,154,259,0,142,142,401
09/18/2018,CRP,TX,ASW,CE,Combined TRACON& Tower with Radar,24,29,25,60,138,0,6,24,23,53,24,35,49,83,191,12,90,102,293
09/19/2018,CRP,TX,ASW,CE,Combined TRACON& Tower with Radar,21,26,36,73,156,0,3,31,24,58,21,29,67,97,214,30,82,112,326
09/20/2018,CRP,TX,ASW,CE,Combined TRACON& Tower with Radar,23,21,31,79,154,0,4,16,19,39,23,25,47,98,193,18,34,52,245
09/21/2018,CRP,TX,ASW,CE,Combined TRACON& Tower with Radar,21,30,44,61,156,0,5,25,28,58,21,35,69,89,214,26,78,104,318
09/22/2018,CRP,TX,ASW,CE,Combined TRACON& Tower with Radar,10,13,17,85,125,0,1,4,13,18,10,14,21,98,143,0,46,46,189
09/23/2018,CRP,TX,ASW,CE,Combined TRACON& Tower with Radar,21,14,25,65,125,0,6,31,12,49,21,20,56,77,174,0,72,72,246
09/24/2018,CRP,TX,ASW,CE,Combined TRACON& Tower with Radar,20,28,16,120,184,0,9,26,18,53,20,37,42,138,237,0,224,224,461
09/25/2018,CRP,TX,ASW,CE,Combined TRACON& Tower with Radar,20,26,21,85,152,0,5,15,18,38,20,31,36,103,190,106,133,239,429
09/26/2018,CRP,TX,ASW,CE,Combined TRACON& Tower with Radar,20,24,31,62,137,0,2,17,22,41,20,26,48,84,178,54,57,111,289
09/27/2018,CRP,TX,ASW,CE,Combined TRACON& Tower with Radar,20,23,43,117,203,0,1,13,21,35,20,24,56,138,238,36,136,172,410
09/28/2018,CRP,TX,ASW,CE,Combined TRACON& Tower with Radar,20,33,51,11,115,0,3,11,4,18,20,36,62,15,133,0,26,26,159
09/29/2018,CRP,TX,ASW,CE,Combined TRACON& Tower with Radar,16,19,18,4,57,0,6,6,3,15,16,25,24,7,72,0,30,30,102
09/30/2018,CRP,TX,ASW,CE,Combined TRACON& Tower with Radar,15,11,18,1,45,0,1,3,3,7,15,12,21,4,52,0,0,0,52
10/01/2018,CRP,TX,ASW,CE,Combined TRACON& Tower with Radar,20,23,18,89,150,0,2,22,13,37,20,25,40,102,187,0,80,80,267
10/02/2018,CRP,TX,ASW,CE,Combined TRACON& Tower with Radar,19,24,33,78,154,0,2,23,24,49,19,26,56,102,203,68,290,358,561
10/03/2018,CRP,TX,ASW,CE,Combined TRACON& Tower with Radar,18,26,26,78,148,0,1,30,17,48,18,27,56,95,196,32,67,99,295
10/04/2018,CRP,TX,ASW,CE,Combined TRACON& Tower with Radar,20,23,27,81,151,0,0,29,15,44,20,23,56,96,195,26,94,120,315
10/05/2018,CRP,TX,ASW,CE,Combined TRACON& Tower with Radar,22,30,29,56,137,0,0,41,8,49,22,30,70,64,186,94,26,120,306
10/06/2018,CRP,TX,ASW,CE,Combined TRACON& Tower with Radar,15,19,13,10,57,0,2,26,16,44,15,21,39,26,101,0,12,12,113
10/07/2018,CRP,TX,ASW,CE,Combined TRACON& Tower with Radar,15,30,14,39,98,0,1,17,19,37,15,31,31,58,135,6,38,44,179
10/08/2018,CRP,TX,ASW,CE,Combined TRACON& Tower with Radar,21,30,24,36,111,0,3,28,6,37,21,33,52,42,148,0,108,108,256
10/09/2018,CRP,TX,ASW,CE,Combined TRACON& Tower with Radar,18,32,27,63,140,0,5,16,11,32,18,37,43,74,172,18,62,80,252
10/10/2018,CRP,TX,ASW,CE,Combined TRACON& Tower with Radar,21,31,37,107,196,0,2,22,24,48,21,33,59,131,244,0,78,78,322
10/11/2018,CRP,TX,ASW,CE,Combined TRACON& Tower with Radar,21,30,38,72,161,0,5,40,21,66,21,35,78,93,227,20,84,104,331
10/12/2018,CRP,TX,ASW,CE,Combined TRACON& Tower with Radar,21,26,24,50,121,0,2,20,20,42,21,28,44,70,163,0,30,30,193
10/13/2018,CRP,TX,ASW,CE,Combined TRACON& Tower with Radar,17,10,11,55,93,0,1,6,34,41,17,11,17,89,134,0,122,122,256
10/14/2018,CRP,TX,ASW,CE,Combined TRACON& Tower with Radar,15,28,12,110,165,0,4,22,15,41,15,32,34,125,206,0,140,140,346
10/15/2018,CRP,TX,ASW,CE,Combined TRACON& Tower with Radar,18,27,19,23,87,0,0,2,2,4,18,27,21,25,91,0,52,52,143
10/16/2018,CRP,TX,ASW,CE,Combined TRACON& Tower with Radar,23,30,18,161,232,0,0,3,3,6,23,30,21,164,238,0,14,14,252
10/17/2018,CRP,TX,ASW,CE,Combined TRACON& Tower with Radar,20,27,25,136,208,0,5,2,1,8,20,32,27,137,216,0,34,34,250
10/18/2018,CRP,TX,ASW,CE,Combined TRACON& Tower with Radar,21,34,39,58,152,0,1,0,2,3,21,35,39,60,155,0,0,0,155
10/19/2018,CRP,TX,ASW,CE,Combined TRACON& Tower with Radar,21,32,23,54,130,0,0,1,0,1,21,32,24,54,131,0,0,0,131
10/20/2018,CRP,TX,ASW,CE,Combined TRACON& Tower with Radar,16,14,21,106,157,0,0,0,2,2,16,14,21,108,159,10,22,32,191
10/21/2018,CRP,TX,ASW,CE,Combined TRACON& Tower with Radar,14,28,19,77,138,0,2,20,23,45,14,30,39,100,183,14,176,190,373
10/22/2018,CRP,TX,ASW,CE,Combined TRACON& Tower with Radar,20,27,18,105,170,0,2,22,15,39,20,29,40,120,209,0,132,132,341
10/23/2018,CRP,TX,ASW,CE,Combined TRACON& Tower with Radar,21,31,28,134,214,0,1,0,4,5,21,32,28,138,219,0,58,58,277
10/24/2018,CRP,TX,ASW,CE,Combined TRACON& Tower with Radar,19,28,38,52,137,0,0,0,0,0,19,28,38,52,137,0,0,0,137
10/25/2018,CRP,TX,ASW,CE,Combined TRACON& Tower with Radar,20,26,43,124,213,0,1,6,10,17,20,27,49,134,230,28,306,334,564
10/26/2018,CRP,TX,ASW,CE,Combined TRACON& Tower with Radar,21,28,39,33,121,0,2,44,26,72,21,30,83,59,193,42,70,112,305
10/27/2018,CRP,TX,ASW,CE,Combined TRACON& Tower with Radar,15,15,21,70,121,0,2,55,36,93,15,17,76,106,214,36,86,122,336
10/28/2018,CRP,TX,ASW,CE,Combined TRACON& Tower with Radar,13,18,26,41,98,0,8,33,12,53,13,26,59,53,151,40,52,92,243
10/29/2018,CRP,TX,ASW,CE,Combined TRACON& Tower with Radar,21,29,27,84,161,0,2,39,21,62,21,31,66,105,223,0,150,150,373
10/30/2018,CRP,TX,ASW,CE,Combined TRACON& Tower with Radar,17,35,24,113,189,0,5,26,28,59,17,40,50,141,248,0,146,146,394
10/31/2018,CRP,TX,ASW,CE,Combined TRACON& Tower with Radar,23,39,38,76,176,0,2,13,23,38,23,41,51,99,214,0,206,206,420
11/01/2018,CRP,TX,ASW,CE,Combined TRACON& Tower with Radar,19,24,30,73,146,0,2,35,16,53,19,26,65,89,199,6,98,104,303
11/02/2018,CRP,TX,ASW,CE,Combined TRACON& Tower with Radar,18,25,25,25,93,0,2,41,28,71,18,27,66,53,164,30,90,120,284
11/03/2018,CRP,TX,ASW,CE,Combined TRACON& Tower with Radar,14,20,16,31,81,0,1,22,38,61,14,21,38,69,142,0,80,80,222
11/04/2018,CRP,TX,ASW,CE,Combined TRACON& Tower with Radar,16,18,27,28,89,0,2,9,26,37,16,20,36,54,126,0,216,216,342
11/05/2018,CRP,TX,ASW,CE,Combined TRACON& Tower with Radar,19,21,33,79,152,0,2,8,13,23,19,23,41,92,175,0,96,96,271
11/06/2018,CRP,TX,ASW,CE,Combined TRACON& Tower with Radar,16,24,33,64,137,0,5,13,17,35,16,29,46,81,172,0,58,58,230
11/07/2018,CRP,TX,ASW,CE,Combined TRACON& Tower with Radar,16,36,33,94,179,0,8,23,14,45,16,44,56,108,224,24,151,175,399
11/08/2018,CRP,TX,ASW,CE,Combined TRACON& Tower with Radar,19,30,53,240,342,0,2,12,20,34,19,32,65,260,376,34,140,174,550
11/09/2018,CRP,TX,ASW,CE,Combined TRACON& Tower with Radar,20,32,21,35,108,0,0,2,6,8,20,32,23,41,116,0,4,4,120
11/10/2018,CRP,TX,ASW,CE,Combined TRACON& Tower with Radar,19,13,11,86,129,0,7,23,21,51,19,20,34,107,180,2,142,144,324
11/11/2018,CRP,TX,ASW,CE,Combined TRACON& Tower with Radar,15,22,10,53,100,0,0,0,2,2,15,22,10,55,102,0,0,0,102
11/12/2018,CRP,TX,ASW,CE,Combined TRACON& Tower with Radar,20,20,21,20,81,0,1,0,8,9,20,21,21,28,90,0,70,70,160
11/13/2018,CRP,TX,ASW,CE,Combined TRACON& Tower with Radar,18,28,28,78,152,0,11,19,16,46,18,39,47,94,198,0,54,54,252
11/14/2018,CRP,TX,ASW,CE,Combined TRACON& Tower with Radar,16,28,19,82,145,0,8,36,22,66,16,36,55,104,211,28,46,74,285
11/15/2018,CRP,TX,ASW,CE,Combined TRACON& Tower with Radar,18,30,37,91,176,0,5,24,19,48,18,35,61,110,224,4,50,54,278
11/16/2018,CRP,TX,ASW,CE,Combined TRACON& Tower with Radar,19,33,15,80,147,0,3,25,26,54,19,36,40,106,201,104,18,122,323
11/17/2018,CRP,TX,ASW,CE,Combined TRACON& Tower with Radar,17,14,15,38,84,0,4,22,70,96,17,18,37,108,180,0,170,170,350
11/18/2018,CRP,TX,ASW,CE,Combined TRACON& Tower with Radar,16,22,13,66,117,0,0,2,8,10,16,22,15,74,127,0,36,36,163
11/19/2018,CRP,TX,ASW,CE,Combined TRACON& Tower with Radar,22,22,31,65,140,0,0,0,0,0,22,22,31,65,140,0,0,0,140
11/20/2018,CRP,TX,ASW,CE,Combined TRACON& Tower with Radar,16,31,24,73,144,0,4,22,22,48,16,35,46,95,192,0,126,126,318
11/21/2018,CRP,TX,ASW,CE,Combined TRACON& Tower with Radar,18,27,22,38,105,0,4,11,10,25,18,31,33,48,130,22,34,56,186
11/22/2018,CRP,TX,ASW,CE,Combined TRACON& Tower with Radar,11,13,6,2,32,0,0,0,0,0,11,13,6,2,32,0,0,0,32
11/23/2018,CRP,TX,ASW,CE,Combined TRACON& Tower with Radar,13,37,7,17,74,0,4,11,8,23,13,41,18,25,97,6,36,42,139
11/24/2018,CRP,TX,ASW,CE,Combined TRACON& Tower with Radar,22,20,18,10,70,0,2,23,10,35,22,22,41,20,105,0,20,20,125
11/25/2018,CRP,TX,ASW,CE,Combined TRACON& Tower with Radar,20,20,18,16,74,0,9,21,9,39,20,29,39,25,113,0,152,152,265
11/26/2018,CRP,TX,ASW,CE,Combined TRACON& Tower with Radar,20,26,14,72,132,0,3,34,16,53,20,29,48,88,185,0,52,52,237
11/27/2018,CRP,TX,ASW,CE,Combined TRACON& Tower with Radar,18,25,26,112,181,0,4,36,25,65,18,29,62,137,246,0,92,92,338
11/28/2018,CRP,TX,ASW,CE,Combined TRACON& Tower with Radar,16,28,23,95,162,0,2,27,24,53,16,30,50,119,215,0,176,176,391
11/29/2018,CRP,TX,ASW,CE,Combined TRACON& Tower with Radar,22,27,35,144,228,0,2,9,17,28,22,29,44,161,256,2,80,82,338
11/30/2018,CRP,TX,ASW,CE,Combined TRACON& Tower with Radar,21,32,33,145,231,0,1,11,16,28,21,33,44,161,259,14,84,98,357
12/01/2018,CRP,TX,ASW,CE,Combined TRACON& Tower with Radar,19,22,14,86,141,0,0,15,35,50,19,22,29,121,191,18,300,318,509
12/02/2018,CRP,TX,ASW,CE,Combined TRACON& Tower with Radar,16,18,21,57,112,0,10,29,32,71,16,28,50,89,183,2,36,38,221
12/03/2018,CRP,TX,ASW,CE,Combined TRACON& Tower with Radar,19,27,36,106,188,0,5,43,29,77,19,32,79,135,265,0,204,204,469
12/04/2018,CRP,TX,ASW,CE,Combined TRACON& Tower with Radar,14,30,39,102,185,0,1,48,16,65,14,31,87,118,250,10,163,173,423
12/05/2018,CRP,TX,ASW,CE,Combined TRACON& Tower with Radar,15,21,28,70,134,0,1,26,15,42,15,22,54,85,176,44,54,98,274
12/06/2018,CRP,TX,ASW,CE,Combined TRACON& Tower with Radar,18,25,49,68,160,0,1,14,13,28,18,26,63,81,188,12,118,130,318
12/07/2018,CRP,TX,ASW,CE,Combined TRACON& Tower with Radar,17,20,19,41,97,0,0,2,8,10,17,20,21,49,107,6,22,28,135
12/08/2018,CRP,TX,ASW,CE,Combined TRACON& Tower with Radar,17,12,12,110,151,0,1,0,16,17,17,13,12,126,168,0,100,100,268
12/09/2018,CRP,TX,ASW,CE,Combined TRACON& Tower with Radar,16,16,27,37,96,0,7,28,49,84,16,23,55,86,180,0,212,212,392
12/10/2018,CRP,TX,ASW,CE,Combined TRACON& Tower with Radar,19,20,34,66,139,0,4,40,15,59,19,24,74,81,198,0,86,86,284
12/11/2018,CRP,TX,ASW,CE,Combined TRACON& Tower with Radar,14,32,30,69,145,0,2,29,18,49,14,34,59,87,194,4,32,36,230
12/12/2018,CRP,TX,ASW,CE,Combined TRACON& Tower with Radar,15,22,35,82,154,0,6,16,18,40,15,28,51,100,194,4,56,60,254
12/13/2018,CRP,TX,ASW,CE,Combined TRACON& Tower with Radar,17,28,39,38,122,0,4,9,13,26,17,32,48,51,148,10,30,40,188
12/14/2018,CRP,TX,ASW,CE,Combined TRACON& Tower with Radar,19,26,24,59,128,0,1,8,12,21,19,27,32,71,149,4,22,26,175
12/15/2018,CRP,TX,ASW,CE,Combined TRACON& Tower with Radar,16,17,18,83,134,0,7,30,31,68,16,24,48,114,202,0,166,166,368
12/16/2018,CRP,TX,ASW,CE,Combined TRACON& Tower with Radar,16,14,13,54,97,0,1,29,23,53,16,15,42,77,150,14,50,64,214
12/17/2018,CRP,TX,ASW,CE,Combined TRACON& Tower with Radar,17,22,28,110,177,0,4,25,26,55,17,26,53,136,232,10,112,122,354
12/18/2018,CRP,TX,ASW,CE,Combined TRACON& Tower with Radar,15,31,50,110,206,0,2,18,25,45,15,33,68,135,251,92,164,256,507
12/19/2018,CRP,TX,ASW,CE,Combined TRACON& Tower with Radar,19,25,38,96,178,0,5,35,15,55,19,30,73,111,233,4,87,91,324
12/20/2018,CRP,TX,ASW,CE,Combined TRACON& Tower with Radar,18,16,39,112,185,0,5,25,19,49,18,21,64,131,234,12,80,92,326
12/21/2018,CRP,TX,ASW,CE,Combined TRACON& Tower with Radar,18,22,24,49,113,0,4,34,14,52,18,26,58,63,165,36,38,74,239
12/22/2018,CRP,TX,ASW,CE,Combined TRACON& Tower with Radar,18,15,14,1,48,0,4,13,13,30,18,19,27,14,78,0,50,50,128
12/23/2018,CRP,TX,ASW,CE,Combined TRACON& Tower with Radar,18,12,13,5,48,0,3,6,3,12,18,15,19,8,60,6,24,30,90
12/24/2018,CRP,TX,ASW,CE,Combined TRACON& Tower with Radar,12,15,8,0,35,0,2,11,5,18,12,17,19,5,53,0,0,0,53
12/25/2018,CRP,TX,ASW,CE,Combined TRACON& Tower with Radar,13,11,6,0,30,0,2,4,0,6,13,13,10,0,36,0,0,0,36
12/26/2018,CRP,TX,ASW,CE,Combined TRACON& Tower with Radar,14,25,18,35,92,0,3,3,5,11,14,28,21,40,103,0,14,14,117
12/27/2018,CRP,TX,ASW,CE,Combined TRACON& Tower with Radar,17,23,25,51,116,0,5,13,9,27,17,28,38,60,143,0,38,38,181
12/28/2018,CRP,TX,ASW,CE,Combined TRACON& Tower with Radar,17,25,37,35,114,0,5,13,9,27,17,30,50,44,141,4,50,54,195
12/29/2018,CRP,TX,ASW,CE,Combined TRACON& Tower with Radar,16,21,9,5,51,0,4,0,4,8,16,25,9,9,59,0,30,30,89
12/30/2018,CRP,TX,ASW,CE,Combined TRACON& Tower with Radar,18,20,12,6,56,0,2,0,3,5,18,22,12,9,61,0,6,6,67
12/31/2018,CRP,TX,ASW,CE,Combined TRACON& Tower with Radar,10,17,9,1,37,0,5,10,8,23,10,22,19,9,60,0,32,32,92
01/01/2019,CRP,TX,ASW,CE,Combined TRACON& Tower with Radar,10,20,13,0,43,0,3,2,1,6,10,23,15,1,49,0,0,0,49
01/02/2019,CRP,TX,ASW,CE,Combined TRACON& Tower with Radar,17,29,22,76,144,0,3,0,2,5,17,32,22,78,149,0,0,0,149
01/03/2019,CRP,TX,ASW,CE,Combined TRACON& Tower with Radar,21,22,26,122,191,0,5,11,18,34,21,27,37,140,225,8,28,36,261
01/04/2019,CRP,TX,ASW,CE,Combined TRACON& Tower with Radar,20,26,23,76,145,0,4,29,26,59,20,30,52,102,204,18,162,180,384
01/05/2019,CRP,TX,ASW,CE,Combined TRACON& Tower with Radar,16,23,21,54,114,0,6,31,44,81,16,29,52,98,195,0,0,0,195
01/06/2019,CRP,TX,ASW,CE,Combined TRACON& Tower with Radar,16,19,23,49,107,0,3,14,16,33,16,22,37,65,140,0,10,10,150
01/07/2019,CRP,TX,ASW,CE,Combined TRACON& Tower with Radar,21,18,27,143,209,0,1,22,9,32,21,19,49,152,241,0,144,144,385
01/08/2019,CRP,TX,ASW,CE,Combined TRACON& Tower with Radar,20,27,25,142,214,0,5,17,20,42,20,32,42,162,256,30,94,124,380
01/09/2019,CRP,TX,ASW,CE,Combined TRACON& Tower with Radar,22,21,35,136,214,0,2,18,21,41,22,23,53,157,255,14,74,88,343
01/10/2019,CRP,TX,ASW,CE,Combined TRACON& Tower with Radar,22,25,32,118,197,0,1,34,49,84,22,26,66,167,281,0,0,0,281
01/11/2019,CRP,TX,ASW,CE,Combined TRACON& Tower with Radar,22,18,35,168,243,0,8,51,76,135,22,26,86,244,378,0,0,0,378
01/12/2019,CRP,TX,ASW,CE,Combined TRACON& Tower with Radar,18,18,15,99,150,0,2,27,12,41,18,20,42,111,191,0,294,294,485
01/13/2019,CRP,TX,ASW,CE,Combined TRACON& Tower with Radar,16,17,12,26,71,0,4,31,79,114,16,21,43,105,185,0,0,0,185
01/14/2019,CRP,TX,ASW,CE,Combined TRACON& Tower with Radar,24,23,24,194,265,0,3,12,10,25,24,26,36,204,290,0,124,124,414
01/15/2019,CRP,TX,ASW,CE,Combined TRACON& Tower with Radar,22,25,27,109,183,0,1,1,5,7,22,26,28,114,190,0,0,0,190
01/16/2019,CRP,TX,ASW,CE,Combined TRACON& Tower with Radar,24,17,32,80,153,0,0,0,4,4,24,17,32,84,157,0,0,0,157
01/17/2019,CRP,TX,ASW,CE,Combined TRACON& Tower with Radar,22,21,48,158,249,0,1,4,9,14,22,22,52,167,263,0,54,54,317
01/18/2019,CRP,TX,ASW,CE,Combined TRACON& Tower with Radar,24,23,29,100,176,0,2,2,1,5,24,25,31,101,181,0,0,0,181
01/19/2019,CRP,TX,ASW,CE,Combined TRACON& Tower with Radar,15,10,13,48,86,0,8,14,9,31,15,18,27,57,117,0,110,110,227
01/20/2019,CRP,TX,ASW,CE,Combined TRACON& Tower with Radar,17,10,18,33,78,0,1,40,8,49,17,11,58,41,127,0,22,22,149
01/21/2019,CRP,TX,ASW,CE,Combined TRACON& Tower with Radar,22,13,25,23,83,0,4,48,15,67,22,17,73,38,150,0,54,54,204
01/22/2019,CRP,TX,ASW,CE,Combined TRACON& Tower with Radar,20,19,16,69,124,0,4,27,11,42,20,23,43,80,166,0,62,62,228
01/23/2019,CRP,TX,ASW,CE,Combined TRACON& Tower with Radar,20,32,32,111,195,0,9,22,22,53,20,41,54,133,248,10,60,70,318
01/24/2019,CRP,TX,ASW,CE,Combined TRACON& Tower with Radar,20,19,25,103,167,0,12,52,63,127,20,31,77,166,294,4,50,54,348
01/25/2019,CRP,TX,ASW,CE,Combined TRACON& Tower with Radar,22,21,44,67,154,0,3,73,154,230,22,24,117,221,384,0,0,0,384
01/26/2019,CRP,TX,ASW,CE,Combined TRACON& Tower with Radar,15,9,31,38,93,0,0,9,9,18,15,9,40,47,111,0,154,154,265
01/27/2019,CRP,TX,ASW,CE,Combined TRACON& Tower with Radar,17,12,16,18,63,0,1,67,72,140,17,13,83,90,203,0,0,0,203
01/28/2019,CRP,TX,ASW,CE,Combined TRACON& Tower with Radar,22,13,16,76,127,0,2,31,13,46,22,15,47,89,173,0,18,18,191
01/29/2019,CRP,TX,ASW,CE,Combined TRACON& Tower with Radar,20,19,29,96,164,0,5,32,22,59,20,24,61,118,223,0,72,72,295
01/30/2019,CRP,TX,ASW,CE,Combined TRACON& Tower with Radar,22,25,32,81,160,0,2,14,19,35,22,27,46,100,195,0,96,96,291
01/31/2019,CRP,TX,ASW,CE,Combined TRACON& Tower with Radar,22,22,43,27,114,0,0,0,2,2,22,22,43,29,116,0,0,0,116
02/01/2019,CRP,TX,ASW,CE,Combined TRACON& Tower with Radar,22,22,30,106,180,0,2,10,89,101,22,24,40,195,281,0,0,0,281
02/02/2019,CRP,TX,ASW,CE,Combined TRACON& Tower with Radar,15,13,21,41,90,0,1,2,1,4,15,14,23,42,94,0,10,10,104
02/03/2019,CRP,TX,ASW,CE,Combined TRACON& Tower with Radar,17,15,11,47,90,0,0,6,4,10,17,15,17,51,100,0,0,0,100
02/04/2019,CRP,TX,ASW,CE,Combined TRACON& Tower with Radar,20,17,19,101,157,0,4,4,3,11,20,21,23,104,168,0,0,0,168
02/05/2019,CRP,TX,ASW,CE,Combined TRACON& Tower with Radar,24,22,42,108,196,0,1,1,7,9,24,23,43,115,205,0,82,82,287
02/06/2019,CRP,TX,ASW,CE,Combined TRACON& Tower with Radar,20,18,18,107,163,0,7,5,9,21,20,25,23,116,184,0,54,54,238
02/07/2019,CRP,TX,ASW,CE,Combined TRACON& Tower with Radar,20,24,44,189,277,0,1,9,22,32,20,25,53,211,309,6,44,50,359
02/08/2019,CRP,TX,ASW,CE,Combined TRACON& Tower with Radar,22,22,27,127,198,0,6,26,61,93,22,28,53,188,291,0,0,0,291
02/09/2019,CRP,TX,ASW,CE,Combined TRACON& Tower with Radar,14,14,11,55,94,0,2,0,23,25,14,16,11,78,119,0,0,0,119
02/10/2019,CRP,TX,ASW,CE,Combined TRACON& Tower with Radar,20,17,31,14,82,0,1,0,0,1,20,18,31,14,83,0,0,0,83
02/11/2019,CRP,TX,ASW,CE,Combined TRACON& Tower with Radar,22,21,26,128,197,0,2,2,6,10,22,23,28,134,207,0,42,42,249
02/12/2019,CRP,TX,ASW,CE,Combined TRACON& Tower with Radar,20,20,31,79,150,0,4,34,17,55,20,24,65,96,205,66,100,166,371
02/13/2019,CRP,TX,ASW,CE,Combined TRACON& Tower with Radar,19,23,23,59,124,0,3,53,35,91,19,26,76,94,215,12,94,106,321
02/14/2019,CRP,TX,ASW,CE,Combined TRACON& Tower with Radar,20,28,28,67,143,0,5,32,31,68,20,33,60,98,211,2,74,76,287
02/15/2019,CRP,TX,ASW,CE,Combined TRACON& Tower with Radar,20,34,18,101,173,0,2,38,14,54,20,36,56,115,227,2,40,42,269
02/16/2019,CRP,TX,ASW,CE,Combined TRACON& Tower with Radar,16,19,23,74,132,0,0,0,0,0,16,19,23,74,132,0,60,60,192
02/17/2019,CRP,TX,ASW,CE,Combined TRACON& Tower with Radar,18,17,28,47,110,0,4,15,8,27,18,21,43,55,137,0,34,34,171
02/18/2019,CRP,TX,ASW,CE,Combined TRACON& Tower with Radar,20,14,32,45,111,0,2,22,10,34,20,16,54,55,145,0,20,20,165
02/19/2019,CRP,TX,ASW,CE,Combined TRACON& Tower with Radar,20,28,50,159,257,0,0,1,4,5,20,28,51,163,262,0,0,0,262
02/20/2019,CRP,TX,ASW,CE,Combined TRACON& Tower with Radar,20,28,33,117,198,0,2,42,18,62,20,30,75,135,260,110,102,212,472
02/21/2019,CRP,TX,ASW,CE,Combined TRACON& Tower with Radar,20,28,49,199,296,0,1,2,4,7,20,29,51,203,303,0,64,64,367
02/22/2019,CRP,TX,ASW,CE,Combined TRACON& Tower with Radar,18,24,34,37,113,0,0,0,0,0,18,24,34,37,113,0,0,0,113
02/23/2019,CRP,TX,ASW,CE,Combined TRACON& Tower with Radar,17,13,22,137,189,0,3,15,11,29,17,16,37,148,218,0,88,88,306
02/24/2019,CRP,TX,ASW,CE,Combined TRACON& Tower with Radar,22,15,24,66,127,0,2,46,13,61,22,17,70,79,188,0,8,8,196
02/25/2019,CRP,TX,ASW,CE,Combined TRACON& Tower with Radar,19,30,34,155,238,0,9,18,12,39,19,39,52,167,277,0,134,134,411
02/26/2019,CRP,TX,ASW,CE,Combined TRACON& Tower with Radar,19,24,34,102,179,0,0,0,3,3,19,24,34,105,182,0,0,0,182
02/27/2019,CRP,TX,ASW,CE,Combined TRACON& Tower with Radar,19,27,26,127,199,0,1,7,13,21,19,28,33,140,220,24,64,88,308
02/28/2019,CRP,TX,ASW,CE,Combined TRACON& Tower with Radar,14,23,35,24,96,0,0,0,2,2,14,23,35,26,98,0,0,0,98
03/01/2019,CRP,TX,ASW,CE,Combined TRACON& Tower with Radar,16,23,38,74,151,0,1,0,10,11,16,24,38,84,162,0,0,0,162
03/02/2019,CRP,TX,ASW,CE,Combined TRACON& Tower with Radar,11,18,8,20,57,0,0,0,0,0,11,18,8,20,57,0,0,0,57
03/03/2019,CRP,TX,ASW,CE,Combined TRACON& Tower with Radar,15,17,12,26,70,0,0,4,5,9,15,17,16,31,79,0,0,0,79
03/04/2019,CRP,TX,ASW,CE,Combined TRACON& Tower with Radar,20,19,18,36,93,0,0,7,3,10,20,19,25,39,103,0,28,28,131
03/05/2019,CRP,TX,ASW,CE,Combined TRACON& Tower with Radar,20,25,32,92,169,0,2,25,11,38,20,27,57,103,207,0,62,62,269
03/06/2019,CRP,TX,ASW,CE,Combined TRACON& Tower with Radar,20,21,46,70,157,0,3,24,24,51,20,24,70,94,208,0,74,74,282
03/07/2019,CRP,TX,ASW,CE,Combined TRACON& Tower with Radar,20,24,27,115,186,0,10,13,18,41,20,34,40,133,227,22,58,80,307
03/08/2019,CRP,TX,ASW,CE,Combined TRACON& Tower with Radar,22,34,32,145,233,0,0,10,5,15,22,34,42,150,248,0,168,168,416
03/09/2019,CRP,TX,ASW,CE,Combined TRACON& Tower with Radar,15,23,28,66,132,0,0,41,113,154,15,23,69,179,286,0,0,0,286
03/10/2019,CRP,TX,ASW,CE,Combined TRACON& Tower with Radar,23,15,23,69,130,0,2,4,2,8,23,17,27,71,138,0,0,0,138
03/11/2019,CRP,TX,ASW,CE,Combined TRACON& Tower with Radar,25,17,21,130,193,0,2,13,3,18,25,19,34,133,211,0,56,56,267
03/12/2019,CRP,TX,ASW,CE,Combined TRACON& Tower with Radar,24,25,29,113,191,0,1,4,7,12,24,26,33,120,203,0,6,6,209
03/13/2019,CRP,TX,ASW,CE,Combined TRACON& Tower with Radar,19,18,28,198,263,0,2,14,28,44,19,20,42,226,307,4,198,202,509
03/14/2019,CRP,TX,ASW,CE,Combined TRACON& Tower with Radar,25,24,33,146,228,0,2,18,13,33,25,26,51,159,261,0,58,58,319
03/15/2019,CRP,TX,ASW,CE,Combined TRACON& Tower with Radar,24,22,20,71,137,0,6,39,112,157,24,28,59,183,294,0,0,0,294
03/16/2019,CRP,TX,ASW,CE,Combined TRACON& Tower with Radar,19,15,14,74,122,0,3,25,57,85,19,18,39,131,207,0,0,0,207
03/17/2019,CRP,TX,ASW,CE,Combined TRACON& Tower with Radar,23,14,10,72,119,0,4,36,34,74,23,18,46,106,193,0,0,0,193
03/18/2019,CRP,TX,ASW,CE,Combined TRACON& Tower with Radar,24,21,24,70,139,0,3,19,12,34,24,24,43,82,173,6,40,46,219
03/19/2019,CRP,TX,ASW,CE,Combined TRACON& Tower with Radar,23,25,41,93,182,0,5,18,10,33,23,30,59,103,215,4,104,108,323
03/20/2019,CRP,TX,ASW,CE,Combined TRACON& Tower with Radar,27,20,29,91,167,0,5,19,22,46,27,25,48,113,213,0,102,102,315
03/21/2019,CRP,TX,ASW,CE,Combined TRACON& Tower with Radar,24,18,34,91,167,0,2,37,17,56,24,20,71,108,223,14,22,36,259
03/22/2019,CRP,TX,ASW,CE,Combined TRACON& Tower with Radar,24,21,27,92,164,0,1,18,117,136,24,22,45,209,300,0,0,0,300
03/23/2019,CRP,TX,ASW,CE,Combined TRACON& Tower with Radar,16,19,11,69,115,0,2,13,17,32,16,21,24,86,147,0,164,164,311
03/24/2019,CRP,TX,ASW,CE,Combined TRACON& Tower with Radar,23,11,32,58,124,0,5,8,29,42,23,16,40,87,166,0,136,136,302
03/25/2019,CRP,TX,ASW,CE,Combined TRACON& Tower with Radar,27,26,30,65,148,0,0,3,21,24,27,26,33,86,172,22,18,40,212
03/26/2019,CRP,TX,ASW,CE,Combined TRACON& Tower with Radar,23,19,28,56,126,0,2,16,24,42,23,21,44,80,168,18,24,42,210
03/27/2019,CRP,TX,ASW,CE,Combined TRACON& Tower with Radar,25,23,27,45,120,0,2,39,24,65,25,25,66,69,185,0,8,8,193
03/28/2019,CRP,TX,ASW,CE,Combined TRACON& Tower with Radar,24,31,32,80,167,0,1,23,18,42,24,32,55,98,209,0,22,22,231
03/29/2019,CRP,TX,ASW,CE,Combined TRACON& Tower with Radar,26,23,30,104,183,0,2,16,142,160,26,25,46,246,343,0,0,0,343
03/30/2019,CRP,TX,ASW,CE,Combined TRACON& Tower with Radar,13,21,12,32,78,0,0,63,108,171,13,21,75,140,249,0,0,0,249
03/31/2019,CRP,TX,ASW,CE,Combined TRACON& Tower with Radar,20,12,16,19,67,0,0,3,90,93,20,12,19,109,160,0,0,0,160
04/01/2019,CRP,TX,ASW,CE,Combined TRACON& Tower with Radar,20,22,27,89,158,0,11,3,13,27,20,33,30,102,185,132,44,176,361
04/02/2019,CRP,TX,ASW,CE,Combined TRACON& Tower with Radar,20,20,29,73,142,0,0,18,22,40,20,20,47,95,182,26,60,86,268
04/03/2019,CRP,TX,ASW,CE,Combined TRACON& Tower with Radar,20,24,36,95,175,0,0,4,14,18,20,24,40,109,193,12,10,22,215
04/04/2019,CRP,TX,ASW,CE,Combined TRACON& Tower with Radar,21,28,31,127,207,0,1,7,61,69,21,29,38,188,276,0,78,78,354
04/05/2019,CRP,TX,ASW,CE,Combined TRACON& Tower with Radar,22,24,53,65,164,0,2,4,44,50,22,26,57,109,214,0,0,0,214
04/06/2019,CRP,TX,ASW,CE,Combined TRACON& Tower with Radar,16,22,20,64,122,0,3,5,6,14,16,25,25,70,136,0,48,48,184
04/07/2019,CRP,TX,ASW,CE,Combined TRACON& Tower with Radar,15,26,19,29,89,0,3,6,3,12,15,29,25,32,101,0,20,20,121
04/08/2019,CRP,TX,ASW,CE,Combined TRACON& Tower with Radar,21,22,32,101,176,0,6,33,14,53,21,28,65,115,229,0,90,90,319
04/09/2019,CRP,TX,ASW,CE,Combined TRACON& Tower with Radar,20,30,29,112,191,0,7,42,16,65,20,37,71,128,256,20,30,50,306
04/10/2019,CRP,TX,ASW,CE,Combined TRACON& Tower with Radar,20,26,33,97,176,0,5,19,14,38,20,31,52,111,214,0,182,182,396
04/11/2019,CRP,TX,ASW,CE,Combined TRACON& Tower with Radar,22,24,26,122,194,0,11,23,36,70,22,35,49,158,264,0,30,30,294
04/12/2019,CRP,TX,ASW,CE,Combined TRACON& Tower with Radar,22,20,31,48,121,0,1,6,66,73,22,21,37,114,194,0,0,0,194
04/13/2019,CRP,TX,ASW,CE,Combined TRACON& Tower with Radar,16,22,19,15,72,0,1,6,7,14,16,23,25,22,86,0,32,32,118
04/14/2019,CRP,TX,ASW,CE,Combined TRACON& Tower with Radar,20,10,15,11,56,0,2,42,12,56,20,12,57,23,112,0,44,44,156
04/15/2019,CRP,TX,ASW,CE,Combined TRACON& Tower with Radar,22,17,32,85,156,0,4,35,20,59,22,21,67,105,215,0,158,158,373
04/16/2019,CRP,TX,ASW,CE,Combined TRACON& Tower with Radar,20,21,32,164,237,0,4,24,16,44,20,25,56,180,281,6,104,110,391
04/17/2019,CRP,TX,ASW,CE,Combined TRACON& Tower with Radar,18,25,38,199,280,0,2,5,6,13,18,27,43,205,293,0,126,126,419
04/18/2019,CRP,TX,ASW,CE,Combined TRACON& Tower with Radar,19,21,45,144,229,0,3,27,24,54,19,24,72,168,283,22,156,178,461
04/19/2019,CRP,TX,ASW,CE,Combined TRACON& Tower with Radar,25,20,23,117,185,0,0,54,83,137,25,20,77,200,322,0,0,0,322
04/20/2019,CRP,TX,ASW,CE,Combined TRACON& Tower with Radar,18,10,16,51,95,0,0,36,22,58,18,10,52,73,153,0,236,236,389
04/21/2019,CRP,TX,ASW,CE,Combined TRACON& Tower with Radar,20,13,12,69,114,0,6,8,8,22,20,19,20,77,136,0,20,20,156
04/22/2019,CRP,TX,ASW,CE,Combined TRACON& Tower with Radar,26,22,36,126,210,0,4,12,38,54,26,26,48,164,264,0,86,86,350
04/23/2019,CRP,TX,ASW,CE,Combined TRACON& Tower with Radar,19,27,47,168,261,0,0,9,12,21,19,27,56,180,282,0,134,134,416
04/24/2019,CRP,TX,ASW,CE,Combined TRACON& Tower with Radar,23,20,29,95,167,0,2,5,173,180,23,22,34,268,347,0,0,0,347
04/25/2019,CRP,TX,ASW,CE,Combined TRACON& Tower with Radar,22,18,30,103,173,0,12,29,84,125,22,30,59,187,298,0,98,98,396
04/26/2019,CRP,TX,ASW,CE,Combined TRACON& Tower with Radar,24,20,23,119,186,0,0,61,97,158,24,20,84,216,344,0,0,0,344
04/27/2019,CRP,TX,ASW,CE,Combined TRACON& Tower with Radar,19,10,23,123,175,0,4,18,19,41,19,14,41,142,216,0,170,170,386
04/28/2019,CRP,TX,ASW,CE,Combined TRACON& Tower with Radar,20,12,23,91,146,0,3,16,25,44,20,15,39,116,190,0,116,116,306
04/29/2019,CRP,TX,ASW,CE,Combined TRACON& Tower with Radar,24,20,30,146,220,0,3,7,9,19,24,23,37,155,239,0,92,92,331
04/30/2019,CRP,TX,ASW,CE,Combined TRACON& Tower with Radar,20,19,36,190,265,0,0,5,17,22,20,19,41,207,287,0,114,114,401
05/01/2019,CRP,TX,ASW,CE,Combined TRACON& Tower with Radar,19,15,20,184,238,0,4,11,173,188,19,19,31,357,426,0,0,0,426
05/02/2019,CRP,TX,ASW,CE,Combined TRACON& Tower with Radar,18,22,39,134,213,0,1,6,15,22,18,23,45,149,235,0,76,76,311
05/03/2019,CRP,TX,ASW,CE,Combined TRACON& Tower with Radar,20,26,21,11,78,0,0,17,5,22,20,26,38,16,100,0,0,0,100
05/04/2019,CRP,TX,ASW,CE,Combined TRACON& Tower with Radar,17,10,9,70,106,0,7,26,7,40,17,17,35,77,146,0,110,110,256
05/05/2019,CRP,TX,ASW,CE,Combined TRACON& Tower with Radar,24,10,12,55,101,0,3,33,10,46,24,13,45,65,147,0,80,80,227
05/06/2019,CRP,TX,ASW,CE,Combined TRACON& Tower with Radar,22,24,31,118,195,0,2,6,10,18,22,26,37,128,213,0,132,132,345
05/07/2019,CRP,TX,ASW,CE,Combined TRACON& Tower with Radar,26,14,32,196,268,0,3,14,9,26,26,17,46,205,294,0,26,26,320
05/08/2019,CRP,TX,ASW,CE,Combined TRACON& Tower with Radar,23,15,33,105,176,0,0,18,11,29,23,15,51,116,205,0,46,46,251
05/09/2019,CRP,TX,ASW,CE,Combined TRACON& Tower with Radar,20,21,37,202,280,0,1,20,10,31,20,22,57,212,311,8,98,106,417
05/10/2019,CRP,TX,ASW,CE,Combined TRACON& Tower with Radar,23,20,18,71,132,0,1,9,5,15,23,21,27,76,147,4,50,54,201
05/11/2019,CRP,TX,ASW,CE,Combined TRACON& Tower with Radar,16,14,17,94,141,0,3,0,6,9,16,17,17,100,150,0,18,18,168
05/12/2019,CRP,TX,ASW,CE,Combined TRACON& Tower with Radar,20,11,25,111,167,0,2,7,11,20,20,13,32,122,187,0,108,108,295
05/13/2019,CRP,TX,ASW,CE,Combined TRACON& Tower with Radar,22,17,35,173,247,0,2,11,14,27,22,19,46,187,274,0,86,86,360
05/14/2019,CRP,TX,ASW,CE,Combined TRACON& Tower with Radar,22,24,28,148,222,0,4,11,8,23,22,28,39,156,245,0,64,64,309
05/15/2019,CRP,TX,ASW,CE,Combined TRACON& Tower with Radar,21,19,48,98,186,0,6,28,23,57,21,25,76,121,243,0,150,150,393
05/16/2019,CRP,TX,ASW,CE,Combined TRACON& Tower with Radar,22,18,37,115,192,0,0,16,26,42,22,18,53,141,234,6,42,48,282
05/17/2019,CRP,TX,ASW,CE,Combined TRACON& Tower with Radar,20,35,27,109,191,0,4,8,70,82,20,39,35,179,273,0,0,0,273
05/18/2019,CRP,TX,ASW,CE,Combined TRACON& Tower with Radar,10,17,10,101,138,0,1,1,6,8,10,18,11,107,146,0,160,160,306
05/19/2019,CRP,TX,ASW,CE,Combined TRACON& Tower with Radar,17,18,17,63,115,0,6,8,5,19,17,24,25,68,134,0,34,34,168
05/20/2019,CRP,TX,ASW,CE,Combined TRACON& Tower with Radar,19,18,31,138,206,0,2,2,10,14,19,20,33,148,220,0,138,138,358
05/21/2019,CRP,TX,ASW,CE,Combined TRACON& Tower with Radar,23,24,38,147,232,0,4,10,10,24,23,28,48,157,256,0,92,92,348
05/22/2019,CRP,TX,ASW,CE,Combined TRACON& Tower with Radar,23,25,43,117,208,0,1,10,43,54,23,26,53,160,262,0,178,178,440
05/23/2019,CRP,TX,ASW,CE,Combined TRACON& Tower with Radar,23,24,53,100,200,0,3,7,15,25,23,27,60,115,225,0,16,16,241
05/24/2019,CRP,TX,ASW,CE,Combined TRACON& Tower with Radar,23,34,25,70,152,0,3,10,19,32,23,37,35,89,184,4,314,318,502
05/25/2019,CRP,TX,ASW,CE,Combined TRACON& Tower with Radar,13,19,6,46,84,0,2,12,18,32,13,21,18,64,116,0,298,298,414
05/26/2019,CRP,TX,ASW,CE,Combined TRACON& Tower with Radar,16,16,19,47,98,0,0,6,17,23,16,16,25,64,121,0,118,118,239
05/27/2019,CRP,TX,ASW,CE,Combined TRACON& Tower with Radar,22,13,19,63,117,0,1,18,11,30,22,14,37,74,147,32,26,58,205
05/28/2019,CRP,TX,ASW,CE,Combined TRACON& Tower with Radar,23,29,29,112,193,0,6,18,21,45,23,35,47,133,238,14,158,172,410
05/29/2019,CRP,TX,ASW,CE,Combined TRACON& Tower with Radar,22,28,39,153,242,0,2,13,19,34,22,30,52,172,276,10,502,512,788
05/30/2019,CRP,TX,ASW,CE,Combined TRACON& Tower with Radar,23,21,39,154,237,0,1,27,18,46,23,22,66,172,283,4,232,236,519
05/31/2019,CRP,TX,ASW,CE,Combined TRACON& Tower with Radar,28,28,18,100,174,0,5,17,25,47,28,33,35,125,221,0,60,60,281
06/01/2019,CRP,TX,ASW,CE,Combined TRACON& Tower with Radar,16,22,18,52,108,0,1,11,95,107,16,23,29,147,215,0,30,30,245
06/02/2019,CRP,TX,ASW,CE,Combined TRACON& Tower with Radar,20,18,20,72,130,0,6,23,34,63,20,24,43,106,193,0,80,80,273
06/03/2019,CRP,TX,ASW,CE,Combined TRACON& Tower with Radar,23,22,21,61,127,0,5,17,22,44,23,27,38,83,171,4,186,190,361
06/04/2019,CRP,TX,ASW,CE,Combined TRACON& Tower with Radar,23,35,37,81,176,0,0,6,21,27,23,35,43,102,203,6,28,34,237
06/05/2019,CRP,TX,ASW,CE,Combined TRACON& Tower with Radar,21,20,30,83,154,0,3,5,28,36,21,23,35,111,190,0,128,128,318
06/06/2019,CRP,TX,ASW,CE,Combined TRACON& Tower with Radar,23,25,31,28,107,0,2,22,61,85,23,27,53,89,192,28,92,120,312
06/07/2019,CRP,TX,ASW,CE,Combined TRACON& Tower with Radar,21,21,27,66,135,0,3,30,18,51,21,24,57,84,186,0,198,198,384
06/08/2019,CRP,TX,ASW,CE,Combined TRACON& Tower with Radar,18,12,10,62,102,0,8,27,24,59,18,20,37,86,161,0,100,100,261
06/09/2019,CRP,TX,ASW,CE,Combined TRACON& Tower with Radar,12,9,14,109,144,0,1,15,19,35,12,10,29,128,179,0,92,92,271
06/10/2019,CRP,TX,ASW,CE,Combined TRACON& Tower with Radar,20,18,40,84,162,0,1,19,23,43,20,19,59,107,205,26,100,126,331
06/11/2019,CRP,TX,ASW,CE,Combined TRACON& Tower with Radar,19,24,26,58,127,0,0,12,7,19,19,24,38,65,146,14,34,48,194
06/12/2019,CRP,TX,ASW,CE,Combined TRACON& Tower with Radar,22,23,52,95,192,0,0,26,20,46,22,23,78,115,238,2,94,96,334
06/13/2019,CRP,TX,ASW,CE,Combined TRACON& Tower with Radar,20,23,38,102,183,0,1,30,18,49,20,24,68,120,232,6,60,66,298
06/14/2019,CRP,TX,ASW,CE,Combined TRACON& Tower with Radar,20,28,24,63,135,0,4,29,22,55,20,32,53,85,190,4,74,78,268
06/15/2019,CRP,TX,ASW,CE,Combined TRACON& Tower with Radar,20,12,12,69,113,0,6,13,30,49,20,18,25,99,162,0,186,186,348
06/16/2019,CRP,TX,ASW,CE,Combined TRACON& Tower with Radar,21,14,17,77,129,0,6,16,39,61,21,20,33,116,190,0,64,64,254
06/17/2019,CRP,TX,ASW,CE,Combined TRACON& Tower with Radar,37,22,28,70,157,0,4,5,22,31,37,26,33,92,188,0,142,142,330
06/18/2019,CRP,TX,ASW,CE,Combined TRACON& Tower with Radar,19,23,26,91,159,0,6,15,29,50,19,29,41,120,209,36,88,124,333
06/19/2019,CRP,TX,ASW,CE,Combined TRACON& Tower with Radar,18,22,27,87,154,0,1,43,56,100,18,23,70,143,254,14,18,32,286
06/20/2019,CRP,TX,ASW,CE,Combined TRACON& Tower with Radar,21,28,44,96,189,0,1,15,121,137,21,29,59,217,326,0,0,0,326
06/21/2019,CRP,TX,ASW,CE,Combined TRACON& Tower with Radar,24,39,34,117,214,0,7,15,78,100,24,46,49,195,314,0,0,0,314
06/22/2019,CRP,TX,ASW,CE,Combined TRACON& Tower with Radar,14,22,20,48,104,0,6,11,31,48,14,28,31,79,152,0,26,26,178
06/23/2019,CRP,TX,ASW,CE,Combined TRACON& Tower with Radar,14,18,15,80,127,0,1,2,17,20,14,19,17,97,147,0,86,86,233
06/24/2019,CRP,TX,ASW,CE,Combined TRACON& Tower with Radar,22,24,28,88,162,0,3,8,7,18,22,27,36,95,180,0,32,32,212
06/25/2019,CRP,TX,ASW,CE,Combined TRACON& Tower with Radar,20,21,28,116,185,0,4,12,31,47,20,25,40,147,232,0,122,122,354
06/26/2019,CRP,TX,ASW,CE,Combined TRACON& Tower with Radar,24,30,27,64,145,0,0,13,17,30,24,30,40,81,175,0,56,56,231
06/27/2019,CRP,TX,ASW,CE,Combined TRACON& Tower with Radar,19,25,32,83,159,0,0,16,11,27,19,25,48,94,186,4,46,50,236
06/28/2019,CRP,TX,ASW,CE,Combined TRACON& Tower with Radar,23,24,29,57,133,0,4,44,55,103,23,28,73,112,236,0,0,0,236
06/29/2019,CRP,TX,ASW,CE,Combined TRACON& Tower with Radar,19,16,20,81,136,0,2,12,25,39,19,18,32,106,175,0,262,262,437
06/30/2019,CRP,TX,ASW,CE,Combined TRACON& Tower with Radar,19,16,8,26,69,0,3,28,22,53,19,19,36,48,122,0,16,16,138
07/01/2019,CRP,TX,ASW,CE,Combined TRACON& Tower with Radar,18,26,26,81,151,0,5,16,22,43,18,31,42,103,194,6,220,226,420
07/02/2019,CRP,TX,ASW,CE,Combined TRACON& Tower with Radar,19,31,28,67,145,0,3,22,26,51,19,34,50,93,196,0,98,98,294
07/03/2019,CRP,TX,ASW,CE,Combined TRACON& Tower with Radar,17,25,30,62,134,0,2,11,16,29,17,27,41,78,163,0,6,6,169
07/04/2019,CRP,TX,ASW,CE,Combined TRACON& Tower with Radar,14,13,1,0,28,0,3,11,8,22,14,16,12,8,50,0,24,24,74
07/05/2019,CRP,TX,ASW,CE,Combined TRACON& Tower with Radar,18,23,15,25,81,0,8,16,86,110,18,31,31,111,191,0,0,0,191
07/06/2019,CRP,TX,ASW,CE,Combined TRACON& Tower with Radar,18,16,19,47,100,0,3,16,195,214,18,19,35,242,314,0,0,0,314
07/07/2019,CRP,TX,ASW,CE,Combined TRACON& Tower with Radar,16,12,8,29,65,0,2,32,119,153,16,14,40,148,218,0,0,0,218
07/08/2019,CRP,TX,ASW,CE,Combined TRACON& Tower with Radar,19,18,22,91,150,0,0,16,23,39,19,18,38,114,189,2,108,110,299
07/09/2019,CRP,TX,ASW,CE,Combined TRACON& Tower with Radar,21,38,31,89,179,0,1,16,18,35,21,39,47,107,214,44,86,130,344
07/10/2019,CRP,TX,ASW,CE,Combined TRACON& Tower with Radar,18,28,29,117,192,0,1,45,19,65,18,29,74,136,257,6,88,94,351
07/11/2019,CRP,TX,ASW,CE,Combined TRACON& Tower with Radar,19,26,24,113,182,0,9,21,21,51,19,35,45,134,233,2,90,92,325
07/12/2019,CRP,TX,ASW,CE,Combined TRACON& Tower with Radar,19,34,22,128,203,0,11,26,31,68,19,45,48,159,271,0,212,212,483
07/13/2019,CRP,TX,ASW,CE,Combined TRACON& Tower with Radar,16,13,19,77,125,0,1,19,35,55,16,14,38,112,180,0,112,112,292
07/14/2019,CRP,TX,ASW,CE,Combined TRACON& Tower with Radar,17,15,19,71,122,0,1,21,22,44,17,16,40,93,166,0,82,82,248
07/15/2019,CRP,TX,ASW,CE,Combined TRACON& Tower with Radar,21,25,20,92,158,0,1,19,12,32,21,26,39,104,190,2,68,70,260
07/16/2019,CRP,TX,ASW,CE,Combined TRACON& Tower with Radar,21,29,25,101,176,0,0,15,25,40,21,29,40,126,216,0,118,118,334
07/17/2019,CRP,TX,ASW,CE,Combined TRACON& Tower with Radar,21,25,24,114,184,0,7,15,18,40,21,32,39,132,224,0,82,82,306
07/18/2019,CRP,TX,ASW,CE,Combined TRACON& Tower with Radar,22,26,34,118,200,0,1,18,80,99,22,27,52,198,299,10,42,52,351
07/19/2019,CRP,TX,ASW,CE,Combined TRACON& Tower with Radar,20,26,30,114,190,0,1,20,95,116,20,27,50,209,306,0,0,0,306
07/20/2019,CRP,TX,ASW,CE,Combined TRACON& Tower with Radar,17,16,9,80,122,0,3,19,48,70,17,19,28,128,192,0,324,324,516
07/21/2019,CRP,TX,ASW,CE,Combined TRACON& Tower with Radar,20,17,12,74,123,0,2,16,36,54,20,19,28,110,177,0,40,40,217
07/22/2019,CRP,TX,ASW,CE,Combined TRACON& Tower with Radar,19,21,25,48,113,0,4,16,20,40,19,25,41,68,153,0,86,86,239
07/23/2019,CRP,TX,ASW,CE,Combined TRACON& Tower with Radar,20,30,38,45,133,0,7,12,19,38,20,37,50,64,171,22,38,60,231
07/24/2019,CRP,TX,ASW,CE,Combined TRACON& Tower with Radar,20,33,29,86,168,0,8,25,25,58,20,41,54,111,226,0,126,126,352
07/25/2019,CRP,TX,ASW,CE,Combined TRACON& Tower with Radar,20,27,38,82,167,0,4,24,38,66,20,31,62,120,233,30,36,66,299
07/26/2019,CRP,TX,ASW,CE,Combined TRACON& Tower with Radar,21,24,39,123,207,0,8,28,99,135,21,32,67,222,342,10,26,36,378
07/27/2019,CRP,TX,ASW,CE,Combined TRACON& Tower with Radar,14,14,17,100,145,0,5,20,34,59,14,19,37,134,204,0,84,84,288
07/28/2019,CRP,TX,ASW,CE,Combined TRACON& Tower with Radar,19,13,15,95,142,0,5,15,31,51,19,18,30,126,193,6,38,44,237
07/29/2019,CRP,TX,ASW,CE,Combined TRACON& Tower with Radar,22,29,22,104,177,0,1,20,22,43,22,30,42,126,220,6,264,270,490
07/30/2019,CRP,TX,ASW,CE,Combined TRACON& Tower with Radar,17,25,34,166,242,0,1,20,14,35,17,26,54,180,277,26,106,132,409
07/31/2019,CRP,TX,ASW,CE,Combined TRACON& Tower with Radar,21,31,32,93,177,0,2,26,8,36,21,33,58,101,213,36,56,92,305
08/01/2019,CRP,TX,ASW,CE,Combined TRACON& Tower with Radar,20,32,32,82,166,0,3,19,55,77,20,35,51,137,243,0,0,0,243
08/02/2019,CRP,TX,ASW,CE,Combined TRACON& Tower with Radar,21,30,28,108,187,0,1,34,70,105,21,31,62,178,292,0,0,0,292
08/03/2019,CRP,TX,ASW,CE,Combined TRACON& Tower with Radar,15,11,5,53,84,0,3,14,35,52,15,14,19,88,136,10,160,170,306
08/04/2019,CRP,TX,ASW,CE,Combined TRACON& Tower with Radar,17,15,6,78,116,0,1,16,34,51,17,16,22,112,167,0,16,16,183
08/05/2019,CRP,TX,ASW,CE,Combined TRACON& Tower with Radar,21,30,20,139,210,0,0,18,17,35,21,30,38,156,245,0,60,60,305
08/06/2019,CRP,TX,ASW,CE,Combined TRACON& Tower with Radar,22,28,27,81,158,0,3,31,24,58,22,31,58,105,216,16,108,124,340
08/07/2019,CRP,TX,ASW,CE,Combined TRACON& Tower with Radar,18,23,14,51,106,0,3,22,11,36,18,26,36,62,142,2,86,88,230
08/08/2019,CRP,TX,ASW,CE,Combined TRACON& Tower with Radar,19,27,33,86,165,0,3,18,25,46,19,30,51,111,211,0,0,0,211
08/09/2019,CRP,TX,ASW,CE,Combined TRACON& Tower with Radar,20,29,29,88,166,0,0,16,50,66,20,29,45,138,232,0,0,0,232
08/10/2019,CRP,TX,ASW,CE,Combined TRACON& Tower with Radar,15,15,12,58,100,0,3,17,27,47,15,18,29,85,147,0,0,0,147
08/11/2019,CRP,TX,ASW,CE,Combined TRACON& Tower with Radar,18,18,18,90,144,0,4,20,151,175,18,22,38,241,319,0,0,0,319
08/12/2019,CRP,TX,ASW,CE,Combined TRACON& Tower with Radar,21,21,27,90,159,0,5,13,16,34,21,26,40,106,193,0,108,108,301
08/13/2019,CRP,TX,ASW,CE,Combined TRACON& Tower with Radar,20,22,26,111,179,0,5,36,25,66,20,27,62,136,245,0,84,84,329
08/14/2019,CRP,TX,ASW,CE,Combined TRACON& Tower with Radar,28,25,31,194,278,0,2,18,22,42,28,27,49,216,320,18,148,166,486
08/15/2019,CRP,TX,ASW,CE,Combined TRACON& Tower with Radar,20,24,34,98,176,0,1,15,49,65,20,25,49,147,241,0,76,76,317
08/16/2019,CRP,TX,ASW,CE,Combined TRACON& Tower with Radar,20,23,24,122,189,0,4,45,98,147,20,27,69,220,336,0,0,0,336
08/17/2019,CRP,TX,ASW,CE,Combined TRACON& Tower with Radar,20,14,5,102,141,0,4,23,69,96,20,18,28,171,237,0,0,0,237
08/18/2019,CRP,TX,ASW,CE,Combined TRACON& Tower with Radar,17,15,6,107,145,0,3,16,21,40,17,18,22,128,185,0,0,0,185
08/19/2019,CRP,TX,ASW,CE,Combined TRACON& Tower with Radar,22,24,24,129,199,0,4,9,39,52,22,28,33,168,251,0,104,104,355
08/20/2019,CRP,TX,ASW,CE,Combined TRACON& Tower with Radar,23,25,26,146,220,0,1,20,17,38,23,26,46,163,258,0,68,68,326
08/21/2019,CRP,TX,ASW,CE,Combined TRACON& Tower with Radar,23,19,28,133,203,0,5,34,18,57,23,24,62,151,260,16,118,134,394
08/22/2019,CRP,TX,ASW,CE,Combined TRACON& Tower with Radar,25,27,28,143,223,0,6,22,10,38,25,33,50,153,261,16,36,52,313
08/23/2019,CRP,TX,ASW,CE,Combined TRACON& Tower with Radar,21,24,22,62,129,0,4,27,14,45,21,28,49,76,174,12,18,30,204
08/24/2019,CRP,TX,ASW,CE,Combined TRACON& Tower with Radar,21,11,8,40,80,0,8,7,205,220,21,19,15,245,300,0,0,0,300
08/25/2019,CRP,TX,ASW,CE,Combined TRACON& Tower with Radar,18,17,17,69,121,0,2,7,18,27,18,19,24,87,148,0,0,0,148
08/26/2019,CRP,TX,ASW,CE,Combined TRACON& Tower with Radar,25,22,26,194,267,0,2,29,9,40,25,24,55,203,307,0,126,126,433
08/27/2019,CRP,TX,ASW,CE,Combined TRACON& Tower with Radar,23,21,39,177,260,0,2,19,24,45,23,23,58,201,305,0,112,112,417
08/28/2019,CRP,TX,ASW,CE,Combined TRACON& Tower with Radar,23,22,30,152,227,0,1,10,18,29,23,23,40,170,256,4,83,87,343
08/29/2019,CRP,TX,ASW,CE,Combined TRACON& Tower with Radar,23,24,28,121,196,0,3,22,29,54,23,27,50,150,250,0,44,44,294
08/30/2019,CRP,TX,ASW,CE,Combined TRACON& Tower with Radar,19,28,26,104,177,0,3,16,27,46,19,31,42,131,223,4,42,46,269
08/31/2019,CRP,TX,ASW,CE,Combined TRACON& Tower with Radar,16,15,12,65,108,0,4,19,125,148,16,19,31,190,256,0,0,0,256
09/01/2019,CRP,TX,ASW,CE,Combined TRACON& Tower with Radar,14,11,7,38,70,0,2,20,10,32,14,13,27,48,102,0,0,0,102
09/02/2019,CRP,TX,ASW,CE,Combined TRACON& Tower with Radar,22,17,13,22,74,0,2,10,4,16,22,19,23,26,90,0,0,0,90
09/03/2019,CRP,TX,ASW,CE,Combined TRACON& Tower with Radar,25,22,19,147,213,0,3,8,17,28,25,25,27,164,241,0,62,62,303
09/04/2019,CRP,TX,ASW,CE,Combined TRACON& Tower with Radar,24,20,26,37,107,0,1,5,10,16,24,21,31,47,123,0,10,10,133
09/05/2019,CRP,TX,ASW,CE,Combined TRACON& Tower with Radar,23,20,24,119,186,0,6,15,14,35,23,26,39,133,221,0,60,60,281
09/06/2019,CRP,TX,ASW,CE,Combined TRACON& Tower with Radar,22,21,34,102,179,0,6,19,26,51,22,27,53,128,230,0,126,126,356
09/07/2019,CRP,TX,ASW,CE,Combined TRACON& Tower with Radar,19,14,34,102,169,0,6,58,142,206,19,20,92,244,375,0,0,0,375
09/08/2019,CRP,TX,ASW,CE,Combined TRACON& Tower with Radar,21,21,23,126,191,0,1,20,16,37,21,22,43,142,228,0,22,22,250
09/09/2019,CRP,TX,ASW,CE,Combined TRACON& Tower with Radar,24,19,16,113,172,0,3,10,12,25,24,22,26,125,197,0,58,58,255
09/10/2019,CRP,TX,ASW,CE,Combined TRACON& Tower with Radar,22,25,24,90,161,0,1,7,14,22,22,26,31,104,183,0,86,86,269
09/11/2019,CRP,TX,ASW,CE,Combined TRACON& Tower with Radar,22,28,28,41,119,0,7,11,20,38,22,35,39,61,157,0,118,118,275
09/12/2019,CRP,TX,ASW,CE,Combined TRACON& Tower with Radar,20,30,36,129,215,0,6,15,15,36,20,36,51,144,251,0,86,86,337
09/13/2019,CRP,TX,ASW,CE,Combined TRACON& Tower with Radar,19,32,24,142,217,0,5,12,30,47,19,37,36,172,264,0,106,106,370
09/14/2019,CRP,TX,ASW,CE,Combined TRACON& Tower with Radar,15,18,11,40,84,0,1,23,47,71,15,19,34,87,155,0,0,0,155
09/15/2019,CRP,TX,ASW,CE,Combined TRACON& Tower with Radar,20,20,13,87,140,0,1,14,68,83,20,21,27,155,223,0,8,8,231
09/16/2019,CRP,TX,ASW,CE,Combined TRACON& Tower with Radar,22,21,20,164,227,0,0,9,22,31,22,21,29,186,258,0,50,50,308
09/17/2019,CRP,TX,ASW,CE,Combined TRACON& Tower with Radar,22,27,25,149,223,0,2,10,20,32,22,29,35,169,255,0,22,22,277
09/18/2019,CRP,TX,ASW,CE,Combined TRACON& Tower with Radar,24,23,29,209,285,0,4,19,21,44,24,27,48,230,329,8,76,84,413
09/19/2019,CRP,TX,ASW,CE,Combined TRACON& Tower with Radar,28,16,32,200,276,0,0,19,8,27,28,16,51,208,303,0,28,28,331
09/20/2019,CRP,TX,ASW,CE,Combined TRACON& Tower with Radar,25,28,34,126,213,0,5,37,33,75,25,33,71,159,288,0,34,34,322
09/21/2019,CRP,TX,ASW,CE,Combined TRACON& Tower with Radar,19,23,11,38,91,0,4,21,73,98,19,27,32,111,189,0,0,0,189
09/22/2019,CRP,TX,ASW,CE,Combined TRACON& Tower with Radar,26,17,28,61,132,0,2,14,52,68,26,19,42,113,200,0,0,0,200
09/23/2019,CRP,TX,ASW,CE,Combined TRACON& Tower with Radar,22,25,21,152,220,0,3,23,13,39,22,28,44,165,259,0,90,90,349
09/24/2019,CRP,TX,ASW,CE,Combined TRACON& Tower with Radar,22,25,23,74,144,0,13,12,83,108,22,38,35,157,252,0,4,4,256
09/25/2019,CRP,TX,ASW,CE,Combined TRACON& Tower with Radar,24,28,29,79,160,0,1,27,71,99,24,29,56,150,259,0,48,48,307
09/26/2019,CRP,TX,ASW,CE,Combined TRACON& Tower with Radar,24,20,44,80,168,0,1,27,13,41,24,21,71,93,209,0,60,60,269
09/27/2019,CRP,TX,ASW,CE,Combined TRACON& Tower with Radar,23,31,36,97,187,0,5,25,8,38,23,36,61,105,225,0,52,52,277
09/28/2019,CRP,TX,ASW,CE,Combined TRACON& Tower with Radar,19,20,27,44,110,0,0,3,151,154,19,20,30,195,264,0,0,0,264
09/29/2019,CRP,TX,ASW,CE,Combined TRACON& Tower with Radar,20,21,29,52,122,0,2,29,26,57,20,23,58,78,179,0,30,30,209
09/30/2019,CRP,TX,ASW,CE,Combined TRACON& Tower with Radar,22,19,26,107,174,0,2,12,19,33,22,21,38,126,207,0,46,46,253
10/01/2019,CRP,TX,ASW,CE,Combined TRACON& Tower with Radar,20,29,27,98,174,0,2,32,17,51,20,31,59,115,225,0,66,66,291
10/02/2019,CRP,TX,ASW,CE,Combined TRACON& Tower with Radar,21,37,31,120,209,0,1,23,15,39,21,38,54,135,248,30,124,154,402
10/03/2019,CRP,TX,ASW,CE,Combined TRACON& Tower with Radar,21,26,26,86,159,0,3,9,12,24,21,29,35,98,183,0,12,12,195
10/04/2019,CRP,TX,ASW,CE,Combined TRACON& Tower with Radar,24,24,38,75,161,0,3,25,16,44,24,27,63,91,205,0,158,158,363
10/05/2019,CRP,TX,ASW,CE,Combined TRACON& Tower with Radar,15,17,14,76,122,0,4,29,52,85,15,21,43,128,207,0,0,0,207
10/06/2019,CRP,TX,ASW,CE,Combined TRACON& Tower with Radar,18,22,15,91,146,0,3,27,75,105,18,25,42,166,251,0,4,4,255
10/07/2019,CRP,TX,ASW,CE,Combined TRACON& Tower with Radar,23,25,29,124,201,0,3,9,14,26,23,28,38,138,227,0,176,176,403
10/08/2019,CRP,TX,ASW,CE,Combined TRACON& Tower with Radar,22,24,33,137,216,0,5,13,17,35,22,29,46,154,251,0,104,104,355
10/09/2019,CRP,TX,ASW,CE,Combined TRACON& Tower with Radar,22,33,20,90,165,0,2,26,24,52,22,35,46,114,217,0,110,110,327
10/10/2019,CRP,TX,ASW,CE,Combined TRACON& Tower with Radar,23,19,28,117,187,0,4,31,22,57,23,23,59,139,244,0,58,58,302
10/11/2019,CRP,TX,ASW,CE,Combined TRACON& Tower with Radar,24,16,21,58,119,0,0,4,13,17,24,16,25,71,136,0,46,46,182
10/12/2019,CRP,TX,ASW,CE,Combined TRACON& Tower with Radar,16,17,21,30,84,0,1,28,17,46,16,18,49,47,130,0,124,124,254
10/13/2019,CRP,TX,ASW,CE,Combined TRACON& Tower with Radar,19,21,26,50,116,0,2,11,8,21,19,23,37,58,137,0,86,86,223
10/14/2019,CRP,TX,ASW,CE,Combined TRACON& Tower with Radar,24,23,24,29,100,0,4,26,16,46,24,27,50,45,146,0,56,56,202
10/15/2019,CRP,TX,ASW,CE,Combined TRACON& Tower with Radar,22,24,19,109,174,0,4,14,21,39,22,28,33,130,213,0,50,50,263
10/16/2019,CRP,TX,ASW,CE,Combined TRACON& Tower with Radar,22,27,27,98,174,0,4,5,9,18,22,31,32,107,192,0,126,126,318
10/17/2019,CRP,TX,ASW,CE,Combined TRACON& Tower with Radar,22,25,40,118,205,0,1,20,15,36,22,26,60,133,241,0,124,124,365
10/18/2019,CRP,TX,ASW,CE,Combined TRACON& Tower with Radar,26,20,40,97,183,0,1,43,29,73,26,21,83,126,256,0,112,112,368
10/19/2019,CRP,TX,ASW,CE,Combined TRACON& Tower with Radar,15,14,7,38,74,0,1,22,109,132,15,15,29,147,206,0,0,0,206
10/20/2019,CRP,TX,ASW,CE,Combined TRACON& Tower with Radar,15,16,16,47,94,0,1,7,4,12,15,17,23,51,106,0,6,6,112
10/21/2019,CRP,TX,ASW,CE,Combined TRACON& Tower with Radar,24,23,28,115,190,0,2,12,10,24,24,25,40,125,214,0,48,48,262
10/22/2019,CRP,TX,ASW,CE,Combined TRACON& Tower with Radar,21,25,29,121,196,0,2,27,6,35,21,27,56,127,231,0,54,54,285
10/23/2019,CRP,TX,ASW,CE,Combined TRACON& Tower with Radar,21,26,31,91,169,0,6,26,1,33,21,32,57,92,202,0,60,60,262
10/24/2019,CRP,TX,ASW,CE,Combined TRACON& Tower with Radar,19,25,24,99,167,0,2,6,4,12,19,27,30,103,179,0,109,109,288
10/25/2019,CRP,TX,ASW,CE,Combined TRACON& Tower with Radar,25,26,21,45,117,0,5,7,9,21,25,31,28,54,138,0,26,26,164
10/26/2019,CRP,TX,ASW,CE,Combined TRACON& Tower with Radar,17,17,10,64,108,0,2,33,73,108,17,19,43,137,216,0,0,0,216
10/27/2019,CRP,TX,ASW,CE,Combined TRACON& Tower with Radar,22,17,11,44,94,0,4,38,53,95,22,21,49,97,189,0,30,30,219
10/28/2019,CRP,TX,ASW,CE,Combined TRACON& Tower with Radar,29,17,28,148,222,0,1,21,19,41,29,18,49,167,263,0,98,98,361
10/29/2019,CRP,TX,ASW,CE,Combined TRACON& Tower with Radar,22,29,26,157,234,0,1,8,13,22,22,30,34,170,256,0,54,54,310
10/30/2019,CRP,TX,ASW,CE,Combined TRACON& Tower with Radar,23,26,30,65,144,0,0,9,4,13,23,26,39,69,157,0,28,28,185
10/31/2019,CRP,TX,ASW,CE,Combined TRACON& Tower with Radar,18,19,22,97,156,0,2,15,8,25,18,21,37,105,181,5,25,30,211
11/01/2019,CRP,TX,ASW,CE,Combined TRACON& Tower with Radar,26,29,35,55,145,0,2,43,12,57,26,31,78,67,202,12,77,89,291
11/02/2019,CRP,TX,ASW,CE,Combined TRACON& Tower with Radar,16,14,11,68,109,0,0,41,212,253,16,14,52,280,362,0,0,0,362
11/03/2019,CRP,TX,ASW,CE,Combined TRACON& Tower with Radar,22,12,19,48,101,0,1,23,74,98,22,13,42,122,199,0,0,0,199
11/04/2019,CRP,TX,ASW,CE,Combined TRACON& Tower with Radar,22,21,24,101,168,0,1,17,7,25,22,22,41,108,193,0,105,105,298
11/05/2019,CRP,TX,ASW,CE,Combined TRACON& Tower with Radar,20,23,31,80,154,0,3,14,17,34,20,26,45,97,188,0,93,93,281
11/06/2019,CRP,TX,ASW,CE,Combined TRACON& Tower with Radar,19,25,28,150,222,0,0,27,19,46,19,25,55,169,268,12,126,138,406
11/07/2019,CRP,TX,ASW,CE,Combined TRACON& Tower with Radar,26,21,27,37,111,0,0,6,5,11,26,21,33,42,122,2,52,54,176
11/08/2019,CRP,TX,ASW,CE,Combined TRACON& Tower with Radar,22,25,25,113,185,0,0,1,0,1,22,25,26,113,186,0,20,20,206
11/09/2019,CRP,TX,ASW,CE,Combined TRACON& Tower with Radar,17,14,11,77,119,0,2,19,23,44,17,16,30,100,163,0,190,190,353
11/10/2019,CRP,TX,ASW,CE,Combined TRACON& Tower with Radar,22,14,21,50,107,0,6,16,15,37,22,20,37,65,144,0,62,62,206
11/11/2019,CRP,TX,ASW,CE,Combined TRACON& Tower with Radar,20,17,25,46,108,0,0,6,14,20,20,17,31,60,128,0,0,0,128
11/12/2019,CRP,TX,ASW,CE,Combined TRACON& Tower with Radar,24,19,28,67,138,0,0,11,19,30,24,19,39,86,168,0,90,90,258
11/13/2019,CRP,TX,ASW,CE,Combined TRACON& Tower with Radar,19,24,29,99,171,0,1,9,13,23,19,25,38,112,194,0,8,8,202
11/14/2019,CRP,TX,ASW,CE,Combined TRACON& Tower with Radar,25,28,51,141,245,0,0,0,1,1,25,28,51,142,246,0,66,66,312
11/15/2019,CRP,TX,ASW,CE,Combined TRACON& Tower with Radar,24,18,21,109,172,0,7,34,51,92,24,25,55,160,264,12,62,74,338
11/16/2019,CRP,TX,ASW,CE,Combined TRACON& Tower with Radar,16,14,16,72,118,0,3,38,134,175,16,17,54,206,293,0,0,0,293
11/17/2019,CRP,TX,ASW,CE,Combined TRACON& Tower with Radar,24,13,14,64,115,0,2,26,49,77,24,15,40,113,192,0,0,0,192
11/18/2019,CRP,TX,ASW,CE,Combined TRACON& Tower with Radar,24,18,36,140,218,0,4,27,48,79,24,22,63,188,297,0,170,170,467
11/19/2019,CRP,TX,ASW,CE,Combined TRACON& Tower with Radar,23,23,32,104,182,0,2,27,22,51,23,25,59,126,233,0,86,86,319
11/20/2019,CRP,TX,ASW,CE,Combined TRACON& Tower with Radar,21,29,30,136,216,0,3,18,40,61,21,32,48,176,277,0,186,186,463
11/21/2019,CRP,TX,ASW,CE,Combined TRACON& Tower with Radar,20,30,29,134,213,0,0,15,27,42,20,30,44,161,255,0,202,202,457
11/22/2019,CRP,TX,ASW,CE,Combined TRACON& Tower with Radar,23,26,37,104,190,0,4,15,6,25,23,30,52,110,215,0,86,86,301
11/23/2019,CRP,TX,ASW,CE,Combined TRACON& Tower with Radar,17,21,16,40,94,0,1,25,122,148,17,22,41,162,242,0,0,0,242
11/24/2019,CRP,TX,ASW,CE,Combined TRACON& Tower with Radar,19,21,22,57,119,0,6,65,38,109,19,27,87,95,228,0,0,0,228
11/25/2019,CRP,TX,ASW,CE,Combined TRACON& Tower with Radar,22,23,34,90,169,0,2,28,159,189,22,25,62,249,358,0,40,40,398
11/26/2019,CRP,TX,ASW,CE,Combined TRACON& Tower with Radar,20,24,30,103,177,0,4,13,12,29,20,28,43,115,206,0,118,118,324
11/27/2019,CRP,TX,ASW,CE,Combined TRACON& Tower with Radar,20,25,14,37,96,0,2,12,7,21,20,27,26,44,117,0,24,24,141
11/28/2019,CRP,TX,ASW,CE,Combined TRACON& Tower with Radar,11,17,1,0,29,0,0,0,0,0,11,17,1,0,29,0,0,0,29
11/29/2019,CRP,TX,ASW,CE,Combined TRACON& Tower with Radar,12,20,17,38,87,0,0,1,2,3,12,20,18,40,90,0,20,20,110
11/30/2019,CRP,TX,ASW,CE,Combined TRACON& Tower with Radar,22,23,14,53,112,0,3,13,10,26,22,26,27,63,138,0,50,50,188
12/01/2019,CRP,TX,ASW,CE,Combined TRACON& Tower with Radar,22,20,22,26,90,0,0,25,12,37,22,20,47,38,127,0,46,46,173
12/02/2019,CRP,TX,ASW,CE,Combined TRACON& Tower with Radar,22,21,22,81,146,0,2,19,13,34,22,23,41,94,180,0,58,58,238
12/03/2019,CRP,TX,ASW,CE,Combined TRACON& Tower with Radar,19,25,29,41,114,0,2,24,14,40,19,27,53,55,154,0,128,128,282
12/04/2019,CRP,TX,ASW,CE,Combined TRACON& Tower with Radar,25,33,29,66,153,0,2,27,16,45,25,35,56,82,198,0,0,0,198
12/05/2019,CRP,TX,ASW,CE,Combined TRACON& Tower with Radar,22,23,33,54,132,0,2,6,17,25,22,25,39,71,157,0,256,256,413
12/06/2019,CRP,TX,ASW,CE,Combined TRACON& Tower with Radar,22,25,18,40,105,0,3,11,4,18,22,28,29,44,123,0,30,30,153
12/07/2019,CRP,TX,ASW,CE,Combined TRACON& Tower with Radar,20,14,19,17,70,0,0,21,15,36,20,14,40,32,106,0,70,70,176
12/08/2019,CRP,TX,ASW,CE,Combined TRACON& Tower with Radar,18,22,18,36,94,0,0,21,12,33,18,22,39,48,127,0,84,84,211
12/09/2019,CRP,TX,ASW,CE,Combined TRACON& Tower with Radar,19,27,24,94,164,0,3,13,14,30,19,30,37,108,194,0,64,64,258
12/10/2019,CRP,TX,ASW,CE,Combined TRACON& Tower with Radar,19,24,22,105,170,0,0,1,3,4,19,24,23,108,174,0,24,24,198
12/11/2019,CRP,TX,ASW,CE,Combined TRACON& Tower with Radar,18,24,40,87,169,0,2,3,9,14,18,26,43,96,183,0,116,116,299
12/12/2019,CRP,TX,ASW,CE,Combined TRACON& Tower with Radar,22,24,34,126,206,0,3,15,21,39,22,27,49,147,245,0,134,134,379
12/13/2019,CRP,TX,ASW,CE,Combined TRACON& Tower with Radar,20,29,20,63,132,0,0,16,10,26,20,29,36,73,158,0,38,38,196
12/14/2019,CRP,TX,ASW,CE,Combined TRACON& Tower with Radar,22,9,17,49,97,0,4,27,12,43,22,13,44,61,140,0,36,36,176
12/15/2019,CRP,TX,ASW,CE,Combined TRACON& Tower with Radar,17,18,23,27,85,0,2,15,13,30,17,20,38,40,115,0,70,70,185
12/16/2019,CRP,TX,ASW,CE,Combined TRACON& Tower with Radar,27,25,33,87,172,0,1,9,12,22,27,26,42,99,194,4,96,100,294
12/17/2019,CRP,TX,ASW,CE,Combined TRACON& Tower with Radar,20,26,22,91,159,0,1,29,35,65,20,27,51,126,224,0,90,90,314
12/18/2019,CRP,TX,ASW,CE,Combined TRACON& Tower with Radar,23,21,25,84,153,0,3,19,15,37,23,24,44,99,190,0,54,54,244
12/19/2019,CRP,TX,ASW,CE,Combined TRACON& Tower with Radar,27,21,34,122,204,0,0,18,17,35,27,21,52,139,239,0,24,24,263
12/20/2019,CRP,TX,ASW,CE,Combined TRACON& Tower with Radar,30,20,35,44,129,0,2,1,2,5,30,22,36,46,134,0,0,0,134
12/21/2019,CRP,TX,ASW,CE,Combined TRACON& Tower with Radar,26,20,20,56,122,0,1,4,5,10,26,21,24,61,132,0,0,0,132
12/22/2019,CRP,TX,ASW,CE,Combined TRACON& Tower with Radar,23,17,9,26,75,0,5,26,79,110,23,22,35,105,185,0,0,0,185
12/23/2019,CRP,TX,ASW,CE,Combined TRACON& Tower with Radar,23,14,13,66,116,0,3,17,14,34,23,17,30,80,150,0,116,116,266
12/24/2019,CRP,TX,ASW,CE,Combined TRACON& Tower with Radar,24,25,6,15,70,0,0,12,2,14,24,25,18,17,84,0,0,0,84
12/25/2019,CRP,TX,ASW,CE,Combined TRACON& Tower with Radar,21,8,3,0,32,0,2,8,4,14,21,10,11,4,46,0,0,0,46
12/26/2019,CRP,TX,ASW,CE,Combined TRACON& Tower with Radar,27,16,20,31,94,0,2,7,6,15,27,18,27,37,109,0,0,0,109
12/27/2019,CRP,TX,ASW,CE,Combined TRACON& Tower with Radar,29,18,12,40,99,0,0,7,13,20,29,18,19,53,119,0,182,182,301
12/28/2019,CRP,TX,ASW,CE,Combined TRACON& Tower with Radar,24,17,12,16,69,0,4,2,9,15,24,21,14,25,84,0,0,0,84
12/29/2019,CRP,TX,ASW,CE,Combined TRACON& Tower with Radar,32,19,3,15,69,0,1,12,1,14,32,20,15,16,83,0,0,0,83
12/30/2019,CRP,TX,ASW,CE,Combined TRACON& Tower with Radar,27,22,21,64,134,0,4,34,12,50,27,26,55,76,184,2,56,58,242
12/31/2019,CRP,TX,ASW,CE,Combined TRACON& Tower with Radar,22,22,2,18,64,0,3,20,6,29,22,25,22,24,93,0,0,0,93
01/01/2020,CRP,TX,ASW,CE,Combined TRACON& Tower with Radar,28,10,6,0,44,0,1,0,1,2,28,11,6,1,46,0,0,0,46
01/02/2020,CRP,TX,ASW,CE,Combined TRACON& Tower with Radar,26,19,17,93,155,0,2,8,12,22,26,21,25,105,177,0,260,260,437
01/03/2020,CRP,TX,ASW,CE,Combined TRACON& Tower with Radar,31,20,18,73,142,0,1,9,23,33,31,21,27,96,175,0,224,224,399
01/04/2020,CRP,TX,ASW,CE,Combined TRACON& Tower with Radar,28,18,10,34,90,0,2,38,93,133,28,20,48,127,223,0,0,0,223
01/05/2020,CRP,TX,ASW,CE,Combined TRACON& Tower with Radar,25,14,24,60,123,0,2,25,9,36,25,16,49,69,159,0,26,26,185
01/06/2020,CRP,TX,ASW,CE,Combined TRACON& Tower with Radar,25,22,17,75,139,0,3,22,104,129,25,25,39,179,268,0,0,0,268
01/07/2020,CRP,TX,ASW,CE,Combined TRACON& Tower with Radar,21,18,22,156,217,0,4,21,158,183,21,22,43,314,400,0,0,0,400
01/08/2020,CRP,TX,ASW,CE,Combined TRACON& Tower with Radar,19,20,23,76,138,0,2,25,119,146,19,22,48,195,284,0,6,6,290
01/09/2020,CRP,TX,ASW,CE,Combined TRACON& Tower with Radar,20,21,34,132,207,0,3,15,10,28,20,24,49,142,235,0,80,80,315
01/10/2020,CRP,TX,ASW,CE,Combined TRACON& Tower with Radar,18,27,24,30,99,0,2,5,2,9,18,29,29,32,108,0,48,48,156
01/11/2020,CRP,TX,ASW,CE,Combined TRACON& Tower with Radar,14,15,8,74,111,0,6,5,22,33,14,21,13,96,144,0,198,198,342
01/12/2020,CRP,TX,ASW,CE,Combined TRACON& Tower with Radar,15,25,15,68,123,0,2,15,18,35,15,27,30,86,158,0,34,34,192
01/13/2020,CRP,TX,ASW,CE,Combined TRACON& Tower with Radar,17,23,32,19,91,0,0,0,1,1,17,23,32,20,92,0,0,0,92
01/14/2020,CRP,TX,ASW,CE,Combined TRACON& Tower with Radar,21,29,37,115,202,0,1,3,87,91,21,30,40,202,293,0,0,0,293
01/15/2020,CRP,TX,ASW,CE,Combined TRACON& Tower with Radar,19,27,27,134,207,0,0,10,5,15,19,27,37,139,222,0,118,118,340
01/16/2020,CRP,TX,ASW,CE,Combined TRACON& Tower with Radar,20,25,30,157,232,0,1,3,9,13,20,26,33,166,245,0,128,128,373
01/17/2020,CRP,TX,ASW,CE,Combined TRACON& Tower with Radar,20,26,33,91,170,0,0,7,6,13,20,26,40,97,183,0,90,90,273
01/18/2020,CRP,TX,ASW,CE,Combined TRACON& Tower with Radar,10,20,10,97,137,0,1,6,13,20,10,21,16,110,157,2,182,184,341
01/19/2020,CRP,TX,ASW,CE,Combined TRACON& Tower with Radar,16,20,17,47,100,0,4,32,25,61,16,24,49,72,161,0,112,112,273
01/20/2020,CRP,TX,ASW,CE,Combined TRACON& Tower with Radar,18,20,18,91,147,0,3,24,25,52,18,23,42,116,199,12,106,118,317
01/21/2020,CRP,TX,ASW,CE,Combined TRACON& Tower with Radar,19,21,31,128,199,0,4,27,12,43,19,25,58,140,242,0,80,80,322
01/22/2020,CRP,TX,ASW,CE,Combined TRACON& Tower with Radar,22,18,28,107,175,0,0,0,2,2,22,18,28,109,177,0,0,0,177
01/23/2020,CRP,TX,ASW,CE,Combined TRACON& Tower with Radar,23,21,23,157,224,0,0,21,27,48,23,21,44,184,272,0,244,244,516
01/24/2020,CRP,TX,ASW,CE,Combined TRACON& Tower with Radar,20,23,28,93,164,0,4,24,9,37,20,27,52,102,201,0,176,176,377
01/25/2020,CRP,TX,ASW,CE,Combined TRACON& Tower with Radar,13,12,13,71,109,0,0,6,23,29,13,12,19,94,138,0,162,162,300
01/26/2020,CRP,TX,ASW,CE,Combined TRACON& Tower with Radar,15,21,14,93,143,0,0,12,18,30,15,21,26,111,173,0,6,6,179
01/27/2020,CRP,TX,ASW,CE,Combined TRACON& Tower with Radar,17,22,25,93,157,0,2,8,10,20,17,24,33,103,177,0,160,160,337
01/28/2020,CRP,TX,ASW,CE,Combined TRACON& Tower with Radar,28,21,16,129,194,0,1,19,5,25,28,22,35,134,219,0,176,176,395
01/29/2020,CRP,TX,ASW,CE,Combined TRACON& Tower with Radar,21,20,22,98,161,0,5,18,13,36,21,25,40,111,197,0,82,82,279
01/30/2020,CRP,TX,ASW,CE,Combined TRACON& Tower with Radar,20,26,40,136,222,0,2,3,10,15,20,28,43,146,237,0,102,102,339
01/31/2020,CRP,TX,ASW,CE,Combined TRACON& Tower with Radar,22,23,24,113,182,0,2,11,11,24,22,25,35,124,206,0,80,80,286
02/01/2020,CRP,TX,ASW,CE,Combined TRACON& Tower with Radar,13,13,13,43,82,0,4,21,21,46,13,17,34,64,128,4,112,116,244
02/02/2020,CRP,TX,ASW,CE,Combined TRACON& Tower with Radar,15,17,7,47,86,0,2,12,19,33,15,19,19,66,119,0,54,54,173
02/03/2020,CRP,TX,ASW,CE,Combined TRACON& Tower with Radar,17,21,18,83,139,0,4,1,12,17,17,25,19,95,156,0,58,58,214
02/04/2020,CRP,TX,ASW,CE,Combined TRACON& Tower with Radar,21,23,35,202,281,0,1,12,15,28,21,24,47,217,309,8,130,138,447
02/05/2020,CRP,TX,ASW,CE,Combined TRACON& Tower with Radar,22,24,39,189,274,0,3,0,8,11,22,27,39,197,285,0,86,86,371
02/06/2020,CRP,TX,ASW,CE,Combined TRACON& Tower with Radar,19,21,48,92,180,0,3,21,14,38,19,24,69,106,218,2,14,16,234
02/07/2020,CRP,TX,ASW,CE,Combined TRACON& Tower with Radar,25,26,28,109,188,0,5,17,15,37,25,31,45,124,225,0,130,130,355
02/08/2020,CRP,TX,ASW,CE,Combined TRACON& Tower with Radar,13,14,9,44,80,0,0,21,19,40,13,14,30,63,120,0,62,62,182
02/09/2020,CRP,TX,ASW,CE,Combined TRACON& Tower with Radar,17,19,24,59,119,0,2,1,4,7,17,21,25,63,126,0,10,10,136
02/10/2020,CRP,TX,ASW,CE,Combined TRACON& Tower with Radar,20,25,18,129,192,0,1,0,10,11,20,26,18,139,203,0,46,46,249
02/11/2020,CRP,TX,ASW,CE,Combined TRACON& Tower with Radar,20,26,27,11,84,0,0,0,0,0,20,26,27,11,84,0,0,0,84
02/12/2020,CRP,TX,ASW,CE,Combined TRACON& Tower with Radar,20,28,25,102,175,0,0,1,14,15,20,28,26,116,190,0,100,100,290
02/13/2020,CRP,TX,ASW,CE,Combined TRACON& Tower with Radar,20,23,36,78,157,0,1,44,25,70,20,24,80,103,227,4,150,154,381
02/14/2020,CRP,TX,ASW,CE,Combined TRACON& Tower with Radar,17,28,34,76,155,0,1,11,9,21,17,29,45,85,176,2,32,34,210
02/15/2020,CRP,TX,ASW,CE,Combined TRACON& Tower with Radar,15,14,21,25,75,0,0,8,20,28,15,14,29,45,103,0,172,172,275
02/16/2020,CRP,TX,ASW,CE,Combined TRACON& Tower with Radar,14,25,10,19,68,0,0,4,16,20,14,25,14,35,88,9,88,97,185
02/17/2020,CRP,TX,ASW,CE,Combined TRACON& Tower with Radar,18,26,27,64,135,0,0,8,6,14,18,26,35,70,149,10,56,66,215
02/18/2020,CRP,TX,ASW,CE,Combined TRACON& Tower with Radar,20,30,26,96,172,0,0,5,2,7,20,30,31,98,179,0,0,0,179
02/19/2020,CRP,TX,ASW,CE,Combined TRACON& Tower with Radar,18,27,29,84,158,0,0,0,2,2,18,27,29,86,160,0,4,4,164
02/20/2020,CRP,TX,ASW,CE,Combined TRACON& Tower with Radar,18,35,34,104,191,0,1,1,6,8,18,36,35,110,199,0,0,0,199
02/21/2020,CRP,TX,ASW,CE,Combined TRACON& Tower with Radar,16,30,28,129,203,0,1,12,12,25,16,31,40,141,228,0,28,28,256
02/22/2020,CRP,TX,ASW,CE,Combined TRACON& Tower with Radar,14,12,14,68,108,0,5,18,44,67,14,17,32,112,175,2,166,168,343
02/23/2020,CRP,TX,ASW,CE,Combined TRACON& Tower with Radar,16,23,22,101,162,0,2,5,22,29,16,25,27,123,191,29,67,96,287
02/24/2020,CRP,TX,ASW,CE,Combined TRACON& Tower with Radar,17,27,35,103,182,0,1,15,9,25,17,28,50,112,207,9,91,100,307
02/25/2020,CRP,TX,ASW,CE,Combined TRACON& Tower with Radar,23,28,23,155,229,0,2,18,15,35,23,30,41,170,264,0,24,24,288
02/26/2020,CRP,TX,ASW,CE,Combined TRACON& Tower with Radar,18,26,16,92,152,0,0,8,15,23,18,26,24,107,175,0,8,8,183
02/27/2020,CRP,TX,ASW,CE,Combined TRACON& Tower with Radar,19,30,32,109,190,0,2,27,8,37,19,32,59,117,227,0,4,4,231
02/28/2020,CRP,TX,ASW,CE,Combined TRACON& Tower with Radar,21,26,24,41,112,0,0,18,17,35,21,26,42,58,147,0,72,72,219
02/29/2020,CRP,TX,ASW,CE,Combined TRACON& Tower with Radar,16,18,8,36,78,0,4,13,43,60,16,22,21,79,138,0,138,138,276
03/01/2020,CRP,TX,ASW,CE,Combined TRACON& Tower with Radar,16,23,14,60,113,0,3,4,20,27,16,26,18,80,140,0,138,138,278
03/02/2020,CRP,TX,ASW,CE,Combined TRACON& Tower with Radar,16,26,16,141,199,0,1,6,8,15,16,27,22,149,214,0,48,48,262
03/03/2020,CRP,TX,ASW,CE,Combined TRACON& Tower with Radar,20,25,38,91,174,0,0,3,2,5,20,25,41,93,179,0,16,16,195
03/04/2020,CRP,TX,ASW,CE,Combined TRACON& Tower with Radar,21,26,18,87,152,0,5,6,17,28,21,31,24,104,180,0,68,68,248
03/05/2020,CRP,TX,ASW,CE,Combined TRACON& Tower with Radar,20,24,27,109,180,0,6,26,15,47,20,30,53,124,227,0,22,22,249
03/06/2020,CRP,TX,ASW,CE,Combined TRACON& Tower with Radar,20,22,22,124,188,0,4,28,13,45,20,26,50,137,233,14,32,46,279
03/07/2020,CRP,TX,ASW,CE,Combined TRACON& Tower with Radar,12,17,15,43,87,0,6,11,37,54,12,23,26,80,141,2,132,134,275
03/08/2020,CRP,TX,ASW,CE,Combined TRACON& Tower with Radar,20,17,23,57,117,0,2,7,30,39,20,19,30,87,156,0,50,50,206
03/09/2020,CRP,TX,ASW,CE,Combined TRACON& Tower with Radar,22,23,24,112,181,0,3,1,17,21,22,26,25,129,202,0,156,156,358
03/10/2020,CRP,TX,ASW,CE,Combined TRACON& Tower with Radar,22,30,30,85,167,0,4,2,12,18,22,34,32,97,185,0,132,132,317
03/11/2020,CRP,TX,ASW,CE,Combined TRACON& Tower with Radar,20,26,39,97,182,0,1,6,11,18,20,27,45,108,200,0,140,140,340
03/12/2020,CRP,TX,ASW,CE,Combined TRACON& Tower with Radar,22,28,48,73,171,0,3,16,8,27,22,31,64,81,198,0,56,56,254
03/13/2020,CRP,TX,ASW,CE,Combined TRACON& Tower with Radar,21,29,25,78,153,0,2,2,6,10,21,31,27,84,163,0,90,90,253
03/14/2020,CRP,TX,ASW,CE,Combined TRACON& Tower with Radar,13,18,17,21,69,0,2,3,2,7,13,20,20,23,76,0,78,78,154
03/15/2020,CRP,TX,ASW,CE,Combined TRACON& Tower with Radar,18,20,21,56,115,0,3,4,3,10,18,23,25,59,125,0,28,28,153
03/16/2020,CRP,TX,ASW,CE,Combined TRACON& Tower with Radar,20,20,19,96,155,0,0,4,6,10,20,20,23,102,165,0,58,58,223
03/17/2020,CRP,TX,ASW,CE,Combined TRACON& Tower with Radar,18,24,21,141,204,0,3,6,15,24,18,27,27,156,228,0,68,68,296
03/18/2020,CRP,TX,ASW,CE,Combined TRACON& Tower with Radar,20,21,14,91,146,0,0,3,14,17,20,21,17,105,163,0,22,22,185
03/19/2020,CRP,TX,ASW,CE,Combined TRACON& Tower with Radar,17,23,13,100,153,0,0,5,8,13,17,23,18,108,166,0,124,124,290
03/20/2020,CRP,TX,ASW,CE,Combined TRACON& Tower with Radar,25,32,8,70,135,0,0,2,7,9,25,32,10,77,144,0,50,50,194
03/21/2020,CRP,TX,ASW,CE,Combined TRACON& Tower with Radar,13,13,6,16,48,0,0,0,0,0,13,13,6,16,48,0,0,0,48
03/22/2020,CRP,TX,ASW,CE,Combined TRACON& Tower with Radar,12,13,7,42,74,0,0,0,0,0,12,13,7,42,74,0,54,54,128
03/23/2020,CRP,TX,ASW,CE,Combined TRACON& Tower with Radar,17,14,15,76,122,0,0,6,8,14,17,14,21,84,136,0,114,114,250
03/24/2020,CRP,TX,ASW,CE,Combined TRACON& Tower with Radar,14,16,15,80,125,0,2,17,15,34,14,18,32,95,159,0,60,60,219
03/25/2020,CRP,TX,ASW,CE,Combined TRACON& Tower with Radar,12,10,16,121,159,0,1,11,7,19,12,11,27,128,178,0,52,52,230
03/26/2020,CRP,TX,ASW,CE,Combined TRACON& Tower with Radar,15,17,9,81,122,0,1,10,8,19,15,18,19,89,141,0,50,50,191
03/27/2020,CRP,TX,ASW,CE,Combined TRACON& Tower with Radar,11,16,11,80,118,0,1,8,5,14,11,17,19,85,132,0,76,76,208
03/28/2020,CRP,TX,ASW,CE,Combined TRACON& Tower with Radar,8,11,3,56,78,0,0,2,4,6,8,11,5,60,84,0,26,26,110
03/29/2020,CRP,TX,ASW,CE,Combined TRACON& Tower with Radar,9,10,12,49,80,0,4,5,8,17,9,14,17,57,97,0,24,24,121
03/30/2020,CRP,TX,ASW,CE,Combined TRACON& Tower with Radar,7,15,7,57,86,0,0,5,3,8,7,15,12,60,94,0,44,44,138
03/31/2020,CRP,TX,ASW,CE,Combined TRACON& Tower with Radar,4,13,7,68,92,0,2,21,10,33,4,15,28,78,125,0,38,38,163
04/01/2020,CRP,TX,ASW,CE,Combined TRACON& Tower with Radar,5,11,15,76,107,0,1,11,11,23,5,12,26,87,130,0,132,132,262
04/02/2020,CRP,TX,ASW,CE,Combined TRACON& Tower with Radar,8,13,8,74,103,0,1,5,4,10,8,14,13,78,113,0,48,48,161
04/03/2020,CRP,TX,ASW,CE,Combined TRACON& Tower with Radar,5,9,10,36,60,0,1,1,9,11,5,10,11,45,71,0,46,46,117
04/04/2020,CRP,TX,ASW,CE,Combined TRACON& Tower with Radar,2,6,4,21,33,0,0,0,2,2,2,6,4,23,35,0,14,14,49
04/05/2020,CRP,TX,ASW,CE,Combined TRACON& Tower with Radar,5,5,4,25,39,0,0,2,8,10,5,5,6,33,49,0,106,106,155
04/06/2020,CRP,TX,ASW,CE,Combined TRACON& Tower with Radar,4,8,14,50,76,0,1,2,0,3,4,9,16,50,79,0,0,0,79
04/07/2020,CRP,TX,ASW,CE,Combined TRACON& Tower with Radar,4,14,7,49,74,0,0,6,7,13,4,14,13,56,87,0,32,32,119
04/08/2020,CRP,TX,ASW,CE,Combined TRACON& Tower with Radar,8,8,13,49,78,0,2,13,17,32,8,10,26,66,110,0,186,186,296
04/09/2020,CRP,TX,ASW,CE,Combined TRACON& Tower with Radar,11,6,15,77,109,0,1,2,2,5,11,7,17,79,114,0,0,0,114
04/10/2020,CRP,TX,ASW,CE,Combined TRACON& Tower with Radar,12,8,5,119,144,0,2,1,4,7,12,10,6,123,151,0,34,34,185
04/11/2020,CRP,TX,ASW,CE,Combined TRACON& Tower with Radar,6,6,1,128,141,0,2,1,5,8,6,8,2,133,149,0,54,54,203
04/12/2020,CRP,TX,ASW,CE,Combined TRACON& Tower with Radar,12,0,3,35,50,0,2,4,16,22,12,2,7,51,72,0,16,16,88
04/13/2020,CRP,TX,ASW,CE,Combined TRACON& Tower with Radar,9,3,9,89,110,0,0,21,16,37,9,3,30,105,147,0,164,164,311
04/14/2020,CRP,TX,ASW,CE,Combined TRACON& Tower with Radar,9,9,15,162,195,0,3,14,17,34,9,12,29,179,229,4,190,194,423
04/15/2020,CRP,TX,ASW,CE,Combined TRACON& Tower with Radar,10,9,18,59,96,0,0,30,9,39,10,9,48,68,135,0,146,146,281
04/16/2020,CRP,TX,ASW,CE,Combined TRACON& Tower with Radar,12,10,20,53,95,0,3,6,14,23,12,13,26,67,118,0,134,134,252
04/17/2020,CRP,TX,ASW,CE,Combined TRACON& Tower with Radar,10,7,21,75,113,0,1,3,3,7,10,8,24,78,120,0,120,120,240
04/18/2020,CRP,TX,ASW,CE,Combined TRACON& Tower with Radar,6,6,4,62,78,0,0,0,2,2,6,6,4,64,80,0,0,0,80
04/19/2020,CRP,TX,ASW,CE,Combined TRACON& Tower with Radar,10,12,16,49,87,0,3,6,18,27,10,15,22,67,114,18,32,50,164
04/20/2020,CRP,TX,ASW,CE,Combined TRACON& Tower with Radar,9,10,12,65,96,0,2,16,5,23,9,12,28,70,119,6,4,10,129
04/21/2020,CRP,TX,ASW,CE,Combined TRACON& Tower with Radar,7,12,14,100,133,0,0,7,11,18,7,12,21,111,151,0,104,104,255
04/22/2020,CRP,TX,ASW,CE,Combined TRACON& Tower with Radar,10,4,18,67,99,0,1,6,17,24,10,5,24,84,123,0,208,208,331
04/23/2020,CRP,TX,ASW,CE,Combined TRACON& Tower with Radar,14,4,8,83,109,0,2,20,12,34,14,6,28,95,143,2,112,114,257
04/24/2020,CRP,TX,ASW,CE,Combined TRACON& Tower with Radar,10,11,12,80,113,0,3,13,9,25,10,14,25,89,138,12,130,142,280
04/25/2020,CRP,TX,ASW,CE,Combined TRACON& Tower with Radar,8,3,9,34,54,0,0,13,32,45,8,3,22,66,99,2,116,118,217
04/26/2020,CRP,TX,ASW,CE,Combined TRACON& Tower with Radar,8,4,17,40,69,0,0,24,28,52,8,4,41,68,121,6,18,24,145
04/27/2020,CRP,TX,ASW,CE,Combined TRACON& Tower with Radar,8,6,18,65,97,0,0,17,9,26,8,6,35,74,123,6,110,116,239
04/28/2020,CRP,TX,ASW,CE,Combined TRACON& Tower with Radar,8,6,20,86,120,0,2,15,11,28,8,8,35,97,148,0,176,176,324
04/29/2020,CRP,TX,ASW,CE,Combined TRACON& Tower with Radar,10,7,20,64,101,0,4,6,6,16,10,11,26,70,117,34,70,104,221
04/30/2020,CRP,TX,ASW,CE,Combined TRACON& Tower with Radar,8,4,17,76,105,0,2,24,19,45,8,6,41,95,150,28,138,166,316
05/01/2020,CRP,TX,ASW,CE,Combined TRACON& Tower with Radar,10,10,19,50,89,0,2,21,14,37,10,12,40,64,126,0,66,66,192
05/02/2020,CRP,TX,ASW,CE,Combined TRACON& Tower with Radar,6,7,10,63,86,0,2,14,21,37,6,9,24,84,123,2,72,74,197
05/03/2020,CRP,TX,ASW,CE,Combined TRACON& Tower with Radar,9,5,12,26,52,0,2,18,23,43,9,7,30,49,95,0,32,32,127
05/04/2020,CRP,TX,ASW,CE,Combined TRACON& Tower with Radar,9,14,24,66,113,0,1,4,10,15,9,15,28,76,128,2,84,86,214
05/05/2020,CRP,TX,ASW,CE,Combined TRACON& Tower with Radar,7,17,18,137,179,0,7,10,9,26,7,24,28,146,205,4,228,232,437
05/06/2020,CRP,TX,ASW,CE,Combined TRACON& Tower with Radar,11,22,20,98,151,0,1,11,12,24,11,23,31,110,175,0,140,140,315
05/07/2020,CRP,TX,ASW,CE,Combined TRACON& Tower with Radar,7,18,29,104,158,0,6,2,9,17,7,24,31,113,175,0,114,114,289
05/08/2020,CRP,TX,ASW,CE,Combined TRACON& Tower with Radar,10,13,24,68,115,0,0,6,18,24,10,13,30,86,139,0,192,192,331
05/09/2020,CRP,TX,ASW,CE,Combined TRACON& Tower with Radar,10,8,11,62,91,0,0,7,9,16,10,8,18,71,107,0,88,88,195
05/10/2020,CRP,TX,ASW,CE,Combined TRACON& Tower with Radar,10,12,10,51,83,0,2,20,11,33,10,14,30,62,116,0,80,80,196
05/11/2020,CRP,TX,ASW,CE,Combined TRACON& Tower with Radar,10,11,23,80,124,0,5,2,14,21,10,16,25,94,145,4,162,166,311
05/12/2020,CRP,TX,ASW,CE,Combined TRACON& Tower with Radar,10,17,10,66,103,0,1,21,24,46,10,18,31,90,149,2,94,96,245
05/13/2020,CRP,TX,ASW,CE,Combined TRACON& Tower with Radar,10,11,18,117,156,0,2,12,16,30,10,13,30,133,186,0,114,114,300
05/14/2020,CRP,TX,ASW,CE,Combined TRACON& Tower with Radar,10,11,30,101,152,0,1,10,9,20,10,12,40,110,172,0,74,74,246
05/15/2020,CRP,TX,ASW,CE,Combined TRACON& Tower with Radar,10,9,31,118,168,0,2,1,8,11,10,11,32,126,179,0,140,140,319
05/16/2020,CRP,TX,ASW,CE,Combined TRACON& Tower with Radar,10,6,0,100,116,0,4,3,12,19,10,10,3,112,135,0,92,92,227
05/17/2020,CRP,TX,ASW,CE,Combined TRACON& Tower with Radar,10,8,7,64,89,0,0,12,19,31,10,8,19,83,120,0,38,38,158
05/18/2020,CRP,TX,ASW,CE,Combined TRACON& Tower with Radar,10,11,9,83,113,0,3,26,11,40,10,14,35,94,153,2,152,154,307
05/19/2020,CRP,TX,ASW,CE,Combined TRACON& Tower with Radar,10,16,14,121,161,0,6,23,21,50,10,22,37,142,211,0,134,134,345
05/20/2020,CRP,TX,ASW,CE,Combined TRACON& Tower with Radar,10,12,29,87,138,0,7,18,11,36,10,19,47,98,174,14,58,72,246
05/21/2020,CRP,TX,ASW,CE,Combined TRACON& Tower with Radar,10,14,42,84,150,0,1,16,19,36,10,15,58,103,186,0,90,90,276
05/22/2020,CRP,TX,ASW,CE,Combined TRACON& Tower with Radar,10,14,29,37,90,0,3,6,22,31,10,17,35,59,121,2,62,64,185
05/23/2020,CRP,TX,ASW,CE,Combined TRACON& Tower with Radar,10,8,17,40,75,0,3,9,20,32,10,11,26,60,107,2,8,10,117
05/24/2020,CRP,TX,ASW,CE,Combined TRACON& Tower with Radar,16,5,6,34,61,0,1,7,19,27,16,6,13,53,88,0,70,70,158
05/25/2020,CRP,TX,ASW,CE,Combined TRACON& Tower with Radar,10,7,14,23,54,0,1,12,13,26,10,8,26,36,80,0,46,46,126
05/26/2020,CRP,TX,ASW,CE,Combined TRACON& Tower with Radar,10,11,10,89,120,0,0,15,16,31,10,11,25,105,151,0,108,108,259
05/27/2020,CRP,TX,ASW,CE,Combined TRACON& Tower with Radar,12,17,19,65,113,0,2,19,18,39,12,19,38,83,152,0,144,144,296
05/28/2020,CRP,TX,ASW,CE,Combined TRACON& Tower with Radar,10,13,31,81,135,0,1,11,9,21,10,14,42,90,156,0,92,92,248
05/29/2020,CRP,TX,ASW,CE,Combined TRACON& Tower with Radar,10,13,20,82,125,0,3,8,10,21,10,16,28,92,146,38,68,106,252
05/30/2020,CRP,TX,ASW,CE,Combined TRACON& Tower with Radar,10,8,4,61,83,0,3,5,8,16,10,11,9,69,99,0,18,18,117
05/31/2020,CRP,TX,ASW,CE,Combined TRACON& Tower with Radar,10,10,9,57,86,0,4,5,3,12,10,14,14,60,98,0,62,62,160
06/01/2020,CRP,TX,ASW,CE,Combined TRACON& Tower with Radar,10,13,19,59,101,0,0,0,5,5,10,13,19,64,106,0,4,4,110
06/02/2020,CRP,TX,ASW,CE,Combined TRACON& Tower with Radar,10,12,15,103,140,0,4,8,13,25,10,16,23,116,165,0,86,86,251
06/03/2020,CRP,TX,ASW,CE,Combined TRACON& Tower with Radar,10,13,18,78,119,0,0,34,12,46,10,13,52,90,165,0,100,100,265
06/04/2020,CRP,TX,ASW,CE,Combined TRACON& Tower with Radar,8,13,29,114,164,0,0,23,15,38,8,13,52,129,202,0,128,128,330
06/05/2020,CRP,TX,ASW,CE,Combined TRACON& Tower with Radar,8,11,26,91,136,0,4,24,11,39,8,15,50,102,175,0,68,68,243
06/06/2020,CRP,TX,ASW,CE,Combined TRACON& Tower with Radar,8,9,15,50,82,0,1,33,27,61,8,10,48,77,143,0,72,72,215
06/07/2020,CRP,TX,ASW,CE,Combined TRACON& Tower with Radar,8,5,9,61,83,0,1,15,11,27,8,6,24,72,110,0,196,196,306
06/08/2020,CRP,TX,ASW,CE,Combined TRACON& Tower with Radar,8,11,17,118,154,0,7,21,18,46,8,18,38,136,200,0,158,158,358
06/09/2020,CRP,TX,ASW,CE,Combined TRACON& Tower with Radar,8,14,15,117,154,0,2,30,12,44,8,16,45,129,198,0,104,104,302
06/10/2020,CRP,TX,ASW,CE,Combined TRACON& Tower with Radar,7,12,29,129,177,0,3,6,19,28,7,15,35,148,205,0,84,84,289
06/11/2020,CRP,TX,ASW,CE,Combined TRACON& Tower with Radar,9,16,25,140,190,0,4,20,15,39,9,20,45,155,229,0,58,58,287
06/12/2020,CRP,TX,ASW,CE,Combined TRACON& Tower with Radar,8,15,20,99,142,0,2,22,9,33,8,17,42,108,175,0,0,0,175
06/13/2020,CRP,TX,ASW,CE,Combined TRACON& Tower with Radar,10,10,3,52,75,0,3,10,27,40,10,13,13,79,115,0,126,126,241
06/14/2020,CRP,TX,ASW,CE,Combined TRACON& Tower with Radar,8,3,20,57,88,0,1,22,7,30,8,4,42,64,118,0,0,0,118
06/15/2020,CRP,TX,ASW,CE,Combined TRACON& Tower with Radar,8,14,16,67,105,0,2,8,6,16,8,16,24,73,121,0,34,34,155
06/16/2020,CRP,TX,ASW,CE,Combined TRACON& Tower with Radar,8,13,29,133,183,0,2,6,19,27,8,15,35,152,210,0,148,148,358
06/17/2020,CRP,TX,ASW,CE,Combined TRACON& Tower with Radar,8,20,23,118,169,0,2,35,19,56,8,22,58,137,225,0,138,138,363
06/18/2020,CRP,TX,ASW,CE,Combined TRACON& Tower with Radar,8,13,32,65,118,0,2,13,7,22,8,15,45,72,140,0,20,20,160
06/19/2020,CRP,TX,ASW,CE,Combined TRACON& Tower with Radar,8,15,30,37,90,0,2,15,10,27,8,17,45,47,117,0,130,130,247
06/20/2020,CRP,TX,ASW,CE,Combined TRACON& Tower with Radar,8,7,11,82,108,0,2,16,22,40,8,9,27,104,148,4,110,114,262
06/21/2020,CRP,TX,ASW,CE,Combined TRACON& Tower with Radar,8,2,5,82,97,0,3,11,7,21,8,5,16,89,118,2,32,34,152
06/22/2020,CRP,TX,ASW,CE,Combined TRACON& Tower with Radar,10,9,25,38,82,0,6,13,18,37,10,15,38,56,119,8,278,286,405
06/23/2020,CRP,TX,ASW,CE,Combined TRACON& Tower with Radar,8,17,15,52,92,0,3,2,20,25,8,20,17,72,117,0,142,142,259
06/24/2020,CRP,TX,ASW,CE,Combined TRACON& Tower with Radar,8,14,25,54,101,0,0,7,9,16,8,14,32,63,117,0,144,144,261
06/25/2020,CRP,TX,ASW,CE,Combined TRACON& Tower with Radar,10,10,24,99,143,0,3,17,16,36,10,13,41,115,179,0,234,234,413
06/26/2020,CRP,TX,ASW,CE,Combined TRACON& Tower with Radar,10,10,24,66,110,0,0,4,6,10,10,10,28,72,120,0,16,16,136
06/27/2020,CRP,TX,ASW,CE,Combined TRACON& Tower with Radar,8,7,24,81,120,0,0,5,12,17,8,7,29,93,137,0,98,98,235
06/28/2020,CRP,TX,ASW,CE,Combined TRACON& Tower with Radar,7,6,20,51,84,0,3,1,13,17,7,9,21,64,101,0,0,0,101
06/29/2020,CRP,TX,ASW,CE,Combined TRACON& Tower with Radar,10,10,16,71,107,0,0,8,11,19,10,10,24,82,126,0,36,36,162
06/30/2020,CRP,TX,ASW,CE,Combined TRACON& Tower with Radar,8,12,22,90,132,0,3,6,9,18,8,15,28,99,150,8,132,140,290
07/01/2020,CRP,TX,ASW,CE,Combined TRACON& Tower with Radar,8,13,26,117,164,0,3,5,10,18,8,16,31,127,182,2,84,86,268
07/02/2020,CRP,TX,ASW,CE,Combined TRACON& Tower with Radar,8,16,25,59,108,0,1,17,12,30,8,17,42,71,138,0,22,22,160
07/03/2020,CRP,TX,ASW,CE,Combined TRACON& Tower with Radar,8,9,12,20,49,0,2,8,1,11,8,11,20,21,60,0,0,0,60
07/04/2020,CRP,TX,ASW,CE,Combined TRACON& Tower with Radar,8,2,4,0,14,0,2,5,0,7,8,4,9,0,21,4,0,4,25
07/05/2020,CRP,TX,ASW,CE,Combined TRACON& Tower with Radar,8,4,11,9,32,0,0,12,5,17,8,4,23,14,49,2,0,2,51
07/06/2020,CRP,TX,ASW,CE,Combined TRACON& Tower with Radar,8,8,7,2,25,0,1,11,6,18,8,9,18,8,43,0,0,0,43
07/07/2020,CRP,TX,ASW,CE,Combined TRACON& Tower with Radar,9,16,24,13,62,0,5,11,11,27,9,21,35,24,89,2,16,18,107
07/08/2020,CRP,TX,ASW,CE,Combined TRACON& Tower with Radar,10,19,26,136,191,0,10,13,12,35,10,29,39,148,226,0,88,88,314
07/09/2020,CRP,TX,ASW,CE,Combined TRACON& Tower with Radar,13,17,24,81,135,0,3,25,18,46,13,20,49,99,181,0,38,38,219
07/10/2020,CRP,TX,ASW,CE,Combined TRACON& Tower with Radar,13,17,16,71,117,0,5,10,13,28,13,22,26,84,145,0,72,72,217
07/11/2020,CRP,TX,ASW,CE,Combined TRACON& Tower with Radar,9,11,15,84,119,0,0,18,16,34,9,11,33,100,153,0,36,36,189
07/12/2020,CRP,TX,ASW,CE,Combined TRACON& Tower with Radar,11,10,21,82,124,0,1,13,16,30,11,11,34,98,154,0,0,0,154
07/13/2020,CRP,TX,ASW,CE,Combined TRACON& Tower with Radar,12,15,14,55,96,0,1,3,23,27,12,16,17,78,123,0,134,134,257
07/14/2020,CRP,TX,ASW,CE,Combined TRACON& Tower with Radar,10,18,23,114,165,0,4,14,15,33,10,22,37,129,198,0,136,136,334
07/15/2020,CRP,TX,ASW,CE,Combined TRACON& Tower with Radar,10,18,26,73,127,0,2,15,11,28,10,20,41,84,155,14,182,196,351
07/16/2020,CRP,TX,ASW,CE,Combined TRACON& Tower with Radar,12,18,29,87,146,0,1,13,15,29,12,19,42,102,175,10,56,66,241
07/17/2020,CRP,TX,ASW,CE,Combined TRACON& Tower with Radar,12,20,22,48,102,0,2,5,14,21,12,22,27,62,123,0,42,42,165
07/18/2020,CRP,TX,ASW,CE,Combined TRACON& Tower with Radar,9,13,11,46,79,0,2,7,14,23,9,15,18,60,102,0,118,118,220
07/19/2020,CRP,TX,ASW,CE,Combined TRACON& Tower with Radar,11,11,11,78,111,0,3,8,13,24,11,14,19,91,135,0,28,28,163
07/20/2020,CRP,TX,ASW,CE,Combined TRACON& Tower with Radar,14,15,16,71,116,0,4,13,9,26,14,19,29,80,142,0,152,152,294
07/21/2020,CRP,TX,ASW,CE,Combined TRACON& Tower with Radar,10,16,19,90,135,0,6,18,8,32,10,22,37,98,167,0,44,44,211
07/22/2020,CRP,TX,ASW,CE,Combined TRACON& Tower with Radar,10,14,16,84,124,0,2,10,5,17,10,16,26,89,141,0,20,20,161
07/23/2020,CRP,TX,ASW,CE,Combined TRACON& Tower with Radar,12,20,21,58,111,0,2,9,9,20,12,22,30,67,131,0,78,78,209
07/24/2020,CRP,TX,ASW,CE,Combined TRACON& Tower with Radar,13,16,17,49,95,0,3,0,3,6,13,19,17,52,101,0,0,0,101
07/25/2020,CRP,TX,ASW,CE,Combined TRACON& Tower with Radar,2,1,1,0,4,0,0,0,1,1,2,1,1,1,5,0,0,0,5
07/26/2020,CRP,TX,ASW,CE,Combined TRACON& Tower with Radar,13,4,2,2,21,0,2,0,6,8,13,6,2,8,29,0,0,0,29
07/27/2020,CRP,TX,ASW,CE,Combined TRACON& Tower with Radar,12,15,9,75,111,0,1,12,13,26,12,16,21,88,137,0,72,72,209
07/28/2020,CRP,TX,ASW,CE,Combined TRACON& Tower with Radar,10,19,17,73,119,0,2,11,9,22,10,21,28,82,141,0,104,104,245
07/29/2020,CRP,TX,ASW,CE,Combined TRACON& Tower with Radar,10,18,19,84,131,0,3,10,17,30,10,21,29,101,161,0,64,64,225
07/30/2020,CRP,TX,ASW,CE,Combined TRACON& Tower with Radar,10,22,29,95,156,0,4,14,15,33,10,26,43,110,189,2,80,82,271
07/31/2020,CRP,TX,ASW,CE,Combined TRACON& Tower with Radar,12,20,20,100,152,0,1,13,21,35,12,21,33,121,187,6,366,372,559
08/01/2020,CRP,TX,ASW,CE,Combined TRACON& Tower with Radar,9,16,13,39,77,0,1,11,11,23,9,17,24,50,100,0,20,20,120
08/02/2020,CRP,TX,ASW,CE,Combined TRACON& Tower with Radar,11,10,22,89,132,0,0,24,14,38,11,10,46,103,170,0,114,114,284
08/03/2020,CRP,TX,ASW,CE,Combined TRACON& Tower with Radar,11,15,20,77,123,0,4,11,19,34,11,19,31,96,157,20,238,258,415
08/04/2020,CRP,TX,ASW,CE,Combined TRACON& Tower with Radar,12,13,16,78,119,0,2,7,16,25,12,15,23,94,144,0,162,162,306
08/05/2020,CRP,TX,ASW,CE,Combined TRACON& Tower with Radar,12,8,26,70,116,0,1,22,16,39,12,9,48,86,155,0,242,242,397
08/06/2020,CRP,TX,ASW,CE,Combined TRACON& Tower with Radar,14,10,20,102,146,0,3,11,7,21,14,13,31,109,167,0,34,34,201
08/07/2020,CRP,TX,ASW,CE,Combined TRACON& Tower with Radar,14,12,21,85,132,0,1,13,12,26,14,13,34,97,158,0,140,140,298
08/08/2020,CRP,TX,ASW,CE,Combined TRACON& Tower with Radar,13,7,13,95,128,0,1,11,21,33,13,8,24,116,161,0,46,46,207
08/09/2020,CRP,TX,ASW,CE,Combined TRACON& Tower with Radar,13,11,14,45,83,0,2,17,26,45,13,13,31,71,128,4,78,82,210
08/10/2020,CRP,TX,ASW,CE,Combined TRACON& Tower with Radar,14,14,18,70,116,0,1,6,12,19,14,15,24,82,135,0,50,50,185
08/11/2020,CRP,TX,ASW,CE,Combined TRACON& Tower with Radar,12,13,31,56,112,0,5,24,8,37,12,18,55,64,149,0,24,24,173
08/12/2020,CRP,TX,ASW,CE,Combined TRACON& Tower with Radar,12,10,27,79,128,0,4,16,14,34,12,14,43,93,162,0,364,364,526
08/13/2020,CRP,TX,ASW,CE,Combined TRACON& Tower with Radar,16,15,41,91,163,0,3,22,10,35,16,18,63,101,198,0,324,324,522
08/14/2020,CRP,TX,ASW,CE,Combined TRACON& Tower with Radar,16,15,29,47,107,0,6,16,19,41,16,21,45,66,148,0,108,108,256
08/15/2020,CRP,TX,ASW,CE,Combined TRACON& Tower with Radar,15,9,9,77,110,0,1,13,28,42,15,10,22,105,152,0,112,112,264
08/16/2020,CRP,TX,ASW,CE,Combined TRACON& Tower with Radar,16,16,13,55,100,0,0,17,18,35,16,16,30,73,135,20,54,74,209
08/17/2020,CRP,TX,ASW,CE,Combined TRACON& Tower with Radar,17,10,12,62,101,0,3,14,7,24,17,13,26,69,125,16,56,72,197
08/18/2020,CRP,TX,ASW,CE,Combined TRACON& Tower with Radar,12,11,16,83,122,0,6,11,13,30,12,17,27,96,152,18,168,186,338
08/19/2020,CRP,TX,ASW,CE,Combined TRACON& Tower with Radar,12,9,19,78,118,0,3,20,19,42,12,12,39,97,160,2,86,88,248
08/20/2020,CRP,TX,ASW,CE,Combined TRACON& Tower with Radar,16,12,44,108,180,0,0,15,11,26,16,12,59,119,206,0,96,96,302
08/21/2020,CRP,TX,ASW,CE,Combined TRACON& Tower with Radar,16,12,20,98,146,0,2,12,20,34,16,14,32,118,180,0,14,14,194
08/22/2020,CRP,TX,ASW,CE,Combined TRACON& Tower with Radar,16,11,4,60,91,0,3,13,27,43,16,14,17,87,134,0,140,140,274
08/23/2020,CRP,TX,ASW,CE,Combined TRACON& Tower with Radar,16,10,19,68,113,0,1,12,14,27,16,11,31,82,140,0,82,82,222
08/24/2020,CRP,TX,ASW,CE,Combined TRACON& Tower with Radar,16,14,14,65,109,0,0,8,14,22,16,14,22,79,131,0,72,72,203
08/25/2020,CRP,TX,ASW,CE,Combined TRACON& Tower with Radar,12,13,28,89,142,0,3,11,20,34,12,16,39,109,176,0,228,228,404
08/26/2020,CRP,TX,ASW,CE,Combined TRACON& Tower with Radar,7,8,18,94,127,0,4,7,7,18,7,12,25,101,145,0,68,68,213
08/27/2020,CRP,TX,ASW,CE,Combined TRACON& Tower with Radar,11,14,14,83,122,0,1,6,36,43,11,15,20,119,165,0,146,146,311
08/28/2020,CRP,TX,ASW,CE,Combined TRACON& Tower with Radar,16,13,21,70,120,0,2,15,13,30,16,15,36,83,150,0,144,144,294
08/29/2020,CRP,TX,ASW,CE,Combined TRACON& Tower with Radar,15,9,12,37,73,0,7,8,9,24,15,16,20,46,97,0,24,24,121
08/30/2020,CRP,TX,ASW,CE,Combined TRACON& Tower with Radar,15,6,13,46,80,0,3,17,11,31,15,9,30,57,111,0,0,0,111
08/31/2020,CRP,TX,ASW,CE,Combined TRACON& Tower with Radar,16,12,22,109,159,0,2,4,15,21,16,14,26,124,180,0,118,118,298
09/01/2020,CRP,TX,ASW,CE,Combined TRACON& Tower with Radar,10,11,33,118,172,0,0,5,9,14,10,11,38,127,186,0,178,178,364
09/02/2020,CRP,TX,ASW,CE,Combined TRACON& Tower with Radar,20,20,18,106,164,0,0,12,22,34,20,20,30,128,198,0,220,220,418
09/03/2020,CRP,TX,ASW,CE,Combined TRACON& Tower with Radar,14,16,31,113,174,0,1,8,18,27,14,17,39,131,201,0,180,180,381
09/04/2020,CRP,TX,ASW,CE,Combined TRACON& Tower with Radar,14,19,26,0,59,0,0,10,5,15,14,19,36,5,74,8,0,8,82
09/05/2020,CRP,TX,ASW,CE,Combined TRACON& Tower with Radar,17,4,5,73,99,0,1,7,6,14,17,5,12,79,113,0,4,4,117
09/06/2020,CRP,TX,ASW,CE,Combined TRACON& Tower with Radar,8,5,9,50,72,0,7,14,5,26,8,12,23,55,98,2,24,26,124
09/07/2020,CRP,TX,ASW,CE,Combined TRACON& Tower with Radar,12,12,15,34,73,0,2,18,3,23,12,14,33,37,96,0,2,2,98
09/08/2020,CRP,TX,ASW,CE,Combined TRACON& Tower with Radar,12,10,19,84,125,0,4,11,9,24,12,14,30,93,149,4,36,40,189
09/09/2020,CRP,TX,ASW,CE,Combined TRACON& Tower with Radar,12,21,26,85,144,0,0,2,11,13,12,21,28,96,157,0,80,80,237
09/10/2020,CRP,TX,ASW,CE,Combined TRACON& Tower with Radar,8,18,34,119,179,0,1,7,16,24,8,19,41,135,203,10,50,60,263
09/11/2020,CRP,TX,ASW,CE,Combined TRACON& Tower with Radar,8,18,38,113,177,0,2,11,8,21,8,20,49,121,198,0,32,32,230
09/12/2020,CRP,TX,ASW,CE,Combined TRACON& Tower with Radar,8,7,8,68,91,0,4,13,16,33,8,11,21,84,124,0,76,76,200
09/13/2020,CRP,TX,ASW,CE,Combined TRACON& Tower with Radar,8,14,13,109,144,0,2,9,9,20,8,16,22,118,164,0,36,36,200
09/14/2020,CRP,TX,ASW,CE,Combined TRACON& Tower with Radar,8,15,15,64,102,0,1,11,17,29,8,16,26,81,131,0,58,58,189
09/15/2020,CRP,TX,ASW,CE,Combined TRACON& Tower with Radar,9,19,24,140,192,0,4,14,18,36,9,23,38,158,228,0,134,134,362
09/16/2020,CRP,TX,ASW,CE,Combined TRACON& Tower with Radar,9,21,24,53,107,0,0,11,10,21,9,21,35,63,128,0,52,52,180
09/17/2020,CRP,TX,ASW,CE,Combined TRACON& Tower with Radar,8,16,21,39,84,0,1,10,7,18,8,17,31,46,102,0,50,50,152
09/18/2020,CRP,TX,ASW,CE,Combined TRACON& Tower with Radar,8,23,24,148,203,0,2,19,16,37,8,25,43,164,240,0,102,102,342
09/19/2020,CRP,TX,ASW,CE,Combined TRACON& Tower with Radar,8,14,23,18,63,0,1,13,14,28,8,15,36,32,91,10,34,44,135
09/20/2020,CRP,TX,ASW,CE,Combined TRACON& Tower with Radar,8,17,14,31,70,0,0,11,8,19,8,17,25,39,89,12,0,12,101
09/21/2020,CRP,TX,ASW,CE,Combined TRACON& Tower with Radar,8,17,11,22,58,0,0,1,2,3,8,17,12,24,61,0,0,0,61
09/22/2020,CRP,TX,ASW,CE,Combined TRACON& Tower with Radar,7,21,30,174,232,0,5,9,11,25,7,26,39,185,257,2,200,202,459
09/23/2020,CRP,TX,ASW,CE,Combined TRACON& Tower with Radar,9,15,30,152,206,0,3,16,22,41,9,18,46,174,247,8,198,206,453
09/24/2020,CRP,TX,ASW,CE,Combined TRACON& Tower with Radar,8,20,31,97,156,0,3,20,8,31,8,23,51,105,187,0,102,102,289
09/25/2020,CRP,TX,ASW,CE,Combined TRACON& Tower with Radar,8,19,32,100,159,0,7,23,10,40,8,26,55,110,199,2,174,176,375
09/26/2020,CRP,TX,ASW,CE,Combined TRACON& Tower with Radar,8,16,11,74,109,0,3,12,20,35,8,19,23,94,144,0,110,110,254
09/27/2020,CRP,TX,ASW,CE,Combined TRACON& Tower with Radar,10,10,15,61,96,0,1,13,21,35,10,11,28,82,131,0,44,44,175
09/28/2020,CRP,TX,ASW,CE,Combined TRACON& Tower with Radar,8,20,26,112,166,0,0,11,12,23,8,20,37,124,189,0,36,36,225
09/29/2020,CRP,TX,ASW,CE,Combined TRACON& Tower with Radar,9,14,15,131,169,0,2,21,18,41,9,16,36,149,210,0,56,56,266
09/30/2020,CRP,TX,ASW,CE,Combined TRACON& Tower with Radar,9,26,21,74,130,0,5,21,12,38,9,31,42,86,168,0,52,52,220
10/01/2020,CRP,TX,ASW,CE,Combined TRACON& Tower with Radar,8,18,24,101,151,0,3,27,18,48,8,21,51,119,199,0,238,238,437
10/02/2020,CRP,TX,ASW,CE,Combined TRACON& Tower with Radar,8,18,23,72,121,0,4,13,13,30,8,22,36,85,151,0,126,126,277
10/03/2020,CRP,TX,ASW,CE,Combined TRACON& Tower with Radar,10,13,10,54,87,0,1,23,12,36,10,14,33,66,123,0,8,8,131
10/04/2020,CRP,TX,ASW,CE,Combined TRACON& Tower with Radar,8,11,6,41,66,0,1,18,18,37,8,12,24,59,103,0,58,58,161
10/05/2020,CRP,TX,ASW,CE,Combined TRACON& Tower with Radar,8,18,17,109,152,0,2,21,16,39,8,20,38,125,191,0,158,158,349
10/06/2020,CRP,TX,ASW,CE,Combined TRACON& Tower with Radar,9,14,29,79,131,0,2,21,14,37,9,16,50,93,168,0,90,90,258
10/07/2020,CRP,TX,ASW,CE,Combined TRACON& Tower with Radar,14,20,29,115,178,0,2,25,15,42,14,22,54,130,220,10,90,100,320
10/08/2020,CRP,TX,ASW,CE,Combined TRACON& Tower with Radar,12,15,49,93,169,0,3,10,18,31,12,18,59,111,200,0,126,126,326
10/09/2020,CRP,TX,ASW,CE,Combined TRACON& Tower with Radar,16,13,19,97,145,0,1,14,13,28,16,14,33,110,173,0,104,104,277
10/10/2020,CRP,TX,ASW,CE,Combined TRACON& Tower with Radar,12,11,19,112,154,0,5,23,12,40,12,16,42,124,194,0,20,20,214
10/11/2020,CRP,TX,ASW,CE,Combined TRACON& Tower with Radar,14,12,15,61,102,0,3,18,9,30,14,15,33,70,132,0,36,36,168
10/12/2020,CRP,TX,ASW,CE,Combined TRACON& Tower with Radar,16,10,16,40,82,0,3,9,9,21,16,13,25,49,103,0,44,44,147
10/13/2020,CRP,TX,ASW,CE,Combined TRACON& Tower with Radar,14,8,23,88,133,0,1,16,14,31,14,9,39,102,164,0,104,104,268
10/14/2020,CRP,TX,ASW,CE,Combined TRACON& Tower with Radar,14,19,37,115,185,0,4,24,18,46,14,23,61,133,231,2,152,154,385
10/15/2020,CRP,TX,ASW,CE,Combined TRACON& Tower with Radar,12,21,27,115,175,0,4,14,19,37,12,25,41,134,212,0,306,306,518
10/16/2020,CRP,TX,ASW,CE,Combined TRACON& Tower with Radar,14,17,38,114,183,0,0,1,19,20,14,17,39,133,203,0,186,186,389
10/17/2020,CRP,TX,ASW,CE,Combined TRACON& Tower with Radar,14,12,7,83,116,0,0,18,3,21,14,12,25,86,137,6,66,72,209
10/18/2020,CRP,TX,ASW,CE,Combined TRACON& Tower with Radar,14,9,10,48,81,0,5,29,12,46,14,14,39,60,127,24,40,64,191
10/19/2020,CRP,TX,ASW,CE,Combined TRACON& Tower with Radar,14,13,14,94,135,0,1,6,14,21,14,14,20,108,156,0,68,68,224
10/20/2020,CRP,TX,ASW,CE,Combined TRACON& Tower with Radar,14,14,24,78,130,0,2,18,21,41,14,16,42,99,171,0,96,96,267
10/21/2020,CRP,TX,ASW,CE,Combined TRACON& Tower with Radar,14,12,23,114,163,0,5,22,29,56,14,17,45,143,219,0,212,212,431
10/22/2020,CRP,TX,ASW,CE,Combined TRACON& Tower with Radar,12,15,33,117,177,0,5,14,6,25,12,20,47,123,202,0,0,0,202
10/23/2020,CRP,TX,ASW,CE,Combined TRACON& Tower with Radar,14,23,21,152,210,0,0,25,19,44,14,23,46,171,254,0,70,70,324
10/24/2020,CRP,TX,ASW,CE,Combined TRACON& Tower with Radar,12,12,19,86,129,0,3,13,8,24,12,15,32,94,153,0,22,22,175
10/25/2020,CRP,TX,ASW,CE,Combined TRACON& Tower with Radar,14,16,14,94,138,0,1,5,11,17,14,17,19,105,155,0,24,24,179
10/26/2020,CRP,TX,ASW,CE,Combined TRACON& Tower with Radar,14,13,23,86,136,0,4,14,33,51,14,17,37,119,187,4,76,80,267
10/27/2020,CRP,TX,ASW,CE,Combined TRACON& Tower with Radar,14,11,22,137,184,0,4,0,1,5,14,15,22,138,189,0,0,0,189
10/28/2020,CRP,TX,ASW,CE,Combined TRACON& Tower with Radar,14,15,18,132,179,0,0,2,18,20,14,15,20,150,199,0,162,162,361
10/29/2020,CRP,TX,ASW,CE,Combined TRACON& Tower with Radar,12,13,20,78,123,0,1,26,6,33,12,14,46,84,156,8,100,108,264
10/30/2020,CRP,TX,ASW,CE,Combined TRACON& Tower with Radar,14,15,17,97,143,0,6,20,8,34,14,21,37,105,177,0,74,74,251
10/31/2020,CRP,TX,ASW,CE,Combined TRACON& Tower with Radar,10,13,6,45,74,0,2,12,12,26,10,15,18,57,100,0,132,132,232
11/01/2020,CRP,TX,ASW,CE,Combined TRACON& Tower with Radar,12,11,18,52,93,0,4,18,21,43,12,15,36,73,136,0,50,50,186
11/02/2020,CRP,TX,ASW,CE,Combined TRACON& Tower with Radar,14,15,26,99,154,0,1,10,14,25,14,16,36,113,179,0,196,196,375
11/03/2020,CRP,TX,ASW,CE,Combined TRACON& Tower with Radar,14,18,20,118,170,0,5,7,12,24,14,23,27,130,194,0,150,150,344
11/04/2020,CRP,TX,ASW,CE,Combined TRACON& Tower with Radar,13,17,30,154,214,0,1,22,13,36,13,18,52,167,250,0,370,370,620
11/05/2020,CRP,TX,ASW,CE,Combined TRACON& Tower with Radar,14,16,31,84,145,0,2,18,9,29,14,18,49,93,174,0,90,90,264
11/06/2020,CRP,TX,ASW,CE,Combined TRACON& Tower with Radar,18,18,20,66,122,0,3,13,22,38,18,21,33,88,160,0,46,46,206
11/07/2020,CRP,TX,ASW,CE,Combined TRACON& Tower with Radar,16,14,13,28,71,0,1,8,7,16,16,15,21,35,87,0,90,90,177
11/08/2020,CRP,TX,ASW,CE,Combined TRACON& Tower with Radar,16,16,18,54,104,0,0,6,13,19,16,16,24,67,123,0,43,43,166
11/09/2020,CRP,TX,ASW,CE,Combined TRACON& Tower with Radar,16,15,12,132,175,0,1,5,13,19,16,16,17,145,194,4,150,154,348
11/10/2020,CRP,TX,ASW,CE,Combined TRACON& Tower with Radar,14,20,15,131,180,0,1,14,23,38,14,21,29,154,218,4,194,198,416
11/11/2020,CRP,TX,ASW,CE,Combined TRACON& Tower with Radar,14,24,24,72,134,0,1,17,16,34,14,25,41,88,168,0,92,92,260
11/12/2020,CRP,TX,ASW,CE,Combined TRACON& Tower with Radar,16,20,23,63,122,0,1,6,23,30,16,21,29,86,152,0,134,134,286
11/13/2020,CRP,TX,ASW,CE,Combined TRACON& Tower with Radar,16,19,24,110,169,0,2,17,13,32,16,21,41,123,201,0,132,132,333
11/14/2020,CRP,TX,ASW,CE,Combined TRACON& Tower with Radar,15,14,5,96,130,0,1,13,16,30,15,15,18,112,160,0,71,71,231
11/15/2020,CRP,TX,ASW,CE,Combined TRACON& Tower with Radar,16,18,12,71,117,0,3,6,18,27,16,21,18,89,144,0,38,38,182
11/16/2020,CRP,TX,ASW,CE,Combined TRACON& Tower with Radar,16,19,15,82,132,0,1,13,24,38,16,20,28,106,170,0,152,152,322
11/17/2020,CRP,TX,ASW,CE,Combined TRACON& Tower with Radar,14,18,28,107,167,0,0,9,25,34,14,18,37,132,201,0,116,116,317
11/18/2020,CRP,TX,ASW,CE,Combined TRACON& Tower with Radar,14,17,12,78,121,0,1,20,24,45,14,18,32,102,166,0,18,18,184
11/19/2020,CRP,TX,ASW,CE,Combined TRACON& Tower with Radar,14,20,46,110,190,0,1,20,15,36,14,21,66,125,226,2,118,120,346
11/20/2020,CRP,TX,ASW,CE,Combined TRACON& Tower with Radar,17,24,32,99,172,0,0,7,12,19,17,24,39,111,191,0,228,228,419
11/21/2020,CRP,TX,ASW,CE,Combined TRACON& Tower with Radar,16,15,17,134,182,0,2,9,11,22,16,17,26,145,204,0,54,54,258
11/22/2020,CRP,TX,ASW,CE,Combined TRACON& Tower with Radar,16,17,30,98,161,0,2,10,13,25,16,19,40,111,186,4,24,28,214
11/23/2020,CRP,TX,ASW,CE,Combined TRACON& Tower with Radar,14,13,26,151,204,0,0,4,13,17,14,13,30,164,221,2,204,206,427
11/24/2020,CRP,TX,ASW,CE,Combined TRACON& Tower with Radar,19,25,26,120,190,0,1,6,20,27,19,26,32,140,217,0,68,68,285
11/25/2020,CRP,TX,ASW,CE,Combined TRACON& Tower with Radar,19,18,12,51,100,0,4,6,6,16,19,22,18,57,116,0,0,0,116
11/26/2020,CRP,TX,ASW,CE,Combined TRACON& Tower with Radar,8,10,11,0,29,0,6,1,2,9,8,16,12,2,38,0,0,0,38
11/27/2020,CRP,TX,ASW,CE,Combined TRACON& Tower with Radar,12,14,7,29,62,0,1,3,6,10,12,15,10,35,72,0,20,20,92
11/28/2020,CRP,TX,ASW,CE,Combined TRACON& Tower with Radar,18,16,4,0,38,0,0,1,1,2,18,16,5,1,40,0,0,0,40
11/29/2020,CRP,TX,ASW,CE,Combined TRACON& Tower with Radar,18,14,17,31,80,0,3,12,6,21,18,17,29,37,101,0,36,36,137
11/30/2020,CRP,TX,ASW,CE,Combined TRACON& Tower with Radar,20,22,20,131,193,0,2,6,17,25,20,24,26,148,218,0,106,106,324
12/01/2020,CRP,TX,ASW,CE,Combined TRACON& Tower with Radar,14,14,25,104,157,0,1,15,15,31,14,15,40,119,188,0,116,116,304
12/02/2020,CRP,TX,ASW,CE,Combined TRACON& Tower with Radar,12,18,16,93,139,0,2,16,17,35,12,20,32,110,174,0,108,108,282
12/03/2020,CRP,TX,ASW,CE,Combined TRACON& Tower with Radar,14,14,22,130,180,0,2,24,14,40,14,16,46,144,220,0,38,38,258
12/04/2020,CRP,TX,ASW,CE,Combined TRACON& Tower with Radar,16,18,31,76,141,0,1,13,16,30,16,19,44,92,171,0,166,166,337
12/05/2020,CRP,TX,ASW,CE,Combined TRACON& Tower with Radar,14,12,18,47,91,0,5,3,7,15,14,17,21,54,106,0,60,60,166
12/06/2020,CRP,TX,ASW,CE,Combined TRACON& Tower with Radar,16,15,15,59,105,0,0,15,14,29,16,15,30,73,134,2,34,36,170
12/07/2020,CRP,TX,ASW,CE,Combined TRACON& Tower with Radar,16,15,25,109,165,0,1,22,12,35,16,16,47,121,200,0,62,62,262
12/08/2020,CRP,TX,ASW,CE,Combined TRACON& Tower with Radar,12,18,22,123,175,0,5,22,16,43,12,23,44,139,218,0,78,78,296
12/09/2020,CRP,TX,ASW,CE,Combined TRACON& Tower with Radar,12,15,29,116,172,0,2,4,14,20,12,17,33,130,192,0,112,112,304
12/10/2020,CRP,TX,ASW,CE,Combined TRACON& Tower with Radar,16,22,26,100,164,0,2,15,12,29,16,24,41,112,193,0,206,206,399
12/11/2020,CRP,TX,ASW,CE,Combined TRACON& Tower with Radar,16,28,27,110,181,0,3,2,10,15,16,31,29,120,196,0,224,224,420
12/12/2020,CRP,TX,ASW,CE,Combined TRACON& Tower with Radar,14,11,13,79,117,0,2,4,13,19,14,13,17,92,136,0,178,178,314
12/13/2020,CRP,TX,ASW,CE,Combined TRACON& Tower with Radar,16,14,20,84,134,0,0,3,4,7,16,14,23,88,141,0,50,50,191
12/14/2020,CRP,TX,ASW,CE,Combined TRACON& Tower with Radar,18,14,24,118,174,0,3,20,13,36,18,17,44,131,210,14,222,236,446
12/15/2020,CRP,TX,ASW,CE,Combined TRACON& Tower with Radar,12,17,23,185,237,0,3,22,27,52,12,20,45,212,289,0,138,138,427
12/16/2020,CRP,TX,ASW,CE,Combined TRACON& Tower with Radar,12,19,34,86,151,0,2,20,24,46,12,21,54,110,197,0,212,212,409
12/17/2020,CRP,TX,ASW,CE,Combined TRACON& Tower with Radar,14,18,36,107,175,0,2,16,21,39,14,20,52,128,214,0,124,124,338
12/18/2020,CRP,TX,ASW,CE,Combined TRACON& Tower with Radar,14,22,26,55,117,0,5,5,13,23,14,27,31,68,140,0,74,74,214
12/19/2020,CRP,TX,ASW,CE,Combined TRACON& Tower with Radar,12,13,14,34,73,0,3,1,12,16,12,16,15,46,89,0,20,20,109
12/20/2020,CRP,TX,ASW,CE,Combined TRACON& Tower with Radar,12,9,24,33,78,0,0,24,5,29,12,9,48,38,107,0,0,0,107
12/21/2020,CRP,TX,ASW,CE,Combined TRACON& Tower with Radar,14,13,18,34,79,0,2,19,8,29,14,15,37,42,108,0,78,78,186
12/22/2020,CRP,TX,ASW,CE,Combined TRACON& Tower with Radar,12,25,26,31,94,0,2,11,8,21,12,27,37,39,115,0,82,82,197
12/23/2020,CRP,TX,ASW,CE,Combined TRACON& Tower with Radar,14,23,20,27,84,0,2,5,4,11,14,25,25,31,95,0,6,6,101
12/24/2020,CRP,TX,ASW,CE,Combined TRACON& Tower with Radar,12,10,10,0,32,0,2,5,0,7,12,12,15,0,39,0,0,0,39
12/25/2020,CRP,TX,ASW,CE,Combined TRACON& Tower with Radar,10,7,0,0,17,0,4,6,0,10,10,11,6,0,27,0,0,0,27
12/26/2020,CRP,TX,ASW,CE,Combined TRACON& Tower with Radar,10,17,15,1,43,0,0,14,3,17,10,17,29,4,60,0,0,0,60
12/27/2020,CRP,TX,ASW,CE,Combined TRACON& Tower with Radar,16,14,13,0,43,0,1,12,14,27,16,15,25,14,70,0,0,0,70
12/28/2020,CRP,TX,ASW,CE,Combined TRACON& Tower with Radar,14,15,23,22,74,0,5,10,8,23,14,20,33,30,97,0,112,112,209
12/29/2020,CRP,TX,ASW,CE,Combined TRACON& Tower with Radar,14,23,25,19,81,0,4,10,11,25,14,27,35,30,106,0,30,30,136
12/30/2020,CRP,TX,ASW,CE,Combined TRACON& Tower with Radar,11,17,13,25,66,0,2,1,7,10,11,19,14,32,76,0,22,22,98
12/31/2020,CRP,TX,ASW,CE,Combined TRACON& Tower with Radar,10,16,4,0,30,0,0,1,2,3,10,16,5,2,33,0,0,0,33
01/01/2021,CRP,TX,ASW,CE,Combined TRACON& Tower with Radar,11,10,6,3,30,0,1,5,1,7,11,11,11,4,37,0,0,0,37
01/02/2021,CRP,TX,ASW,CE,Combined TRACON& Tower with Radar,12,13,12,0,37,0,1,25,4,30,12,14,37,4,67,0,8,8,75
01/03/2021,CRP,TX,ASW,CE,Combined TRACON& Tower with Radar,14,12,12,7,45,0,0,23,3,26,14,12,35,10,71,6,4,10,81
01/04/2021,CRP,TX,ASW,CE,Combined TRACON& Tower with Radar,13,17,17,49,96,0,1,8,3,12,13,18,25,52,108,0,14,14,122
01/05/2021,CRP,TX,ASW,CE,Combined TRACON& Tower with Radar,14,22,26,38,100,0,0,2,5,7,14,22,28,43,107,0,86,86,193
01/06/2021,CRP,TX,ASW,CE,Combined TRACON& Tower with Radar,22,15,19,33,89,0,8,5,14,27,22,23,24,47,116,8,106,114,230
01/07/2021,CRP,TX,ASW,CE,Combined TRACON& Tower with Radar,18,10,24,84,136,0,0,16,6,22,18,10,40,90,158,0,68,68,226
01/08/2021,CRP,TX,ASW,CE,Combined TRACON& Tower with Radar,18,14,15,94,141,0,1,17,12,30,18,15,32,106,171,0,34,34,205
01/09/2021,CRP,TX,ASW,CE,Combined TRACON& Tower with Radar,18,9,17,47,91,0,1,9,8,18,18,10,26,55,109,0,10,10,119
01/10/2021,CRP,TX,ASW,CE,Combined TRACON& Tower with Radar,18,8,4,12,42,0,0,0,1,1,18,8,4,13,43,0,0,0,43
01/11/2021,CRP,TX,ASW,CE,Combined TRACON& Tower with Radar,45,9,41,162,257,0,2,6,21,29,45,11,47,183,286,6,160,166,452
01/12/2021,CRP,TX,ASW,CE,Combined TRACON& Tower with Radar,18,11,15,169,213,0,1,3,10,14,18,12,18,179,227,0,70,70,297
01/13/2021,CRP,TX,ASW,CE,Combined TRACON& Tower with Radar,18,14,22,91,145,0,4,15,11,30,18,18,37,102,175,0,74,74,249
01/14/2021,CRP,TX,ASW,CE,Combined TRACON& Tower with Radar,18,16,28,128,190,0,3,20,9,32,18,19,48,137,222,0,114,114,336
01/15/2021,CRP,TX,ASW,CE,Combined TRACON& Tower with Radar,18,17,31,91,157,0,3,26,18,47,18,20,57,109,204,0,104,104,308
01/16/2021,CRP,TX,ASW,CE,Combined TRACON& Tower with Radar,18,6,17,47,88,0,5,21,13,39,18,11,38,60,127,0,0,0,127
01/17/2021,CRP,TX,ASW,CE,Combined TRACON& Tower with Radar,17,12,18,43,90,0,5,20,3,28,17,17,38,46,118,12,52,64,182
01/18/2021,CRP,TX,ASW,CE,Combined TRACON& Tower with Radar,16,21,17,12,66,0,0,10,9,19,16,21,27,21,85,0,28,28,113
01/19/2021,CRP,TX,ASW,CE,Combined TRACON& Tower with Radar,16,15,11,144,186,0,1,3,12,16,16,16,14,156,202,0,90,90,292
01/20/2021,CRP,TX,ASW,CE,Combined TRACON& Tower with Radar,18,21,19,145,203,0,0,0,0,0,18,21,19,145,203,0,0,0,203
01/21/2021,CRP,TX,ASW,CE,Combined TRACON& Tower with Radar,16,28,37,93,174,0,0,0,4,4,16,28,37,97,178,0,0,0,178
01/22/2021,CRP,TX,ASW,CE,Combined TRACON& Tower with Radar,17,13,20,136,186,0,6,7,13,26,17,19,27,149,212,0,14,14,226
01/23/2021,CRP,TX,ASW,CE,Combined TRACON& Tower with Radar,20,7,15,29,71,0,0,0,1,1,20,7,15,30,72,0,0,0,72
01/24/2021,CRP,TX,ASW,CE,Combined TRACON& Tower with Radar,17,19,18,64,118,0,0,0,3,3,17,19,18,67,121,0,4,4,125
01/25/2021,CRP,TX,ASW,CE,Combined TRACON& Tower with Radar,19,10,19,167,215,0,1,12,17,30,19,11,31,184,245,0,122,122,367
01/26/2021,CRP,TX,ASW,CE,Combined TRACON& Tower with Radar,23,11,14,92,140,0,2,31,15,48,23,13,45,107,188,0,58,58,246
01/27/2021,CRP,TX,ASW,CE,Combined TRACON& Tower with Radar,29,28,27,174,258,0,2,19,29,50,29,30,46,203,308,0,86,86,394
01/28/2021,CRP,TX,ASW,CE,Combined TRACON& Tower with Radar,19,14,36,124,193,0,2,22,16,40,19,16,58,140,233,0,22,22,255
01/29/2021,CRP,TX,ASW,CE,Combined TRACON& Tower with Radar,18,13,30,122,183,0,0,26,13,39,18,13,56,135,222,0,74,74,296
01/30/2021,CRP,TX,ASW,CE,Combined TRACON& Tower with Radar,16,14,22,41,93,0,0,18,7,25,16,14,40,48,118,0,60,60,178
01/31/2021,CRP,TX,ASW,CE,Combined TRACON& Tower with Radar,20,8,14,66,108,0,1,18,6,25,20,9,32,72,133,2,38,40,173
02/01/2021,CRP,TX,ASW,CE,Combined TRACON& Tower with Radar,18,7,13,100,138,0,1,19,11,31,18,8,32,111,169,0,108,108,277
02/02/2021,CRP,TX,ASW,CE,Combined TRACON& Tower with Radar,18,14,19,105,156,0,5,24,18,47,18,19,43,123,203,0,184,184,387
02/03/2021,CRP,TX,ASW,CE,Combined TRACON& Tower with Radar,18,17,29,101,165,0,1,12,12,25,18,18,41,113,190,0,48,48,238
02/04/2021,CRP,TX,ASW,CE,Combined TRACON& Tower with Radar,18,18,43,108,187,0,2,14,14,30,18,20,57,122,217,0,100,100,317
02/05/2021,CRP,TX,ASW,CE,Combined TRACON& Tower with Radar,20,15,17,156,208,0,2,9,9,20,20,17,26,165,228,0,140,140,368
02/06/2021,CRP,TX,ASW,CE,Combined TRACON& Tower with Radar,20,7,22,77,126,0,0,7,8,15,20,7,29,85,141,0,36,36,177
02/07/2021,CRP,TX,ASW,CE,Combined TRACON& Tower with Radar,20,10,14,41,85,0,3,24,10,37,20,13,38,51,122,0,52,52,174
02/08/2021,CRP,TX,ASW,CE,Combined TRACON& Tower with Radar,20,7,19,10,56,0,0,3,3,6,20,7,22,13,62,0,38,38,100
02/09/2021,CRP,TX,ASW,CE,Combined TRACON& Tower with Radar,20,10,38,78,146,0,1,2,8,11,20,11,40,86,157,0,122,122,279
02/10/2021,CRP,TX,ASW,CE,Combined TRACON& Tower with Radar,20,29,40,53,142,0,0,0,3,3,20,29,40,56,145,0,54,54,199
02/11/2021,CRP,TX,ASW,CE,Combined TRACON& Tower with Radar,18,20,18,12,68,0,0,0,0,0,18,20,18,12,68,0,26,26,94
02/12/2021,CRP,TX,ASW,CE,Combined TRACON& Tower with Radar,16,28,18,36,98,0,0,0,1,1,16,28,18,37,99,0,16,16,115
02/13/2021,CRP,TX,ASW,CE,Combined TRACON& Tower with Radar,12,20,3,10,45,0,0,0,2,2,12,20,3,12,47,0,0,0,47
02/14/2021,CRP,TX,ASW,CE,Combined TRACON& Tower with Radar,5,19,4,12,40,0,0,0,0,0,5,19,4,12,40,0,0,0,40
02/15/2021,CRP,TX,ASW,CE,Combined TRACON& Tower with Radar,0,4,0,2,6,0,0,1,1,2,0,4,1,3,8,0,0,0,8
02/16/2021,CRP,TX,ASW,CE,Combined TRACON& Tower with Radar,1,14,5,5,25,0,2,0,2,4,1,16,5,7,29,0,0,0,29
02/17/2021,CRP,TX,ASW,CE,Combined TRACON& Tower with Radar,0,8,18,0,26,0,0,0,9,9,0,8,18,9,35,0,0,0,35
02/18/2021,CRP,TX,ASW,CE,Combined TRACON& Tower with Radar,10,7,10,10,37,0,0,4,3,7,10,7,14,13,44,0,0,0,44
02/19/2021,CRP,TX,ASW,CE,Combined TRACON& Tower with Radar,14,8,13,26,61,0,0,21,10,31,14,8,34,36,92,16,56,72,164
02/20/2021,CRP,TX,ASW,CE,Combined TRACON& Tower with Radar,12,15,9,75,111,0,3,11,19,33,12,18,20,94,144,0,29,29,173
02/21/2021,CRP,TX,ASW,CE,Combined TRACON& Tower with Radar,12,17,7,77,113,0,1,6,78,85,12,18,13,155,198,0,0,0,198
02/22/2021,CRP,TX,ASW,CE,Combined TRACON& Tower with Radar,14,21,25,104,164,0,2,16,14,32,14,23,41,118,196,0,84,84,280
02/23/2021,CRP,TX,ASW,CE,Combined TRACON& Tower with Radar,12,20,36,95,163,0,0,10,10,20,12,20,46,105,183,10,28,38,221
02/24/2021,CRP,TX,ASW,CE,Combined TRACON& Tower with Radar,12,29,28,118,187,0,1,17,13,31,12,30,45,131,218,0,127,127,345
02/25/2021,CRP,TX,ASW,CE,Combined TRACON& Tower with Radar,16,30,25,101,172,0,1,0,10,11,16,31,25,111,183,0,60,60,243
02/26/2021,CRP,TX,ASW,CE,Combined TRACON& Tower with Radar,16,33,32,96,177,0,5,8,16,29,16,38,40,112,206,0,92,92,298
02/27/2021,CRP,TX,ASW,CE,Combined TRACON& Tower with Radar,12,20,17,122,171,0,1,7,11,19,12,21,24,133,190,0,58,58,248
02/28/2021,CRP,TX,ASW,CE,Combined TRACON& Tower with Radar,14,16,26,85,141,0,2,4,6,12,14,18,30,91,153,0,0,0,153
03/01/2021,CRP,TX,ASW,CE,Combined TRACON& Tower with Radar,14,17,23,106,160,0,0,0,2,2,14,17,23,108,162,0,0,0,162
03/02/2021,CRP,TX,ASW,CE,Combined TRACON& Tower with Radar,12,24,26,80,142,0,3,22,30,55,12,27,48,110,197,0,98,98,295
03/03/2021,CRP,TX,ASW,CE,Combined TRACON& Tower with Radar,12,30,34,96,172,0,2,29,20,51,12,32,63,116,223,0,79,79,302
03/04/2021,CRP,TX,ASW,CE,Combined TRACON& Tower with Radar,17,29,34,111,191,0,1,34,21,56,17,30,68,132,247,4,104,108,355
03/05/2021,CRP,TX,ASW,CE,Combined TRACON& Tower with Radar,16,26,28,124,194,0,1,13,11,25,16,27,41,135,219,0,120,120,339
03/06/2021,CRP,TX,ASW,CE,Combined TRACON& Tower with Radar,17,18,17,103,155,0,3,17,16,36,17,21,34,119,191,0,66,66,257
03/07/2021,CRP,TX,ASW,CE,Combined TRACON& Tower with Radar,16,13,7,57,93,0,0,18,15,33,16,13,25,72,126,0,70,70,196
03/08/2021,CRP,TX,ASW,CE,Combined TRACON& Tower with Radar,16,26,26,127,195,0,0,5,11,16,16,26,31,138,211,0,80,80,291
03/09/2021,CRP,TX,ASW,CE,Combined TRACON& Tower with Radar,18,22,30,115,185,0,3,7,21,31,18,25,37,136,216,0,152,152,368
03/10/2021,CRP,TX,ASW,CE,Combined TRACON& Tower with Radar,16,20,23,86,145,0,4,12,15,31,16,24,35,101,176,0,38,38,214
03/11/2021,CRP,TX,ASW,CE,Combined TRACON& Tower with Radar,16,25,38,133,212,0,5,7,12,24,16,30,45,145,236,0,92,92,328
03/12/2021,CRP,TX,ASW,CE,Combined TRACON& Tower with Radar,15,27,28,123,193,0,3,7,9,19,15,30,35,132,212,0,94,94,306
03/13/2021,CRP,TX,ASW,CE,Combined TRACON& Tower with Radar,17,14,22,48,101,0,0,2,15,17,17,14,24,63,118,0,72,72,190
03/14/2021,CRP,TX,ASW,CE,Combined TRACON& Tower with Radar,16,21,16,52,105,0,0,2,1,3,16,21,18,53,108,0,10,10,118
03/15/2021,CRP,TX,ASW,CE,Combined TRACON& Tower with Radar,16,23,28,63,130,0,0,3,1,4,16,23,31,64,134,0,12,12,146
03/16/2021,CRP,TX,ASW,CE,Combined TRACON& Tower with Radar,16,21,28,149,214,0,0,2,5,7,16,21,30,154,221,0,26,26,247
03/17/2021,CRP,TX,ASW,CE,Combined TRACON& Tower with Radar,15,23,34,92,164,0,0,13,12,25,15,23,47,104,189,0,10,10,199
03/18/2021,CRP,TX,ASW,CE,Combined TRACON& Tower with Radar,17,24,35,91,167,0,3,33,23,59,17,27,68,114,226,0,49,49,275
03/19/2021,CRP,TX,ASW,CE,Combined TRACON& Tower with Radar,16,26,27,58,127,0,3,22,21,46,16,29,49,79,173,0,48,48,221
03/20/2021,CRP,TX,ASW,CE,Combined TRACON& Tower with Radar,16,13,16,91,136,0,1,24,17,42,16,14,40,108,178,0,0,0,178
03/21/2021,CRP,TX,ASW,CE,Combined TRACON& Tower with Radar,16,15,7,75,113,0,4,27,16,47,16,19,34,91,160,4,56,60,220
03/22/2021,CRP,TX,ASW,CE,Combined TRACON& Tower with Radar,14,21,23,138,196,0,2,6,12,20,14,23,29,150,216,0,184,184,400
03/23/2021,CRP,TX,ASW,CE,Combined TRACON& Tower with Radar,16,21,35,150,222,0,4,19,14,37,16,25,54,164,259,0,98,98,357
03/24/2021,CRP,TX,ASW,CE,Combined TRACON& Tower with Radar,16,21,32,63,132,0,2,7,1,10,16,23,39,64,142,0,4,4,146
03/25/2021,CRP,TX,ASW,CE,Combined TRACON& Tower with Radar,16,18,29,106,169,0,0,16,13,29,16,18,45,119,198,0,86,86,284
03/26/2021,CRP,TX,ASW,CE,Combined TRACON& Tower with Radar,16,24,31,94,165,0,0,28,13,41,16,24,59,107,206,0,20,20,226
03/27/2021,CRP,TX,ASW,CE,Combined TRACON& Tower with Radar,16,16,10,77,119,0,0,10,14,24,16,16,20,91,143,0,3,3,146
03/28/2021,CRP,TX,ASW,CE,Combined TRACON& Tower with Radar,16,18,18,45,97,0,0,3,5,8,16,18,21,50,105,0,73,73,178
03/29/2021,CRP,TX,ASW,CE,Combined TRACON& Tower with Radar,16,20,26,40,102,0,0,11,7,18,16,20,37,47,120,0,4,4,124
03/30/2021,CRP,TX,ASW,CE,Combined TRACON& Tower with Radar,16,17,21,90,144,0,1,4,10,15,16,18,25,100,159,0,17,17,176
03/31/2021,CRP,TX,ASW,CE,Combined TRACON& Tower with Radar,16,27,23,80,146,0,3,2,10,15,16,30,25,90,161,0,37,37,198
04/01/2021,CRP,TX,ASW,CE,Combined TRACON& Tower with Radar,16,34,38,81,169,0,6,13,20,39,16,40,51,101,208,0,56,56,264
04/02/2021,CRP,TX,ASW,CE,Combined TRACON& Tower with Radar,16,24,29,52,121,0,3,20,18,41,16,27,49,70,162,0,156,156,318
04/03/2021,CRP,TX,ASW,CE,Combined TRACON& Tower with Radar,12,17,15,15,59,0,5,4,9,18,12,22,19,24,77,0,142,142,219
04/04/2021,CRP,TX,ASW,CE,Combined TRACON& Tower with Radar,16,15,18,17,66,0,2,8,11,21,16,17,26,28,87,0,0,0,87
04/05/2021,CRP,TX,ASW,CE,Combined TRACON& Tower with Radar,16,25,25,109,175,0,5,7,8,20,16,30,32,117,195,0,12,12,207
04/06/2021,CRP,TX,ASW,CE,Combined TRACON& Tower with Radar,14,18,26,112,170,0,0,11,15,26,14,18,37,127,196,0,64,64,260
04/07/2021,CRP,TX,ASW,CE,Combined TRACON& Tower with Radar,14,23,32,68,137,0,3,7,7,17,14,26,39,75,154,0,6,6,160
04/08/2021,CRP,TX,ASW,CE,Combined TRACON& Tower with Radar,16,29,32,66,143,0,2,17,13,32,16,31,49,79,175,0,98,98,273
04/09/2021,CRP,TX,ASW,CE,Combined TRACON& Tower with Radar,18,32,33,101,184,0,1,11,11,23,18,33,44,112,207,0,56,56,263
04/10/2021,CRP,TX,ASW,CE,Combined TRACON& Tower with Radar,14,21,15,43,93,0,3,11,7,21,14,24,26,50,114,0,0,0,114
04/11/2021,CRP,TX,ASW,CE,Combined TRACON& Tower with Radar,16,22,17,43,98,0,2,23,9,34,16,24,40,52,132,0,112,112,244
04/12/2021,CRP,TX,ASW,CE,Combined TRACON& Tower with Radar,16,23,26,67,132,0,3,3,1,7,16,26,29,68,139,0,18,18,157
04/13/2021,CRP,TX,ASW,CE,Combined TRACON& Tower with Radar,16,26,30,55,127,0,0,6,5,11,16,26,36,60,138,0,68,68,206
04/14/2021,CRP,TX,ASW,CE,Combined TRACON& Tower with Radar,14,26,49,42,131,0,0,4,6,10,14,26,53,48,141,0,78,78,219
04/15/2021,CRP,TX,ASW,CE,Combined TRACON& Tower with Radar,16,22,40,18,96,0,0,0,0,0,16,22,40,18,96,0,0,0,96
04/16/2021,CRP,TX,ASW,CE,Combined TRACON& Tower with Radar,18,27,26,49,120,0,1,0,2,3,18,28,26,51,123,0,28,28,151
04/17/2021,CRP,TX,ASW,CE,Combined TRACON& Tower with Radar,14,18,3,26,61,0,2,0,7,9,14,20,3,33,70,0,12,12,82
04/18/2021,CRP,TX,ASW,CE,Combined TRACON& Tower with Radar,16,24,27,56,123,0,2,17,9,28,16,26,44,65,151,2,20,22,173
04/19/2021,CRP,TX,ASW,CE,Combined TRACON& Tower with Radar,16,23,27,44,110,0,1,12,16,29,16,24,39,60,139,0,112,112,251
04/20/2021,CRP,TX,ASW,CE,Combined TRACON& Tower with Radar,16,22,26,67,131,0,1,12,18,31,16,23,38,85,162,0,90,90,252
04/21/2021,CRP,TX,ASW,CE,Combined TRACON& Tower with Radar,16,21,23,68,128,0,1,20,15,36,16,22,43,83,164,0,80,80,244
04/22/2021,CRP,TX,ASW,CE,Combined TRACON& Tower with Radar,16,19,26,64,125,0,0,3,9,12,16,19,29,73,137,0,126,126,263
04/23/2021,CRP,TX,ASW,CE,Combined TRACON& Tower with Radar,12,26,26,13,77,0,0,6,5,11,12,26,32,18,88,0,2,2,90
04/24/2021,CRP,TX,ASW,CE,Combined TRACON& Tower with Radar,15,17,19,63,114,0,0,46,25,71,15,17,65,88,185,0,164,164,349
04/25/2021,CRP,TX,ASW,CE,Combined TRACON& Tower with Radar,16,16,17,21,70,0,4,40,21,65,16,20,57,42,135,0,42,42,177
04/26/2021,CRP,TX,ASW,CE,Combined TRACON& Tower with Radar,17,16,24,66,123,0,2,6,15,23,17,18,30,81,146,0,98,98,244
04/27/2021,CRP,TX,ASW,CE,Combined TRACON& Tower with Radar,15,19,34,63,131,0,1,2,5,8,15,20,36,68,139,0,40,40,179
04/28/2021,CRP,TX,ASW,CE,Combined TRACON& Tower with Radar,16,29,24,67,136,0,2,3,8,13,16,31,27,75,149,0,58,58,207
04/29/2021,CRP,TX,ASW,CE,Combined TRACON& Tower with Radar,16,26,41,100,183,0,3,1,10,14,16,29,42,110,197,0,70,70,267
04/30/2021,CRP,TX,ASW,CE,Combined TRACON& Tower with Radar,16,20,14,17,67,0,0,0,8,8,16,20,14,25,75,0,42,42,117
05/01/2021,CRP,TX,ASW,CE,Combined TRACON& Tower with Radar,14,17,6,22,59,0,0,1,1,2,14,17,7,23,61,0,10,10,71
05/02/2021,CRP,TX,ASW,CE,Combined TRACON& Tower with Radar,16,14,20,21,71,0,2,20,13,35,16,16,40,34,106,8,42,50,156
05/03/2021,CRP,TX,ASW,CE,Combined TRACON& Tower with Radar,13,23,27,67,130,0,1,14,8,23,13,24,41,75,153,0,50,50,203
05/04/2021,CRP,TX,ASW,CE,Combined TRACON& Tower with Radar,15,18,16,89,138,0,1,3,9,13,15,19,19,98,151,0,56,56,207
05/05/2021,CRP,TX,ASW,CE,Combined TRACON& Tower with Radar,14,19,44,48,125,0,1,23,16,40,14,20,67,64,165,0,64,64,229
05/06/2021,CRP,TX,ASW,CE,Combined TRACON& Tower with Radar,20,22,30,82,154,0,7,21,29,57,20,29,51,111,211,0,162,162,373
05/07/2021,CRP,TX,ASW,CE,Combined TRACON& Tower with Radar,20,20,26,33,99,0,5,30,15,50,20,25,56,48,149,0,44,44,193
05/08/2021,CRP,TX,ASW,CE,Combined TRACON& Tower with Radar,14,14,19,9,56,0,2,7,14,23,14,16,26,23,79,0,64,64,143
05/09/2021,CRP,TX,ASW,CE,Combined TRACON& Tower with Radar,18,15,19,25,77,0,1,6,18,25,18,16,25,43,102,0,36,36,138
05/10/2021,CRP,TX,ASW,CE,Combined TRACON& Tower with Radar,19,19,23,78,139,0,0,3,11,14,19,19,26,89,153,0,100,100,253
05/11/2021,CRP,TX,ASW,CE,Combined TRACON& Tower with Radar,20,24,32,48,124,0,4,7,9,20,20,28,39,57,144,0,16,16,160
05/12/2021,CRP,TX,ASW,CE,Combined TRACON& Tower with Radar,20,13,27,77,137,0,3,2,9,14,20,16,29,86,151,0,16,16,167
05/13/2021,CRP,TX,ASW,CE,Combined TRACON& Tower with Radar,20,17,39,93,169,0,1,14,22,37,20,18,53,115,206,0,44,44,250
05/14/2021,CRP,TX,ASW,CE,Combined TRACON& Tower with Radar,21,18,38,53,130,0,4,21,18,43,21,22,59,71,173,0,152,152,325
05/15/2021,CRP,TX,ASW,CE,Combined TRACON& Tower with Radar,17,16,6,29,68,0,2,5,4,11,17,18,11,33,79,0,42,42,121
05/16/2021,CRP,TX,ASW,CE,Combined TRACON& Tower with Radar,14,17,14,14,59,0,0,1,3,4,14,17,15,17,63,4,80,84,147
05/17/2021,CRP,TX,ASW,CE,Combined TRACON& Tower with Radar,33,15,21,96,165,0,0,7,9,16,33,15,28,105,181,0,48,48,229
05/18/2021,CRP,TX,ASW,CE,Combined TRACON& Tower with Radar,21,20,28,77,146,0,0,16,14,30,21,20,44,91,176,0,142,142,318
05/19/2021,CRP,TX,ASW,CE,Combined TRACON& Tower with Radar,26,15,7,4,52,0,0,0,6,6,26,15,7,10,58,0,10,10,68
05/20/2021,CRP,TX,ASW,CE,Combined TRACON& Tower with Radar,22,17,34,38,111,0,1,13,15,29,22,18,47,53,140,6,110,116,256
05/21/2021,CRP,TX,ASW,CE,Combined TRACON& Tower with Radar,20,14,32,65,131,0,1,34,13,48,20,15,66,78,179,0,158,158,337
05/22/2021,CRP,TX,ASW,CE,Combined TRACON& Tower with Radar,16,13,13,52,94,0,0,3,9,12,16,13,16,61,106,0,32,32,138
05/23/2021,CRP,TX,ASW,CE,Combined TRACON& Tower with Radar,20,15,26,21,82,0,0,13,13,26,20,15,39,34,108,10,30,40,148
05/24/2021,CRP,TX,ASW,CE,Combined TRACON& Tower with Radar,23,15,34,38,110,0,3,5,9,17,23,18,39,47,127,0,108,108,235
05/25/2021,CRP,TX,ASW,CE,Combined TRACON& Tower with Radar,25,23,35,52,135,0,1,10,14,25,25,24,45,66,160,0,86,86,246
05/26/2021,CRP,TX,ASW,CE,Combined TRACON& Tower with Radar,20,16,18,93,147,0,0,23,12,35,20,16,41,105,182,0,38,38,220
05/27/2021,CRP,TX,ASW,CE,Combined TRACON& Tower with Radar,15,22,41,44,122,0,6,12,10,28,15,28,53,54,150,4,62,66,216
05/28/2021,CRP,TX,ASW,CE,Combined TRACON& Tower with Radar,16,19,29,27,91,0,2,16,11,29,16,21,45,38,120,0,100,100,220
05/29/2021,CRP,TX,ASW,CE,Combined TRACON& Tower with Radar,14,21,14,9,58,0,2,4,1,7,14,23,18,10,65,0,0,0,65
05/30/2021,CRP,TX,ASW,CE,Combined TRACON& Tower with Radar,18,10,11,13,52,0,2,8,7,17,18,12,19,20,69,0,24,24,93
05/31/2021,CRP,TX,ASW,CE,Combined TRACON& Tower with Radar,16,15,25,28,84,0,0,12,5,17,16,15,37,33,101,0,0,0,101
06/01/2021,CRP,TX,ASW,CE,Combined TRACON& Tower with Radar,18,14,16,118,166,0,2,9,12,23,18,16,25,130,189,0,36,36,225
06/02/2021,CRP,TX,ASW,CE,Combined TRACON& Tower with Radar,20,25,27,105,177,0,5,8,19,32,20,30,35,124,209,0,38,38,247
06/03/2021,CRP,TX,ASW,CE,Combined TRACON& Tower with Radar,18,22,34,35,109,0,0,3,10,13,18,22,37,45,122,0,174,174,296
06/04/2021,CRP,TX,ASW,CE,Combined TRACON& Tower with Radar,18,21,24,66,129,0,0,11,21,32,18,21,35,87,161,0,142,142,303
06/05/2021,CRP,TX,ASW,CE,Combined TRACON& Tower with Radar,17,8,17,49,91,0,0,24,29,53,17,8,41,78,144,16,80,96,240
06/06/2021,CRP,TX,ASW,CE,Combined TRACON& Tower with Radar,21,15,28,100,164,0,2,20,7,29,21,17,48,107,193,4,92,96,289
06/07/2021,CRP,TX,ASW,CE,Combined TRACON& Tower with Radar,13,22,22,81,138,0,2,10,8,20,13,24,32,89,158,2,48,50,208
06/08/2021,CRP,TX,ASW,CE,Combined TRACON& Tower with Radar,19,28,29,81,157,0,3,12,19,34,19,31,41,100,191,0,212,212,403
06/09/2021,CRP,TX,ASW,CE,Combined TRACON& Tower with Radar,18,26,40,87,171,0,1,18,12,31,18,27,58,99,202,0,182,182,384
06/10/2021,CRP,TX,ASW,CE,Combined TRACON& Tower with Radar,16,20,39,108,183,0,1,10,16,27,16,21,49,124,210,0,118,118,328
06/11/2021,CRP,TX,ASW,CE,Combined TRACON& Tower with Radar,18,18,35,65,136,0,2,33,18,53,18,20,68,83,189,0,24,24,213
06/12/2021,CRP,TX,ASW,CE,Combined TRACON& Tower with Radar,18,11,14,16,59,0,2,23,17,42,18,13,37,33,101,6,16,22,123
06/13/2021,CRP,TX,ASW,CE,Combined TRACON& Tower with Radar,24,17,20,83,144,0,3,21,17,41,24,20,41,100,185,0,62,62,247
06/14/2021,CRP,TX,ASW,CE,Combined TRACON& Tower with Radar,18,17,25,111,171,0,5,25,17,47,18,22,50,128,218,0,120,120,338
06/15/2021,CRP,TX,ASW,CE,Combined TRACON& Tower with Radar,21,27,33,92,173,0,4,20,22,46,21,31,53,114,219,0,106,106,325
06/16/2021,CRP,TX,ASW,CE,Combined TRACON& Tower with Radar,19,19,31,116,185,0,6,26,18,50,19,25,57,134,235,0,146,146,381
06/17/2021,CRP,TX,ASW,CE,Combined TRACON& Tower with Radar,15,21,40,113,189,0,1,16,10,27,15,22,56,123,216,0,22,22,238
06/18/2021,CRP,TX,ASW,CE,Combined TRACON& Tower with Radar,19,22,33,52,126,0,1,17,15,33,19,23,50,67,159,0,36,36,195
06/19/2021,CRP,TX,ASW,CE,Combined TRACON& Tower with Radar,18,17,13,34,82,0,5,18,13,36,18,22,31,47,118,0,66,66,184
06/20/2021,CRP,TX,ASW,CE,Combined TRACON& Tower with Radar,20,20,16,50,106,0,0,5,10,15,20,20,21,60,121,0,102,102,223
06/21/2021,CRP,TX,ASW,CE,Combined TRACON& Tower with Radar,23,20,16,113,172,0,0,11,9,20,23,20,27,122,192,0,34,34,226
06/22/2021,CRP,TX,ASW,CE,Combined TRACON& Tower with Radar,21,29,29,76,155,0,1,4,9,14,21,30,33,85,169,0,32,32,201
06/23/2021,CRP,TX,ASW,CE,Combined TRACON& Tower with Radar,18,21,35,120,194,0,7,15,12,34,18,28,50,132,228,0,84,84,312
06/24/2021,CRP,TX,ASW,CE,Combined TRACON& Tower with Radar,18,26,31,77,152,0,1,20,13,34,18,27,51,90,186,0,80,80,266
06/25/2021,CRP,TX,ASW,CE,Combined TRACON& Tower with Radar,18,22,36,88,164,0,4,18,20,42,18,26,54,108,206,0,72,72,278
06/26/2021,CRP,TX,ASW,CE,Combined TRACON& Tower with Radar,34,14,15,104,167,0,1,18,18,37,34,15,33,122,204,4,146,150,354
06/27/2021,CRP,TX,ASW,CE,Combined TRACON& Tower with Radar,21,18,22,47,108,0,4,6,9,19,21,22,28,56,127,0,8,8,135
06/28/2021,CRP,TX,ASW,CE,Combined TRACON& Tower with Radar,20,27,16,28,91,0,4,2,9,15,20,31,18,37,106,0,76,76,182
06/29/2021,CRP,TX,ASW,CE,Combined TRACON& Tower with Radar,21,22,16,77,136,0,4,4,20,28,21,26,20,97,164,0,242,242,406
06/30/2021,CRP,TX,ASW,CE,Combined TRACON& Tower with Radar,18,21,17,78,134,0,6,14,16,36,18,27,31,94,170,0,68,68,238
07/01/2021,CRP,TX,ASW,CE,Combined TRACON& Tower with Radar,17,22,39,57,135,0,4,20,22,46,17,26,59,79,181,0,100,100,281
07/02/2021,CRP,TX,ASW,CE,Combined TRACON& Tower with Radar,19,19,25,43,106,0,2,16,11,29,19,21,41,54,135,0,50,50,185
07/03/2021,CRP,TX,ASW,CE,Combined TRACON& Tower with Radar,18,11,14,10,53,0,4,13,10,27,18,15,27,20,80,0,40,40,120
07/04/2021,CRP,TX,ASW,CE,Combined TRACON& Tower with Radar,22,10,9,0,41,0,2,0,0,2,22,12,9,0,43,8,0,8,51
07/05/2021,CRP,TX,ASW,CE,Combined TRACON& Tower with Radar,19,18,24,2,63,0,1,8,2,11,19,19,32,4,74,0,10,10,84
07/06/2021,CRP,TX,ASW,CE,Combined TRACON& Tower with Radar,17,19,14,57,107,0,1,3,8,12,17,20,17,65,119,0,44,44,163
07/07/2021,CRP,TX,ASW,CE,Combined TRACON& Tower with Radar,20,16,18,32,86,0,0,1,2,3,20,16,19,34,89,0,0,0,89
07/08/2021,CRP,TX,ASW,CE,Combined TRACON& Tower with Radar,19,20,18,62,119,0,0,1,4,5,19,20,19,66,124,0,88,88,212
07/09/2021,CRP,TX,ASW,CE,Combined TRACON& Tower with Radar,20,29,16,78,143,0,3,5,19,27,20,32,21,97,170,0,84,84,254
07/10/2021,CRP,TX,ASW,CE,Combined TRACON& Tower with Radar,17,16,12,52,97,0,3,7,10,20,17,19,19,62,117,0,16,16,133
07/11/2021,CRP,TX,ASW,CE,Combined TRACON& Tower with Radar,21,19,14,52,106,0,1,10,12,23,21,20,24,64,129,0,28,28,157
07/12/2021,CRP,TX,ASW,CE,Combined TRACON& Tower with Radar,25,23,13,192,253,0,3,22,24,49,25,26,35,216,302,2,34,36,338
07/13/2021,CRP,TX,ASW,CE,Combined TRACON& Tower with Radar,22,21,30,91,164,0,0,20,9,29,22,21,50,100,193,0,46,46,239
07/14/2021,CRP,TX,ASW,CE,Combined TRACON& Tower with Radar,18,20,37,77,152,0,1,11,9,21,18,21,48,86,173,12,48,60,233
07/15/2021,CRP,TX,ASW,CE,Combined TRACON& Tower with Radar,16,23,37,112,188,0,1,19,14,34,16,24,56,126,222,10,80,90,312
07/16/2021,CRP,TX,ASW,CE,Combined TRACON& Tower with Radar,25,23,28,129,205,0,2,14,19,35,25,25,42,148,240,0,124,124,364
07/17/2021,CRP,TX,ASW,CE,Combined TRACON& Tower with Radar,24,17,15,58,114,0,3,16,25,44,24,20,31,83,158,0,48,48,206
07/18/2021,CRP,TX,ASW,CE,Combined TRACON& Tower with Radar,24,13,18,70,125,0,0,17,16,33,24,13,35,86,158,0,34,34,192
07/19/2021,CRP,TX,ASW,CE,Combined TRACON& Tower with Radar,30,18,22,154,224,0,3,14,10,27,30,21,36,164,251,0,120,120,371
07/20/2021,CRP,TX,ASW,CE,Combined TRACON& Tower with Radar,23,27,25,86,161,0,8,3,13,24,23,35,28,99,185,0,88,88,273
07/21/2021,CRP,TX,ASW,CE,Combined TRACON& Tower with Radar,20,22,27,157,226,0,5,6,11,22,20,27,33,168,248,0,58,58,306
07/22/2021,CRP,TX,ASW,CE,Combined TRACON& Tower with Radar,20,19,40,107,186,0,1,15,24,40,20,20,55,131,226,0,122,122,348
07/23/2021,CRP,TX,ASW,CE,Combined TRACON& Tower with Radar,20,19,30,61,130,0,3,21,9,33,20,22,51,70,163,14,90,104,267
07/24/2021,CRP,TX,ASW,CE,Combined TRACON& Tower with Radar,35,20,28,124,207,0,4,11,19,34,35,24,39,143,241,2,66,68,309
07/25/2021,CRP,TX,ASW,CE,Combined TRACON& Tower with Radar,22,17,26,89,154,0,3,40,12,55,22,20,66,101,209,24,14,38,247
07/26/2021,CRP,TX,ASW,CE,Combined TRACON& Tower with Radar,21,17,23,150,211,0,1,15,20,36,21,18,38,170,247,0,98,98,345
07/27/2021,CRP,TX,ASW,CE,Combined TRACON& Tower with Radar,20,26,28,110,184,0,2,20,17,39,20,28,48,127,223,0,6,6,229
07/28/2021,CRP,TX,ASW,CE,Combined TRACON& Tower with Radar,21,27,33,118,199,0,5,24,10,39,21,32,57,128,238,0,48,48,286
07/29/2021,CRP,TX,ASW,CE,Combined TRACON& Tower with Radar,20,19,30,180,249,0,4,19,18,41,20,23,49,198,290,0,110,110,400
07/30/2021,CRP,TX,ASW,CE,Combined TRACON& Tower with Radar,21,25,23,54,123,0,7,16,19,42,21,32,39,73,165,0,10,10,175
07/31/2021,CRP,TX,ASW,CE,Combined TRACON& Tower with Radar,16,27,18,35,96,0,2,19,17,38,16,29,37,52,134,0,28,28,162
08/01/2021,CRP,TX,ASW,CE,Combined TRACON& Tower with Radar,14,19,20,42,95,0,1,15,17,33,14,20,35,59,128,0,62,62,190
08/02/2021,CRP,TX,ASW,CE,Combined TRACON& Tower with Radar,16,25,18,102,161,0,1,8,12,21,16,26,26,114,182,0,38,38,220
08/03/2021,CRP,TX,ASW,CE,Combined TRACON& Tower with Radar,16,35,17,104,172,0,5,16,11,32,16,40,33,115,204,0,0,0,204
08/04/2021,CRP,TX,ASW,CE,Combined TRACON& Tower with Radar,17,32,16,51,116,0,3,14,9,26,17,35,30,60,142,0,134,134,276
08/05/2021,CRP,TX,ASW,CE,Combined TRACON& Tower with Radar,19,28,32,63,142,0,3,2,17,22,19,31,34,80,164,16,20,36,200
08/06/2021,CRP,TX,ASW,CE,Combined TRACON& Tower with Radar,15,27,28,86,156,0,0,17,6,23,15,27,45,92,179,0,16,16,195
08/07/2021,CRP,TX,ASW,CE,Combined TRACON& Tower with Radar,13,22,7,38,80,0,4,11,10,25,13,26,18,48,105,0,0,0,105
08/08/2021,CRP,TX,ASW,CE,Combined TRACON& Tower with Radar,18,19,21,61,119,0,3,24,7,34,18,22,45,68,153,0,0,0,153
08/09/2021,CRP,TX,ASW,CE,Combined TRACON& Tower with Radar,16,23,19,136,194,0,3,19,13,35,16,26,38,149,229,4,58,62,291
08/10/2021,CRP,TX,ASW,CE,Combined TRACON& Tower with Radar,16,22,24,113,175,0,1,19,16,36,16,23,43,129,211,0,12,12,223
08/11/2021,CRP,TX,ASW,CE,Combined TRACON& Tower with Radar,16,24,24,86,150,0,0,46,16,62,16,24,70,102,212,0,40,40,252
08/12/2021,CRP,TX,ASW,CE,Combined TRACON& Tower with Radar,20,27,59,141,247,0,1,22,28,51,20,28,81,169,298,0,0,0,298
08/13/2021,CRP,TX,ASW,CE,Combined TRACON& Tower with Radar,14,20,36,78,148,0,1,9,22,32,14,21,45,100,180,0,54,54,234
08/14/2021,CRP,TX,ASW,CE,Combined TRACON& Tower with Radar,14,16,4,58,92,0,2,5,16,23,14,18,9,74,115,0,166,166,281
08/15/2021,CRP,TX,ASW,CE,Combined TRACON& Tower with Radar,33,17,11,87,148,0,3,8,20,31,33,20,19,107,179,0,22,22,201
08/16/2021,CRP,TX,ASW,CE,Combined TRACON& Tower with Radar,15,21,13,65,114,0,4,10,18,32,15,25,23,83,146,0,16,16,162
08/17/2021,CRP,TX,ASW,CE,Combined TRACON& Tower with Radar,15,22,21,121,179,0,2,10,18,30,15,24,31,139,209,0,56,56,265
08/18/2021,CRP,TX,ASW,CE,Combined TRACON& Tower with Radar,15,33,44,117,209,0,3,7,17,27,15,36,51,134,236,2,84,86,322
08/19/2021,CRP,TX,ASW,CE,Combined TRACON& Tower with Radar,16,27,29,103,175,0,7,21,19,47,16,34,50,122,222,0,115,115,337
08/20/2021,CRP,TX,ASW,CE,Combined TRACON& Tower with Radar,18,28,27,75,148,0,0,10,13,23,18,28,37,88,171,0,56,56,227
08/21/2021,CRP,TX,ASW,CE,Combined TRACON& Tower with Radar,13,23,17,56,109,0,2,13,15,30,13,25,30,71,139,0,48,48,187
08/22/2021,CRP,TX,ASW,CE,Combined TRACON& Tower with Radar,19,19,28,82,148,0,1,16,11,28,19,20,44,93,176,6,20,26,202
08/23/2021,CRP,TX,ASW,CE,Combined TRACON& Tower with Radar,25,23,38,122,208,0,6,8,17,31,25,29,46,139,239,6,28,34,273
08/24/2021,CRP,TX,ASW,CE,Combined TRACON& Tower with Radar,16,26,28,108,178,0,2,19,13,34,16,28,47,121,212,2,78,80,292
08/25/2021,CRP,TX,ASW,CE,Combined TRACON& Tower with Radar,17,19,14,106,156,0,3,20,12,35,17,22,34,118,191,0,26,26,217
08/26/2021,CRP,TX,ASW,CE,Combined TRACON& Tower with Radar,18,23,38,107,186,0,4,17,19,40,18,27,55,126,226,10,70,80,306
08/27/2021,CRP,TX,ASW,CE,Combined TRACON& Tower with Radar,18,25,20,44,107,0,0,2,10,12,18,25,22,54,119,0,30,30,149
08/28/2021,CRP,TX,ASW,CE,Combined TRACON& Tower with Radar,17,23,14,65,119,0,2,8,8,18,17,25,22,73,137,0,26,26,163
08/29/2021,CRP,TX,ASW,CE,Combined TRACON& Tower with Radar,19,16,12,69,116,0,5,6,10,21,19,21,18,79,137,0,54,54,191
08/30/2021,CRP,TX,ASW,CE,Combined TRACON& Tower with Radar,17,22,16,128,183,0,6,1,11,18,17,28,17,139,201,0,88,88,289
08/31/2021,CRP,TX,ASW,CE,Combined TRACON& Tower with Radar,18,24,26,154,222,0,1,13,16,30,18,25,39,170,252,0,60,60,312
09/01/2021,CRP,TX,ASW,CE,Combined TRACON& Tower with Radar,16,20,17,113,166,0,1,23,12,36,16,21,40,125,202,0,76,76,278
09/02/2021,CRP,TX,ASW,CE,Combined TRACON& Tower with Radar,18,22,24,81,145,0,1,4,21,26,18,23,28,102,171,0,142,142,313
09/03/2021,CRP,TX,ASW,CE,Combined TRACON& Tower with Radar,19,19,20,63,121,0,2,11,14,27,19,21,31,77,148,0,152,152,300
09/04/2021,CRP,TX,ASW,CE,Combined TRACON& Tower with Radar,19,13,10,51,93,0,4,15,15,34,19,17,25,66,127,26,38,64,191
09/05/2021,CRP,TX,ASW,CE,Combined TRACON& Tower with Radar,21,12,2,31,66,0,0,9,9,18,21,12,11,40,84,0,44,44,128
09/06/2021,CRP,TX,ASW,CE,Combined TRACON& Tower with Radar,16,23,12,37,88,0,2,15,8,25,16,25,27,45,113,0,18,18,131
09/07/2021,CRP,TX,ASW,CE,Combined TRACON& Tower with Radar,17,22,19,97,155,0,1,2,11,14,17,23,21,108,169,0,20,20,189
09/08/2021,CRP,TX,ASW,CE,Combined TRACON& Tower with Radar,23,17,13,165,218,0,4,9,16,29,23,21,22,181,247,0,40,40,287
09/09/2021,CRP,TX,ASW,CE,Combined TRACON& Tower with Radar,23,16,25,92,156,0,2,5,16,23,23,18,30,108,179,0,40,40,219
09/10/2021,CRP,TX,ASW,CE,Combined TRACON& Tower with Radar,24,19,33,71,147,0,2,15,19,36,24,21,48,90,183,0,54,54,237
09/11/2021,CRP,TX,ASW,CE,Combined TRACON& Tower with Radar,22,20,12,45,99,0,7,14,17,38,22,27,26,62,137,2,24,26,163
09/12/2021,CRP,TX,ASW,CE,Combined TRACON& Tower with Radar,25,14,19,23,81,0,0,6,7,13,25,14,25,30,94,0,0,0,94
09/13/2021,CRP,TX,ASW,CE,Combined TRACON& Tower with Radar,16,7,17,7,47,0,4,1,0,5,16,11,18,7,52,0,0,0,52
09/14/2021,CRP,TX,ASW,CE,Combined TRACON& Tower with Radar,20,13,19,130,182,0,2,9,24,35,20,15,28,154,217,0,168,168,385
09/15/2021,CRP,TX,ASW,CE,Combined TRACON& Tower with Radar,24,20,39,139,222,0,1,9,24,34,24,21,48,163,256,0,160,160,416
09/16/2021,CRP,TX,ASW,CE,Combined TRACON& Tower with Radar,24,17,35,132,208,0,7,21,12,40,24,24,56,144,248,0,128,128,376
09/17/2021,CRP,TX,ASW,CE,Combined TRACON& Tower with Radar,24,18,28,71,141,0,3,30,8,41,24,21,58,79,182,0,32,32,214
09/18/2021,CRP,TX,ASW,CE,Combined TRACON& Tower with Radar,26,16,9,59,110,0,1,17,16,34,26,17,26,75,144,8,112,120,264
09/19/2021,CRP,TX,ASW,CE,Combined TRACON& Tower with Radar,26,8,17,37,88,0,2,12,15,29,26,10,29,52,117,4,42,46,163
09/20/2021,CRP,TX,ASW,CE,Combined TRACON& Tower with Radar,23,24,21,77,145,0,6,17,11,34,23,30,38,88,179,0,106,106,285
09/21/2021,CRP,TX,ASW,CE,Combined TRACON& Tower with Radar,22,25,33,63,143,0,4,6,19,29,22,29,39,82,172,0,70,70,242
09/22/2021,CRP,TX,ASW,CE,Combined TRACON& Tower with Radar,23,16,29,36,104,0,3,13,21,37,23,19,42,57,141,0,156,156,297
09/23/2021,CRP,TX,ASW,CE,Combined TRACON& Tower with Radar,24,16,20,62,122,0,0,16,20,36,24,16,36,82,158,0,62,62,220
09/24/2021,CRP,TX,ASW,CE,Combined TRACON& Tower with Radar,24,20,29,22,95,0,2,18,9,29,24,22,47,31,124,0,10,10,134
09/25/2021,CRP,TX,ASW,CE,Combined TRACON& Tower with Radar,22,5,8,0,35,0,3,22,3,28,22,8,30,3,63,1,2,3,66
09/26/2021,CRP,TX,ASW,CE,Combined TRACON& Tower with Radar,25,6,12,2,45,0,2,20,2,24,25,8,32,4,69,4,0,4,73
09/27/2021,CRP,TX,ASW,CE,Combined TRACON& Tower with Radar,24,15,20,180,239,0,3,11,11,25,24,18,31,191,264,0,104,104,368
09/28/2021,CRP,TX,ASW,CE,Combined TRACON& Tower with Radar,24,20,27,115,186,0,2,8,13,23,24,22,35,128,209,0,80,80,289
09/29/2021,CRP,TX,ASW,CE,Combined TRACON& Tower with Radar,25,18,36,6,85,0,2,7,5,14,25,20,43,11,99,0,0,0,99
09/30/2021,CRP,TX,ASW,CE,Combined TRACON& Tower with Radar,22,22,34,93,171,0,1,2,11,14,22,23,36,104,185,0,108,108,293
10/01/2021,CRP,TX,ASW,CE,Combined TRACON& Tower with Radar,22,21,20,20,83,0,2,1,0,3,22,23,21,20,86,4,34,38,124
10/02/2021,CRP,TX,ASW,CE,Combined TRACON& Tower with Radar,18,12,5,30,65,0,2,2,3,7,18,14,7,33,72,0,22,22,94
10/03/2021,CRP,TX,ASW,CE,Combined TRACON& Tower with Radar,28,10,19,23,80,0,0,6,2,8,28,10,25,25,88,0,0,0,88
10/04/2021,CRP,TX,ASW,CE,Combined TRACON& Tower with Radar,23,20,18,112,173,0,1,20,16,37,23,21,38,128,210,0,144,144,354
10/05/2021,CRP,TX,ASW,CE,Combined TRACON& Tower with Radar,24,12,24,132,192,0,2,20,17,39,24,14,44,149,231,0,84,84,315
10/06/2021,CRP,TX,ASW,CE,Combined TRACON& Tower with Radar,25,19,27,67,138,0,3,14,14,31,25,22,41,81,169,0,46,46,215
10/07/2021,CRP,TX,ASW,CE,Combined TRACON& Tower with Radar,22,16,31,95,164,0,7,24,23,54,22,23,55,118,218,0,234,234,452
10/08/2021,CRP,TX,ASW,CE,Combined TRACON& Tower with Radar,22,20,31,74,147,0,2,26,16,44,22,22,57,90,191,2,48,50,241
10/09/2021,CRP,TX,ASW,CE,Combined TRACON& Tower with Radar,17,15,12,55,99,0,2,12,7,21,17,17,24,62,120,0,48,48,168
10/10/2021,CRP,TX,ASW,CE,Combined TRACON& Tower with Radar,17,13,16,47,93,0,3,7,3,13,17,16,23,50,106,2,10,12,118
10/11/2021,CRP,TX,ASW,CE,Combined TRACON& Tower with Radar,19,19,25,71,134,0,6,8,8,22,19,25,33,79,156,0,24,24,180
10/12/2021,CRP,TX,ASW,CE,Combined TRACON& Tower with Radar,22,22,25,144,213,0,4,12,4,20,22,26,37,148,233,0,46,46,279
10/13/2021,CRP,TX,ASW,CE,Combined TRACON& Tower with Radar,21,13,37,70,141,0,4,20,16,40,21,17,57,86,181,0,104,104,285
10/14/2021,CRP,TX,ASW,CE,Combined TRACON& Tower with Radar,26,19,24,115,184,0,1,6,9,16,26,20,30,124,200,0,46,46,246
10/15/2021,CRP,TX,ASW,CE,Combined TRACON& Tower with Radar,23,21,32,77,153,0,0,24,14,38,23,21,56,91,191,0,66,66,257
10/16/2021,CRP,TX,ASW,CE,Combined TRACON& Tower with Radar,20,14,7,46,87,0,0,12,9,21,20,14,19,55,108,2,64,66,174
10/17/2021,CRP,TX,ASW,CE,Combined TRACON& Tower with Radar,25,17,14,35,91,0,0,30,2,32,25,17,44,37,123,6,110,116,239
10/18/2021,CRP,TX,ASW,CE,Combined TRACON& Tower with Radar,23,12,34,156,225,0,6,37,27,70,23,18,71,183,295,0,84,84,379
10/19/2021,CRP,TX,ASW,CE,Combined TRACON& Tower with Radar,22,14,20,135,191,0,0,37,20,57,22,14,57,155,248,0,42,42,290
10/20/2021,CRP,TX,ASW,CE,Combined TRACON& Tower with Radar,23,21,35,59,138,0,5,23,10,38,23,26,58,69,176,0,52,52,228
10/21/2021,CRP,TX,ASW,CE,Combined TRACON& Tower with Radar,24,19,41,178,262,0,3,21,34,58,24,22,62,212,320,6,258,264,584
10/22/2021,CRP,TX,ASW,CE,Combined TRACON& Tower with Radar,24,21,25,56,126,0,4,23,8,35,24,25,48,64,161,4,108,112,273
10/23/2021,CRP,TX,ASW,CE,Combined TRACON& Tower with Radar,19,13,18,32,82,0,2,25,9,36,19,15,43,41,118,8,2,10,128
10/24/2021,CRP,TX,ASW,CE,Combined TRACON& Tower with Radar,23,11,17,34,85,0,0,24,9,33,23,11,41,43,118,0,42,42,160
10/25/2021,CRP,TX,ASW,CE,Combined TRACON& Tower with Radar,23,18,24,152,217,0,3,5,12,20,23,21,29,164,237,0,30,30,267
10/26/2021,CRP,TX,ASW,CE,Combined TRACON& Tower with Radar,22,26,20,114,182,0,1,6,16,23,22,27,26,130,205,0,80,80,285
10/27/2021,CRP,TX,ASW,CE,Combined TRACON& Tower with Radar,25,22,31,38,116,0,2,10,8,20,25,24,41,46,136,0,0,0,136
10/28/2021,CRP,TX,ASW,CE,Combined TRACON& Tower with Radar,24,22,27,154,227,0,2,23,21,46,24,24,50,175,273,0,56,56,329
10/29/2021,CRP,TX,ASW,CE,Combined TRACON& Tower with Radar,24,21,25,62,132,0,9,21,10,40,24,30,46,72,172,0,78,78,250
10/30/2021,CRP,TX,ASW,CE,Combined TRACON& Tower with Radar,19,14,11,59,103,0,2,14,6,22,19,16,25,65,125,4,40,44,169
10/31/2021,CRP,TX,ASW,CE,Combined TRACON& Tower with Radar,15,15,18,35,83,0,3,8,15,26,15,18,26,50,109,0,20,20,129
11/01/2021,CRP,TX,ASW,CE,Combined TRACON& Tower with Radar,17,22,20,127,186,0,2,20,15,37,17,24,40,142,223,0,24,24,247
11/02/2021,CRP,TX,ASW,CE,Combined TRACON& Tower with Radar,15,26,29,161,231,0,0,15,26,41,15,26,44,187,272,0,134,134,406
11/03/2021,CRP,TX,ASW,CE,Combined TRACON& Tower with Radar,12,24,20,92,148,0,1,13,7,21,12,25,33,99,169,2,120,122,291
11/04/2021,CRP,TX,ASW,CE,Combined TRACON& Tower with Radar,15,27,38,143,223,0,1,4,3,8,15,28,42,146,231,10,134,144,375
11/05/2021,CRP,TX,ASW,CE,Combined TRACON& Tower with Radar,14,28,36,56,134,0,1,23,9,33,14,29,59,65,167,0,192,192,359
11/06/2021,CRP,TX,ASW,CE,Combined TRACON& Tower with Radar,11,18,5,46,80,0,3,36,11,50,11,21,41,57,130,4,66,70,200
11/07/2021,CRP,TX,ASW,CE,Combined TRACON& Tower with Radar,13,19,15,80,127,0,2,24,7,33,13,21,39,87,160,0,10,10,170
11/08/2021,CRP,TX,ASW,CE,Combined TRACON& Tower with Radar,15,24,14,102,155,0,3,21,18,42,15,27,35,120,197,0,178,178,375
11/09/2021,CRP,TX,ASW,CE,Combined TRACON& Tower with Radar,10,31,28,89,158,0,0,9,26,35,10,31,37,115,193,4,82,86,279
11/10/2021,CRP,TX,ASW,CE,Combined TRACON& Tower with Radar,10,29,25,78,142,0,4,10,18,32,10,33,35,96,174,0,132,132,306
11/11/2021,CRP,TX,ASW,CE,Combined TRACON& Tower with Radar,17,26,23,23,89,0,1,17,12,30,17,27,40,35,119,0,24,24,143
11/12/2021,CRP,TX,ASW,CE,Combined TRACON& Tower with Radar,14,28,26,47,115,0,3,8,24,35,14,31,34,71,150,4,160,164,314
11/13/2021,CRP,TX,ASW,CE,Combined TRACON& Tower with Radar,11,17,20,31,79,0,1,24,5,30,11,18,44,36,109,2,36,38,147
11/14/2021,CRP,TX,ASW,CE,Combined TRACON& Tower with Radar,13,23,16,39,91,0,3,17,7,27,13,26,33,46,118,10,42,52,170
11/15/2021,CRP,TX,ASW,CE,Combined TRACON& Tower with Radar,32,26,36,125,219,0,2,18,26,46,32,28,54,151,265,0,176,176,441
11/16/2021,CRP,TX,ASW,CE,Combined TRACON& Tower with Radar,10,28,36,70,144,0,4,18,15,37,10,32,54,85,181,0,78,78,259
11/17/2021,CRP,TX,ASW,CE,Combined TRACON& Tower with Radar,11,27,25,114,177,0,1,15,18,34,11,28,40,132,211,0,58,58,269
11/18/2021,CRP,TX,ASW,CE,Combined TRACON& Tower with Radar,13,25,33,66,137,0,2,6,9,17,13,27,39,75,154,0,90,90,244
11/19/2021,CRP,TX,ASW,CE,Combined TRACON& Tower with Radar,14,25,25,59,123,0,7,13,10,30,14,32,38,69,153,0,78,78,231
11/20/2021,CRP,TX,ASW,CE,Combined TRACON& Tower with Radar,9,21,18,39,87,0,8,11,5,24,9,29,29,44,111,8,132,140,251
11/21/2021,CRP,TX,ASW,CE,Combined TRACON& Tower with Radar,15,22,19,30,86,0,0,11,7,18,15,22,30,37,104,0,42,42,146
11/22/2021,CRP,TX,ASW,CE,Combined TRACON& Tower with Radar,14,29,21,112,176,0,2,9,17,28,14,31,30,129,204,0,48,48,252
11/23/2021,CRP,TX,ASW,CE,Combined TRACON& Tower with Radar,13,22,22,106,163,0,3,31,16,50,13,25,53,122,213,0,92,92,305
11/24/2021,CRP,TX,ASW,CE,Combined TRACON& Tower with Radar,14,30,28,18,90,0,3,8,7,18,14,33,36,25,108,0,70,70,178
11/25/2021,CRP,TX,ASW,CE,Combined TRACON& Tower with Radar,7,17,2,0,26,0,1,0,0,1,7,18,2,0,27,0,0,0,27
11/26/2021,CRP,TX,ASW,CE,Combined TRACON& Tower with Radar,9,21,5,29,64,0,1,11,6,18,9,22,16,35,82,0,6,6,88
11/27/2021,CRP,TX,ASW,CE,Combined TRACON& Tower with Radar,11,32,12,19,74,0,0,1,3,4,11,32,13,22,78,12,24,36,114
11/28/2021,CRP,TX,ASW,CE,Combined TRACON& Tower with Radar,17,26,29,13,85,0,1,1,2,4,17,27,30,15,89,0,0,0,89
11/29/2021,CRP,TX,ASW,CE,Combined TRACON& Tower with Radar,12,21,15,60,108,0,3,16,12,31,12,24,31,72,139,0,112,112,251
11/30/2021,CRP,TX,ASW,CE,Combined TRACON& Tower with Radar,11,28,30,71,140,0,1,14,11,26,11,29,44,82,166,0,8,8,174
12/01/2021,CRP,TX,ASW,CE,Combined TRACON& Tower with Radar,11,21,19,65,116,0,1,9,16,26,11,22,28,81,142,0,78,78,220
12/02/2021,CRP,TX,ASW,CE,Combined TRACON& Tower with Radar,11,29,30,45,115,0,0,4,8,12,11,29,34,53,127,0,52,52,179
12/03/2021,CRP,TX,ASW,CE,Combined TRACON& Tower with Radar,13,30,28,26,97,0,3,12,8,23,13,33,40,34,120,2,52,54,174
12/04/2021,CRP,TX,ASW,CE,Combined TRACON& Tower with Radar,11,16,19,30,76,0,4,6,16,26,11,20,25,46,102,0,54,54,156
12/05/2021,CRP,TX,ASW,CE,Combined TRACON& Tower with Radar,13,26,20,30,89,0,1,6,10,17,13,27,26,40,106,0,12,12,118
12/06/2021,CRP,TX,ASW,CE,Combined TRACON& Tower with Radar,14,21,24,48,107,0,4,7,7,18,14,25,31,55,125,0,66,66,191
12/07/2021,CRP,TX,ASW,CE,Combined TRACON& Tower with Radar,10,23,20,62,115,0,1,6,10,17,10,24,26,72,132,0,64,64,196
12/08/2021,CRP,TX,ASW,CE,Combined TRACON& Tower with Radar,11,24,27,32,94,0,4,7,15,26,11,28,34,47,120,0,90,90,210
12/09/2021,CRP,TX,ASW,CE,Combined TRACON& Tower with Radar,12,29,44,57,142,0,3,8,8,19,12,32,52,65,161,0,28,28,189
12/10/2021,CRP,TX,ASW,CE,Combined TRACON& Tower with Radar,12,25,28,51,116,0,5,5,17,27,12,30,33,68,143,0,18,18,161
12/11/2021,CRP,TX,ASW,CE,Combined TRACON& Tower with Radar,11,21,10,14,56,0,3,5,10,18,11,24,15,24,74,2,12,14,88
12/12/2021,CRP,TX,ASW,CE,Combined TRACON& Tower with Radar,13,15,13,25,66,0,4,25,9,38,13,19,38,34,104,6,0,6,110
12/13/2021,CRP,TX,ASW,CE,Combined TRACON& Tower with Radar,10,23,31,43,107,0,0,0,2,2,10,23,31,45,109,0,0,0,109
12/14/2021,CRP,TX,ASW,CE,Combined TRACON& Tower with Radar,11,31,34,68,144,0,2,4,8,14,11,33,38,76,158,0,42,42,200
12/15/2021,CRP,TX,ASW,CE,Combined TRACON& Tower with Radar,9,28,37,46,120,0,1,15,23,39,9,29,52,69,159,0,84,84,243
12/16/2021,CRP,TX,ASW,CE,Combined TRACON& Tower with Radar,12,34,33,50,129,0,0,16,12,28,12,34,49,62,157,0,56,56,213
12/17/2021,CRP,TX,ASW,CE,Combined TRACON& Tower with Radar,9,34,31,50,124,0,1,3,4,8,9,35,34,54,132,0,14,14,146
12/18/2021,CRP,TX,ASW,CE,Combined TRACON& Tower with Radar,15,28,12,31,86,0,1,1,2,4,15,29,13,33,90,0,40,40,130
12/19/2021,CRP,TX,ASW,CE,Combined TRACON& Tower with Radar,10,28,20,3,61,0,0,1,7,8,10,28,21,10,69,2,10,12,81
12/20/2021,CRP,TX,ASW,CE,Combined TRACON& Tower with Radar,10,30,30,77,147,0,1,20,12,33,10,31,50,89,180,0,108,108,288
12/21/2021,CRP,TX,ASW,CE,Combined TRACON& Tower with Radar,10,36,27,55,128,0,2,27,9,38,10,38,54,64,166,0,26,26,192
12/22/2021,CRP,TX,ASW,CE,Combined TRACON& Tower with Radar,11,34,24,31,100,0,0,12,6,18,11,34,36,37,118,0,62,62,180
12/23/2021,CRP,TX,ASW,CE,Combined TRACON& Tower with Radar,11,28,17,4,60,0,5,14,1,20,11,33,31,5,80,0,0,0,80
12/24/2021,CRP,TX,ASW,CE,Combined TRACON& Tower with Radar,6,28,8,0,42,0,2,6,0,8,6,30,14,0,50,4,0,4,54
12/25/2021,CRP,TX,ASW,CE,Combined TRACON& Tower with Radar,8,23,2,0,33,0,1,7,0,8,8,24,9,0,41,0,0,0,41
12/26/2021,CRP,TX,ASW,CE,Combined TRACON& Tower with Radar,8,32,12,0,52,1,0,3,4,8,9,32,15,4,60,0,0,0,60
12/27/2021,CRP,TX,ASW,CE,Combined TRACON& Tower with Radar,10,28,27,31,96,0,4,10,5,19,10,32,37,36,115,0,42,42,157
12/28/2021,CRP,TX,ASW,CE,Combined TRACON& Tower with Radar,9,30,12,35,86,0,3,12,5,20,9,33,24,40,106,0,26,26,132
12/29/2021,CRP,TX,ASW,CE,Combined TRACON& Tower with Radar,10,31,23,31,95,0,0,12,6,18,10,31,35,37,113,0,20,20,133
12/30/2021,CRP,TX,ASW,CE,Combined TRACON& Tower with Radar,12,35,21,16,84,0,0,3,5,8,12,35,24,21,92,0,36,36,128
12/31/2021,CRP,TX,ASW,CE,Combined TRACON& Tower with Radar,6,19,10,0,35,0,2,2,0,4,6,21,12,0,39,0,0,0,39
01/01/2022,CRP,TX,ASW,CE,Combined TRACON& Tower with Radar,8,16,8,0,32,0,0,6,0,6,8,16,14,0,38,0,0,0,38
01/02/2022,CRP,TX,ASW,CE,Combined TRACON& Tower with Radar,8,17,12,7,44,0,3,3,3,9,8,20,15,10,53,0,0,0,53
01/03/2022,CRP,TX,ASW,CE,Combined TRACON& Tower with Radar,11,24,18,14,67,0,2,13,4,19,11,26,31,18,86,12,32,44,130
01/04/2022,CRP,TX,ASW,CE,Combined TRACON& Tower with Radar,9,25,20,26,80,0,3,6,17,26,9,28,26,43,106,0,50,50,156
01/05/2022,CRP,TX,ASW,CE,Combined TRACON& Tower with Radar,9,29,16,49,103,0,3,14,10,27,9,32,30,59,130,0,16,16,146
01/06/2022,CRP,TX,ASW,CE,Combined TRACON& Tower with Radar,10,28,18,68,124,0,0,6,8,14,10,28,24,76,138,0,6,6,144
01/07/2022,CRP,TX,ASW,CE,Combined TRACON& Tower with Radar,9,30,31,81,151,0,2,0,5,7,9,32,31,86,158,0,30,30,188
01/08/2022,CRP,TX,ASW,CE,Combined TRACON& Tower with Radar,19,29,18,14,80,0,0,0,0,0,19,29,18,14,80,0,0,0,80
01/09/2022,CRP,TX,ASW,CE,Combined TRACON& Tower with Radar,8,28,19,46,101,0,2,3,25,30,8,30,22,71,131,0,28,28,159
01/10/2022,CRP,TX,ASW,CE,Combined TRACON& Tower with Radar,8,24,26,46,104,0,2,22,26,50,8,26,48,72,154,0,72,72,226
01/11/2022,CRP,TX,ASW,CE,Combined TRACON& Tower with Radar,12,22,27,79,140,0,2,16,23,41,12,24,43,102,181,0,64,64,245
01/12/2022,CRP,TX,ASW,CE,Combined TRACON& Tower with Radar,9,31,26,95,161,0,2,5,14,21,9,33,31,109,182,0,122,122,304
01/13/2022,CRP,TX,ASW,CE,Combined TRACON& Tower with Radar,8,27,38,69,142,0,8,24,15,47,8,35,62,84,189,10,94,104,293
01/14/2022,CRP,TX,ASW,CE,Combined TRACON& Tower with Radar,10,22,29,36,97,0,0,13,16,29,10,22,42,52,126,0,98,98,224
01/15/2022,CRP,TX,ASW,CE,Combined TRACON& Tower with Radar,8,14,3,10,35,0,0,2,6,8,8,14,5,16,43,0,6,6,49
01/16/2022,CRP,TX,ASW,CE,Combined TRACON& Tower with Radar,8,15,8,19,50,0,2,16,18,36,8,17,24,37,86,0,12,12,98
01/17/2022,CRP,TX,ASW,CE,Combined TRACON& Tower with Radar,16,28,42,32,118,0,5,22,16,43,16,33,64,48,161,2,28,30,191
01/18/2022,CRP,TX,ASW,CE,Combined TRACON& Tower with Radar,11,25,18,60,114,0,4,19,17,40,11,29,37,77,154,0,86,86,240
01/19/2022,CRP,TX,ASW,CE,Combined TRACON& Tower with Radar,11,33,21,41,106,0,2,15,16,33,11,35,36,57,139,0,86,86,225
01/20/2022,CRP,TX,ASW,CE,Combined TRACON& Tower with Radar,12,30,23,42,107,0,0,1,9,10,12,30,24,51,117,0,94,94,211
01/21/2022,CRP,TX,ASW,CE,Combined TRACON& Tower with Radar,6,24,15,69,114,0,0,7,15,22,6,24,22,84,136,0,54,54,190
01/22/2022,CRP,TX,ASW,CE,Combined TRACON& Tower with Radar,7,16,5,79,107,0,1,8,21,30,7,17,13,100,137,0,68,68,205
01/23/2022,CRP,TX,ASW,CE,Combined TRACON& Tower with Radar,12,19,28,69,128,0,2,5,19,26,12,21,33,88,154,0,130,130,284
01/24/2022,CRP,TX,ASW,CE,Combined TRACON& Tower with Radar,10,23,26,74,133,0,0,0,4,4,10,23,26,78,137,0,0,0,137
01/25/2022,CRP,TX,ASW,CE,Combined TRACON& Tower with Radar,11,22,42,69,144,0,5,4,9,18,11,27,46,78,162,0,26,26,188
01/26/2022,CRP,TX,ASW,CE,Combined TRACON& Tower with Radar,10,24,28,65,127,0,5,17,7,29,10,29,45,72,156,0,30,30,186
01/27/2022,CRP,TX,ASW,CE,Combined TRACON& Tower with Radar,11,26,30,65,132,0,4,11,11,26,11,30,41,76,158,2,76,78,236
01/28/2022,CRP,TX,ASW,CE,Combined TRACON& Tower with Radar,8,26,28,94,156,0,2,9,10,21,8,28,37,104,177,0,40,40,217
01/29/2022,CRP,TX,ASW,CE,Combined TRACON& Tower with Radar,8,13,7,26,54,0,3,18,28,49,8,16,25,54,103,0,0,0,103
01/30/2022,CRP,TX,ASW,CE,Combined TRACON& Tower with Radar,12,17,7,17,53,0,8,18,26,52,12,25,25,43,105,0,50,50,155
01/31/2022,CRP,TX,ASW,CE,Combined TRACON& Tower with Radar,11,19,19,57,106,0,1,2,5,8,11,20,21,62,114,0,44,44,158
02/01/2022,CRP,TX,ASW,CE,Combined TRACON& Tower with Radar,10,22,22,70,124,0,3,9,9,21,10,25,31,79,145,0,0,0,145
02/02/2022,CRP,TX,ASW,CE,Combined TRACON& Tower with Radar,10,25,20,41,96,0,1,6,13,20,10,26,26,54,116,0,72,72,188
02/03/2022,CRP,TX,ASW,CE,Combined TRACON& Tower with Radar,7,20,26,17,70,0,2,0,5,7,7,22,26,22,77,0,0,0,77
02/04/2022,CRP,TX,ASW,CE,Combined TRACON& Tower with Radar,7,23,14,35,79,0,3,9,7,19,7,26,23,42,98,0,24,24,122
02/05/2022,CRP,TX,ASW,CE,Combined TRACON& Tower with Radar,8,15,5,38,66,0,7,21,13,41,8,22,26,51,107,0,32,32,139
02/06/2022,CRP,TX,ASW,CE,Combined TRACON& Tower with Radar,9,21,20,13,63,0,1,8,19,28,9,22,28,32,91,18,18,36,127
02/07/2022,CRP,TX,ASW,CE,Combined TRACON& Tower with Radar,10,21,27,69,127,0,0,11,12,23,10,21,38,81,150,0,64,64,214
02/08/2022,CRP,TX,ASW,CE,Combined TRACON& Tower with Radar,10,26,27,33,96,0,3,17,11,31,10,29,44,44,127,0,0,0,127
02/09/2022,CRP,TX,ASW,CE,Combined TRACON& Tower with Radar,10,30,51,50,141,0,2,18,15,35,10,32,69,65,176,0,40,40,216
02/10/2022,CRP,TX,ASW,CE,Combined TRACON& Tower with Radar,11,27,26,73,137,0,1,21,15,37,11,28,47,88,174,0,92,92,266
02/11/2022,CRP,TX,ASW,CE,Combined TRACON& Tower with Radar,12,23,24,51,110,0,0,15,10,25,12,23,39,61,135,0,54,54,189
02/12/2022,CRP,TX,ASW,CE,Combined TRACON& Tower with Radar,12,15,1,40,68,0,1,1,8,10,12,16,2,48,78,0,84,84,162
02/13/2022,CRP,TX,ASW,CE,Combined TRACON& Tower with Radar,12,20,8,34,74,0,2,19,12,33,12,22,27,46,107,0,4,4,111
02/14/2022,CRP,TX,ASW,CE,Combined TRACON& Tower with Radar,12,18,13,43,86,0,3,13,4,20,12,21,26,47,106,0,16,16,122
02/15/2022,CRP,TX,ASW,CE,Combined TRACON& Tower with Radar,12,28,19,64,123,0,8,11,20,39,12,36,30,84,162,0,88,88,250
02/16/2022,CRP,TX,ASW,CE,Combined TRACON& Tower with Radar,12,29,36,70,147,0,2,9,14,25,12,31,45,84,172,0,8,8,180
02/17/2022,CRP,TX,ASW,CE,Combined TRACON& Tower with Radar,12,27,39,61,139,0,1,22,10,33,12,28,61,71,172,0,38,38,210
02/18/2022,CRP,TX,ASW,CE,Combined TRACON& Tower with Radar,12,28,18,60,118,0,0,20,14,34,12,28,38,74,152,0,40,40,192
02/19/2022,CRP,TX,ASW,CE,Combined TRACON& Tower with Radar,12,17,8,52,89,0,4,14,15,33,12,21,22,67,122,0,38,38,160
02/20/2022,CRP,TX,ASW,CE,Combined TRACON& Tower with Radar,12,23,12,48,95,0,1,6,6,13,12,24,18,54,108,4,8,12,120
02/21/2022,CRP,TX,ASW,CE,Combined TRACON& Tower with Radar,12,25,24,26,87,0,5,5,10,20,12,30,29,36,107,2,44,46,153
02/22/2022,CRP,TX,ASW,CE,Combined TRACON& Tower with Radar,14,24,23,49,110,0,0,17,11,28,14,24,40,60,138,0,36,36,174
02/23/2022,CRP,TX,ASW,CE,Combined TRACON& Tower with Radar,9,25,30,66,130,0,2,0,5,7,9,27,30,71,137,0,0,0,137
02/24/2022,CRP,TX,ASW,CE,Combined TRACON& Tower with Radar,8,31,26,35,100,0,0,0,2,2,8,31,26,37,102,0,0,0,102
02/25/2022,CRP,TX,ASW,CE,Combined TRACON& Tower with Radar,15,31,30,69,145,0,0,0,7,7,15,31,30,76,152,0,86,86,238
02/26/2022,CRP,TX,ASW,CE,Combined TRACON& Tower with Radar,14,17,7,36,74,0,0,0,1,1,14,17,7,37,75,0,0,0,75
02/27/2022,CRP,TX,ASW,CE,Combined TRACON& Tower with Radar,12,15,24,34,85,0,1,5,7,13,12,16,29,41,98,0,0,0,98
02/28/2022,CRP,TX,ASW,CE,Combined TRACON& Tower with Radar,12,23,26,78,139,0,0,21,14,35,12,23,47,92,174,0,136,136,310
03/01/2022,CRP,TX,ASW,CE,Combined TRACON& Tower with Radar,14,25,16,71,126,0,2,15,17,34,14,27,31,88,160,0,22,22,182
03/02/2022,CRP,TX,ASW,CE,Combined TRACON& Tower with Radar,12,30,31,56,129,0,1,15,10,26,12,31,46,66,155,0,8,8,163
03/03/2022,CRP,TX,ASW,CE,Combined TRACON& Tower with Radar,11,25,54,48,138,0,4,20,10,34,11,29,74,58,172,0,20,20,192
03/04/2022,CRP,TX,ASW,CE,Combined TRACON& Tower with Radar,13,21,21,40,95,0,5,11,15,31,13,26,32,55,126,0,26,26,152
03/05/2022,CRP,TX,ASW,CE,Combined TRACON& Tower with Radar,10,21,19,21,71,0,1,0,9,10,10,22,19,30,81,0,0,0,81
03/06/2022,CRP,TX,ASW,CE,Combined TRACON& Tower with Radar,10,20,22,43,95,0,3,1,4,8,10,23,23,47,103,0,0,0,103
03/07/2022,CRP,TX,ASW,CE,Combined TRACON& Tower with Radar,12,20,20,131,183,0,0,1,4,5,12,20,21,135,188,0,50,50,238
03/08/2022,CRP,TX,ASW,CE,Combined TRACON& Tower with Radar,10,17,39,108,174,0,0,2,5,7,10,17,41,113,181,0,14,14,195
03/09/2022,CRP,TX,ASW,CE,Combined TRACON& Tower with Radar,12,28,30,85,155,0,4,14,15,33,12,32,44,100,188,0,82,82,270
03/10/2022,CRP,TX,ASW,CE,Combined TRACON& Tower with Radar,16,32,39,88,175,0,0,8,6,14,16,32,47,94,189,0,38,38,227
03/11/2022,CRP,TX,ASW,CE,Combined TRACON& Tower with Radar,15,28,16,56,115,0,2,1,2,5,15,30,17,58,120,0,22,22,142
03/12/2022,CRP,TX,ASW,CE,Combined TRACON& Tower with Radar,11,27,20,44,102,0,2,20,16,38,11,29,40,60,140,0,78,78,218
03/13/2022,CRP,TX,ASW,CE,Combined TRACON& Tower with Radar,16,17,22,34,89,0,1,18,12,31,16,18,40,46,120,4,10,14,134
03/14/2022,CRP,TX,ASW,CE,Combined TRACON& Tower with Radar,15,19,16,77,127,0,4,11,19,34,15,23,27,96,161,0,10,10,171
03/15/2022,CRP,TX,ASW,CE,Combined TRACON& Tower with Radar,15,19,22,72,128,0,1,20,15,36,15,20,42,87,164,0,46,46,210
03/16/2022,CRP,TX,ASW,CE,Combined TRACON& Tower with Radar,18,28,21,72,139,0,2,27,16,45,18,30,48,88,184,0,56,56,240
03/17/2022,CRP,TX,ASW,CE,Combined TRACON& Tower with Radar,15,27,20,65,127,0,2,3,9,14,15,29,23,74,141,0,34,34,175
03/18/2022,CRP,TX,ASW,CE,Combined TRACON& Tower with Radar,17,27,31,77,152,0,3,12,15,30,17,30,43,92,182,0,82,82,264
03/19/2022,CRP,TX,ASW,CE,Combined TRACON& Tower with Radar,9,19,11,7,46,0,2,29,13,44,9,21,40,20,90,14,62,76,166
03/20/2022,CRP,TX,ASW,CE,Combined TRACON& Tower with Radar,12,21,20,15,68,0,6,13,5,24,12,27,33,20,92,2,14,16,108
03/21/2022,CRP,TX,ASW,CE,Combined TRACON& Tower with Radar,16,19,25,29,89,0,0,2,0,2,16,19,27,29,91,0,8,8,99
03/22/2022,CRP,TX,ASW,CE,Combined TRACON& Tower with Radar,17,20,26,86,149,0,3,13,11,27,17,23,39,97,176,0,50,50,226
03/23/2022,CRP,TX,ASW,CE,Combined TRACON& Tower with Radar,15,27,57,96,195,0,2,20,7,29,15,29,77,103,224,0,16,16,240
03/24/2022,CRP,TX,ASW,CE,Combined TRACON& Tower with Radar,15,24,29,87,155,0,3,25,15,43,15,27,54,102,198,0,58,58,256
03/25/2022,CRP,TX,ASW,CE,Combined TRACON& Tower with Radar,18,24,32,52,126,0,0,19,18,37,18,24,51,70,163,0,44,44,207
03/26/2022,CRP,TX,ASW,CE,Combined TRACON& Tower with Radar,10,16,10,13,49,0,0,20,17,37,10,16,30,30,86,0,62,62,148
03/27/2022,CRP,TX,ASW,CE,Combined TRACON& Tower with Radar,13,20,15,29,77,0,1,14,15,30,13,21,29,44,107,0,6,6,113
03/28/2022,CRP,TX,ASW,CE,Combined TRACON& Tower with Radar,18,20,40,71,149,0,5,14,7,26,18,25,54,78,175,0,10,10,185
03/29/2022,CRP,TX,ASW,CE,Combined TRACON& Tower with Radar,14,13,28,24,79,0,1,1,14,16,14,14,29,38,95,0,16,16,111
03/30/2022,CRP,TX,ASW,CE,Combined TRACON& Tower with Radar,18,26,34,75,153,0,1,2,11,14,18,27,36,86,167,0,12,12,179
03/31/2022,CRP,TX,ASW,CE,Combined TRACON& Tower with Radar,15,23,17,91,146,0,6,22,22,50,15,29,39,113,196,0,48,48,244
04/01/2022,CRP,TX,ASW,CE,Combined TRACON& Tower with Radar,19,31,26,56,132,0,1,13,9,23,19,32,39,65,155,0,12,12,167
04/02/2022,CRP,TX,ASW,CE,Combined TRACON& Tower with Radar,14,12,10,22,58,0,3,11,13,27,14,15,21,35,85,0,2,2,87
04/03/2022,CRP,TX,ASW,CE,Combined TRACON& Tower with Radar,16,23,13,53,105,0,3,17,8,28,16,26,30,61,133,4,2,6,139
04/04/2022,CRP,TX,ASW,CE,Combined TRACON& Tower with Radar,11,25,27,91,154,0,2,5,3,10,11,27,32,94,164,0,0,0,164
04/05/2022,CRP,TX,ASW,CE,Combined TRACON& Tower with Radar,21,20,28,49,118,0,0,12,10,22,21,20,40,59,140,0,48,48,188
04/06/2022,CRP,TX,ASW,CE,Combined TRACON& Tower with Radar,20,23,34,70,147,0,4,8,19,31,20,27,42,89,178,0,76,76,254
04/07/2022,CRP,TX,ASW,CE,Combined TRACON& Tower with Radar,20,24,30,57,131,0,1,29,7,37,20,25,59,64,168,10,0,10,178
04/08/2022,CRP,TX,ASW,CE,Combined TRACON& Tower with Radar,20,21,18,32,91,0,3,17,16,36,20,24,35,48,127,10,42,52,179
04/09/2022,CRP,TX,ASW,CE,Combined TRACON& Tower with Radar,16,20,6,21,63,0,2,23,11,36,16,22,29,32,99,0,68,68,167
04/10/2022,CRP,TX,ASW,CE,Combined TRACON& Tower with Radar,20,22,22,17,81,0,0,4,5,9,20,22,26,22,90,0,4,4,94
04/11/2022,CRP,TX,ASW,CE,Combined TRACON& Tower with Radar,35,20,39,67,161,0,5,0,4,9,35,25,39,71,170,0,46,46,216
04/12/2022,CRP,TX,ASW,CE,Combined TRACON& Tower with Radar,19,23,41,44,127,0,3,7,7,17,19,26,48,51,144,0,36,36,180
04/13/2022,CRP,TX,ASW,CE,Combined TRACON& Tower with Radar,22,22,44,61,149,0,4,15,11,30,22,26,59,72,179,0,84,84,263
04/14/2022,CRP,TX,ASW,CE,Combined TRACON& Tower with Radar,22,17,38,36,113,0,3,9,13,25,22,20,47,49,138,0,10,10,148
04/15/2022,CRP,TX,ASW,CE,Combined TRACON& Tower with Radar,20,24,26,55,125,0,0,6,9,15,20,24,32,64,140,0,22,22,162
04/16/2022,CRP,TX,ASW,CE,Combined TRACON& Tower with Radar,16,13,14,5,48,0,0,8,9,17,16,13,22,14,65,0,4,4,69
04/17/2022,CRP,TX,ASW,CE,Combined TRACON& Tower with Radar,19,12,12,26,69,0,1,2,7,10,19,13,14,33,79,0,0,0,79
04/18/2022,CRP,TX,ASW,CE,Combined TRACON& Tower with Radar,21,19,23,39,102,0,3,8,9,20,21,22,31,48,122,0,16,16,138
04/19/2022,CRP,TX,ASW,CE,Combined TRACON& Tower with Radar,18,21,26,66,131,0,0,2,8,10,18,21,28,74,141,0,20,20,161
04/20/2022,CRP,TX,ASW,CE,Combined TRACON& Tower with Radar,20,24,42,43,129,0,1,8,6,15,20,25,50,49,144,0,86,86,230
04/21/2022,CRP,TX,ASW,CE,Combined TRACON& Tower with Radar,19,27,47,59,152,0,0,6,5,11,19,27,53,64,163,0,44,44,207
04/22/2022,CRP,TX,ASW,CE,Combined TRACON& Tower with Radar,20,21,26,52,119,0,0,5,9,14,20,21,31,61,133,0,16,16,149
04/23/2022,CRP,TX,ASW,CE,Combined TRACON& Tower with Radar,16,20,16,33,85,0,1,4,6,11,16,21,20,39,96,0,0,0,96
04/24/2022,CRP,TX,ASW,CE,Combined TRACON& Tower with Radar,18,16,10,20,64,0,2,1,10,13,18,18,11,30,77,0,14,14,91
04/25/2022,CRP,TX,ASW,CE,Combined TRACON& Tower with Radar,31,16,30,38,115,0,0,4,3,7,31,16,34,41,122,0,16,16,138
04/26/2022,CRP,TX,ASW,CE,Combined TRACON& Tower with Radar,17,23,23,136,199,0,1,3,6,10,17,24,26,142,209,0,56,56,265
04/27/2022,CRP,TX,ASW,CE,Combined TRACON& Tower with Radar,20,22,41,59,142,0,3,12,9,24,20,25,53,68,166,0,8,8,174
04/28/2022,CRP,TX,ASW,CE,Combined TRACON& Tower with Radar,20,20,30,41,111,0,0,15,17,32,20,20,45,58,143,0,44,44,187
04/29/2022,CRP,TX,ASW,CE,Combined TRACON& Tower with Radar,20,20,28,26,94,0,0,8,5,13,20,20,36,31,107,0,32,32,139
04/30/2022,CRP,TX,ASW,CE,Combined TRACON& Tower with Radar,16,12,13,41,82,0,4,4,14,22,16,16,17,55,104,0,64,64,168
05/01/2022,CRP,TX,ASW,CE,Combined TRACON& Tower with Radar,20,10,22,78,130,0,2,5,10,17,20,12,27,88,147,0,34,34,181
05/02/2022,CRP,TX,ASW,CE,Combined TRACON& Tower with Radar,21,18,35,88,162,0,4,11,8,23,21,22,46,96,185,0,80,80,265
05/03/2022,CRP,TX,ASW,CE,Combined TRACON& Tower with Radar,19,21,27,48,115,0,0,7,5,12,19,21,34,53,127,0,28,28,155
05/04/2022,CRP,TX,ASW,CE,Combined TRACON& Tower with Radar,19,20,42,43,124,0,3,7,8,18,19,23,49,51,142,0,36,36,178
05/05/2022,CRP,TX,ASW,CE,Combined TRACON& Tower with Radar,25,21,35,36,117,0,1,10,6,17,25,22,45,42,134,0,34,34,168
05/06/2022,CRP,TX,ASW,CE,Combined TRACON& Tower with Radar,27,19,29,16,91,0,3,11,4,18,27,22,40,20,109,0,32,32,141
05/07/2022,CRP,TX,ASW,CE,Combined TRACON& Tower with Radar,22,11,15,26,74,0,1,6,5,12,22,12,21,31,86,0,202,202,288
05/08/2022,CRP,TX,ASW,CE,Combined TRACON& Tower with Radar,26,9,25,34,94,0,4,4,4,12,26,13,29,38,106,0,0,0,106
05/09/2022,CRP,TX,ASW,CE,Combined TRACON& Tower with Radar,28,22,25,61,136,0,3,6,5,14,28,25,31,66,150,0,18,18,168
05/10/2022,CRP,TX,ASW,CE,Combined TRACON& Tower with Radar,26,18,36,57,137,0,1,15,10,26,26,19,51,67,163,0,56,56,219
05/11/2022,CRP,TX,ASW,CE,Combined TRACON& Tower with Radar,26,24,32,61,143,0,3,20,13,36,26,27,52,74,179,0,72,72,251
05/12/2022,CRP,TX,ASW,CE,Combined TRACON& Tower with Radar,26,15,41,20,102,0,5,27,7,39,26,20,68,27,141,0,52,52,193
05/13/2022,CRP,TX,ASW,CE,Combined TRACON& Tower with Radar,25,18,31,59,133,0,0,28,9,37,25,18,59,68,170,0,44,44,214
05/14/2022,CRP,TX,ASW,CE,Combined TRACON& Tower with Radar,20,13,25,21,79,0,7,14,15,36,20,20,39,36,115,0,104,104,219
05/15/2022,CRP,TX,ASW,CE,Combined TRACON& Tower with Radar,26,11,22,56,115,0,1,15,13,29,26,12,37,69,144,2,0,2,146
05/16/2022,CRP,TX,ASW,CE,Combined TRACON& Tower with Radar,26,13,29,55,123,0,9,16,16,41,26,22,45,71,164,0,164,164,328
05/17/2022,CRP,TX,ASW,CE,Combined TRACON& Tower with Radar,26,14,41,46,127,0,6,13,10,29,26,20,54,56,156,0,158,158,314
05/18/2022,CRP,TX,ASW,CE,Combined TRACON& Tower with Radar,26,20,31,62,139,0,1,27,11,39,26,21,58,73,178,0,208,208,386
05/19/2022,CRP,TX,ASW,CE,Combined TRACON& Tower with Radar,26,18,33,19,96,0,1,18,7,26,26,19,51,26,122,0,28,28,150
05/20/2022,CRP,TX,ASW,CE,Combined TRACON& Tower with Radar,26,11,34,32,103,0,1,11,5,17,26,12,45,37,120,0,18,18,138
05/21/2022,CRP,TX,ASW,CE,Combined TRACON& Tower with Radar,24,13,12,83,132,0,1,10,6,17,24,14,22,89,149,0,24,24,173
05/22/2022,CRP,TX,ASW,CE,Combined TRACON& Tower with Radar,25,8,13,35,81,0,0,3,11,14,25,8,16,46,95,0,12,12,107
05/23/2022,CRP,TX,ASW,CE,Combined TRACON& Tower with Radar,26,18,30,58,132,0,5,4,18,27,26,23,34,76,159,0,140,140,299
05/24/2022,CRP,TX,ASW,CE,Combined TRACON& Tower with Radar,26,16,9,65,116,0,2,11,14,27,26,18,20,79,143,0,150,150,293
05/25/2022,CRP,TX,ASW,CE,Combined TRACON& Tower with Radar,28,13,26,40,107,0,1,9,13,23,28,14,35,53,130,0,166,166,296
05/26/2022,CRP,TX,ASW,CE,Combined TRACON& Tower with Radar,24,13,34,26,97,0,4,26,5,35,24,17,60,31,132,0,0,0,132
05/27/2022,CRP,TX,ASW,CE,Combined TRACON& Tower with Radar,26,20,38,5,89,0,2,8,7,17,26,22,46,12,106,0,20,20,126
05/28/2022,CRP,TX,ASW,CE,Combined TRACON& Tower with Radar,22,10,20,0,52,0,1,14,4,19,22,11,34,4,71,0,0,0,71
05/29/2022,CRP,TX,ASW,CE,Combined TRACON& Tower with Radar,26,10,11,1,48,0,1,7,3,11,26,11,18,4,59,0,0,0,59
05/30/2022,CRP,TX,ASW,CE,Combined TRACON& Tower with Radar,27,17,1,0,45,0,3,6,3,12,27,20,7,3,57,0,10,10,67
05/31/2022,CRP,TX,ASW,CE,Combined TRACON& Tower with Radar,26,18,26,81,151,0,2,20,7,29,26,20,46,88,180,0,52,52,232
06/01/2022,CRP,TX,ASW,CE,Combined TRACON& Tower with Radar,24,18,24,42,108,0,6,14,13,33,24,24,38,55,141,0,170,170,311
06/02/2022,CRP,TX,ASW,CE,Combined TRACON& Tower with Radar,24,19,25,114,182,0,3,13,31,47,24,22,38,145,229,10,200,210,439
06/03/2022,CRP,TX,ASW,CE,Combined TRACON& Tower with Radar,14,35,24,66,139,0,6,10,8,24,14,41,34,74,163,0,18,18,181
06/04/2022,CRP,TX,ASW,CE,Combined TRACON& Tower with Radar,11,20,20,53,104,0,3,14,84,101,11,23,34,137,205,0,8,8,213
06/05/2022,CRP,TX,ASW,CE,Combined TRACON& Tower with Radar,14,26,18,43,101,0,1,17,16,34,14,27,35,59,135,0,48,48,183
06/06/2022,CRP,TX,ASW,CE,Combined TRACON& Tower with Radar,13,31,14,32,90,0,3,6,9,18,13,34,20,41,108,0,18,18,126
06/07/2022,CRP,TX,ASW,CE,Combined TRACON& Tower with Radar,14,38,20,29,101,0,3,14,16,33,14,41,34,45,134,0,204,204,338
06/08/2022,CRP,TX,ASW,CE,Combined TRACON& Tower with Radar,14,29,33,34,110,0,2,13,19,34,14,31,46,53,144,0,102,102,246
06/09/2022,CRP,TX,ASW,CE,Combined TRACON& Tower with Radar,14,28,43,74,159,0,2,13,16,31,14,30,56,90,190,0,86,86,276
06/10/2022,CRP,TX,ASW,CE,Combined TRACON& Tower with Radar,14,32,27,76,149,0,7,22,15,44,14,39,49,91,193,4,160,164,357
06/11/2022,CRP,TX,ASW,CE,Combined TRACON& Tower with Radar,10,19,17,57,103,0,0,12,22,34,10,19,29,79,137,0,36,36,173
06/12/2022,CRP,TX,ASW,CE,Combined TRACON& Tower with Radar,14,24,21,65,124,0,5,13,20,38,14,29,34,85,162,0,28,28,190
06/13/2022,CRP,TX,ASW,CE,Combined TRACON& Tower with Radar,14,27,32,10,83,0,2,11,7,20,14,29,43,17,103,0,18,18,121
06/14/2022,CRP,TX,ASW,CE,Combined TRACON& Tower with Radar,14,28,20,91,153,0,2,19,12,33,14,30,39,103,186,4,84,88,274
06/15/2022,CRP,TX,ASW,CE,Combined TRACON& Tower with Radar,14,34,27,92,167,0,1,11,13,25,14,35,38,105,192,0,228,228,420
06/16/2022,CRP,TX,ASW,CE,Combined TRACON& Tower with Radar,14,26,34,61,135,0,6,16,11,33,14,32,50,72,168,0,154,154,322
06/17/2022,CRP,TX,ASW,CE,Combined TRACON& Tower with Radar,14,34,17,85,150,0,0,24,10,34,14,34,41,95,184,0,72,72,256
06/18/2022,CRP,TX,ASW,CE,Combined TRACON& Tower with Radar,10,26,18,69,123,0,0,9,12,21,10,26,27,81,144,0,28,28,172
06/19/2022,CRP,TX,ASW,CE,Combined TRACON& Tower with Radar,14,26,15,55,110,0,2,5,14,21,14,28,20,69,131,0,26,26,157
06/20/2022,CRP,TX,ASW,CE,Combined TRACON& Tower with Radar,13,23,22,54,112,0,3,5,19,27,13,26,27,73,139,0,22,22,161
06/21/2022,CRP,TX,ASW,CE,Combined TRACON& Tower with Radar,15,27,17,151,210,0,1,15,17,33,15,28,32,168,243,10,110,120,363
06/22/2022,CRP,TX,ASW,CE,Combined TRACON& Tower with Radar,13,36,16,66,131,0,5,7,17,29,13,41,23,83,160,0,108,108,268
06/23/2022,CRP,TX,ASW,CE,Combined TRACON& Tower with Radar,16,30,30,100,176,0,8,14,13,35,16,38,44,113,211,2,106,108,319
06/24/2022,CRP,TX,ASW,CE,Combined TRACON& Tower with Radar,12,23,22,67,124,0,3,21,16,40,12,26,43,83,164,0,88,88,252
06/25/2022,CRP,TX,ASW,CE,Combined TRACON& Tower with Radar,10,21,10,32,73,0,3,14,5,22,10,24,24,37,95,0,0,0,95
06/26/2022,CRP,TX,ASW,CE,Combined TRACON& Tower with Radar,14,23,22,39,98,0,2,15,21,38,14,25,37,60,136,0,2,2,138
06/27/2022,CRP,TX,ASW,CE,Combined TRACON& Tower with Radar,16,30,20,42,108,0,3,3,10,16,16,33,23,52,124,0,48,48,172
06/28/2022,CRP,TX,ASW,CE,Combined TRACON& Tower with Radar,14,27,23,20,84,0,5,6,11,22,14,32,29,31,106,0,22,22,128
06/29/2022,CRP,TX,ASW,CE,Combined TRACON& Tower with Radar,15,27,22,143,207,0,3,8,14,25,15,30,30,157,232,0,32,32,264
06/30/2022,CRP,TX,ASW,CE,Combined TRACON& Tower with Radar,16,32,31,57,136,0,4,14,8,26,16,36,45,65,162,0,24,24,186
07/01/2022,CRP,TX,ASW,CE,Combined TRACON& Tower with Radar,14,32,18,21,85,0,1,11,12,24,14,33,29,33,109,6,42,48,157
07/02/2022,CRP,TX,ASW,CE,Combined TRACON& Tower with Radar,12,19,12,34,77,0,3,11,7,21,12,22,23,41,98,0,0,0,98
07/03/2022,CRP,TX,ASW,CE,Combined TRACON& Tower with Radar,14,17,4,8,43,0,1,10,9,20,14,18,14,17,63,0,10,10,73
07/04/2022,CRP,TX,ASW,CE,Combined TRACON& Tower with Radar,16,22,5,17,60,0,2,20,2,24,16,24,25,19,84,6,0,6,90
07/05/2022,CRP,TX,ASW,CE,Combined TRACON& Tower with Radar,14,23,31,16,84,0,2,13,10,25,14,25,44,26,109,0,0,0,109
07/06/2022,CRP,TX,ASW,CE,Combined TRACON& Tower with Radar,14,24,23,97,158,0,7,17,12,36,14,31,40,109,194,0,138,138,332
07/07/2022,CRP,TX,ASW,CE,Combined TRACON& Tower with Radar,14,34,14,94,156,0,1,8,18,27,14,35,22,112,183,2,110,112,295
07/08/2022,CRP,TX,ASW,CE,Combined TRACON& Tower with Radar,14,36,31,97,178,0,10,20,11,41,14,46,51,108,219,0,116,116,335
07/09/2022,CRP,TX,ASW,CE,Combined TRACON& Tower with Radar,10,16,3,76,105,0,3,14,19,36,10,19,17,95,141,0,68,68,209
07/10/2022,CRP,TX,ASW,CE,Combined TRACON& Tower with Radar,14,23,17,59,113,0,2,17,11,30,14,25,34,70,143,0,24,24,167
07/11/2022,CRP,TX,ASW,CE,Combined TRACON& Tower with Radar,13,26,33,142,214,0,3,23,12,38,13,29,56,154,252,0,88,88,340
07/12/2022,CRP,TX,ASW,CE,Combined TRACON& Tower with Radar,17,26,20,131,194,0,1,19,13,33,17,27,39,144,227,0,96,96,323
07/13/2022,CRP,TX,ASW,CE,Combined TRACON& Tower with Radar,16,19,34,138,207,0,2,14,13,29,16,21,48,151,236,0,22,22,258
07/14/2022,CRP,TX,ASW,CE,Combined TRACON& Tower with Radar,14,28,48,132,222,0,5,12,15,32,14,33,60,147,254,0,66,66,320
07/15/2022,CRP,TX,ASW,CE,Combined TRACON& Tower with Radar,14,29,20,67,130,0,3,6,9,18,14,32,26,76,148,0,134,134,282
07/16/2022,CRP,TX,ASW,CE,Combined TRACON& Tower with Radar,9,15,11,19,54,0,1,8,13,22,9,16,19,32,76,0,20,20,96
07/17/2022,CRP,TX,ASW,CE,Combined TRACON& Tower with Radar,15,22,14,56,107,0,2,11,14,27,15,24,25,70,134,0,0,0,134
07/18/2022,CRP,TX,ASW,CE,Combined TRACON& Tower with Radar,13,24,24,131,192,0,2,14,7,23,13,26,38,138,215,0,82,82,297
07/19/2022,CRP,TX,ASW,CE,Combined TRACON& Tower with Radar,14,26,19,149,208,0,6,6,9,21,14,32,25,158,229,0,204,204,433
07/20/2022,CRP,TX,ASW,CE,Combined TRACON& Tower with Radar,15,31,30,143,219,0,4,11,14,29,15,35,41,157,248,0,144,144,392
07/21/2022,CRP,TX,ASW,CE,Combined TRACON& Tower with Radar,18,27,46,70,161,1,1,23,11,36,19,28,69,81,197,2,72,74,271
07/22/2022,CRP,TX,ASW,CE,Combined TRACON& Tower with Radar,16,31,28,70,145,0,8,19,9,36,16,39,47,79,181,0,60,60,241
07/23/2022,CRP,TX,ASW,CE,Combined TRACON& Tower with Radar,10,23,5,65,103,0,5,2,6,13,10,28,7,71,116,2,18,20,136
07/24/2022,CRP,TX,ASW,CE,Combined TRACON& Tower with Radar,13,26,16,59,114,0,4,10,6,20,13,30,26,65,134,2,24,26,160
07/25/2022,CRP,TX,ASW,CE,Combined TRACON& Tower with Radar,18,21,21,119,179,0,1,14,13,28,18,22,35,132,207,2,76,78,285
07/26/2022,CRP,TX,ASW,CE,Combined TRACON& Tower with Radar,19,21,29,91,160,0,4,19,10,33,19,25,48,101,193,0,96,96,289
07/27/2022,CRP,TX,ASW,CE,Combined TRACON& Tower with Radar,14,25,23,127,189,0,1,9,9,19,14,26,32,136,208,0,78,78,286
07/28/2022,CRP,TX,ASW,CE,Combined TRACON& Tower with Radar,14,26,37,71,148,0,5,4,15,24,14,31,41,86,172,4,176,180,352
07/29/2022,CRP,TX,ASW,CE,Combined TRACON& Tower with Radar,12,28,27,88,155,0,4,15,8,27,12,32,42,96,182,0,78,78,260
07/30/2022,CRP,TX,ASW,CE,Combined TRACON& Tower with Radar,11,17,7,62,97,0,1,13,6,20,11,18,20,68,117,0,34,34,151
07/31/2022,CRP,TX,ASW,CE,Combined TRACON& Tower with Radar,13,23,13,63,112,0,0,5,9,14,13,23,18,72,126,4,52,56,182
08/01/2022,CRP,TX,ASW,CE,Combined TRACON& Tower with Radar,16,29,21,93,159,0,2,8,16,26,16,31,29,109,185,0,130,130,315
08/02/2022,CRP,TX,ASW,CE,Combined TRACON& Tower with Radar,14,29,22,76,141,0,2,13,7,22,14,31,35,83,163,0,98,98,261
08/03/2022,CRP,TX,ASW,CE,Combined TRACON& Tower with Radar,12,25,27,78,142,0,3,9,14,26,12,28,36,92,168,0,70,70,238
08/04/2022,CRP,TX,ASW,CE,Combined TRACON& Tower with Radar,13,34,24,98,169,0,5,19,11,35,13,39,43,109,204,4,218,222,426
08/05/2022,CRP,TX,ASW,CE,Combined TRACON& Tower with Radar,15,29,24,66,134,0,3,15,12,30,15,32,39,78,164,0,110,110,274
08/06/2022,CRP,TX,ASW,CE,Combined TRACON& Tower with Radar,14,25,7,22,68,0,1,0,6,7,14,26,7,28,75,0,10,10,85
08/07/2022,CRP,TX,ASW,CE,Combined TRACON& Tower with Radar,14,24,7,86,131,0,2,5,4,11,14,26,12,90,142,0,82,82,224
08/08/2022,CRP,TX,ASW,CE,Combined TRACON& Tower with Radar,14,34,19,114,181,0,2,8,9,19,14,36,27,123,200,0,60,60,260
08/09/2022,CRP,TX,ASW,CE,Combined TRACON& Tower with Radar,13,25,31,115,184,0,4,11,13,28,13,29,42,128,212,0,84,84,296
08/10/2022,CRP,TX,ASW,CE,Combined TRACON& Tower with Radar,17,33,30,158,238,0,2,16,8,26,17,35,46,166,264,0,118,118,382
08/11/2022,CRP,TX,ASW,CE,Combined TRACON& Tower with Radar,18,33,43,52,146,0,5,14,12,31,18,38,57,64,177,2,104,106,283
08/12/2022,CRP,TX,ASW,CE,Combined TRACON& Tower with Radar,14,32,33,35,114,0,1,10,8,19,14,33,43,43,133,4,82,86,219
08/13/2022,CRP,TX,ASW,CE,Combined TRACON& Tower with Radar,9,19,9,20,57,0,0,7,9,16,9,19,16,29,73,0,26,26,99
08/14/2022,CRP,TX,ASW,CE,Combined TRACON& Tower with Radar,16,18,17,8,59,0,0,0,4,4,16,18,17,12,63,0,4,4,67
08/15/2022,CRP,TX,ASW,CE,Combined TRACON& Tower with Radar,14,25,13,86,138,0,1,5,23,29,14,26,18,109,167,0,104,104,271
08/16/2022,CRP,TX,ASW,CE,Combined TRACON& Tower with Radar,17,23,17,94,151,0,5,13,13,31,17,28,30,107,182,0,94,94,276
08/17/2022,CRP,TX,ASW,CE,Combined TRACON& Tower with Radar,15,30,37,112,194,0,5,16,12,33,15,35,53,124,227,0,66,66,293
08/18/2022,CRP,TX,ASW,CE,Combined TRACON& Tower with Radar,35,22,26,160,243,0,1,14,9,24,35,23,40,169,267,2,182,184,451
08/19/2022,CRP,TX,ASW,CE,Combined TRACON& Tower with Radar,17,22,27,79,145,0,3,8,17,28,17,25,35,96,173,0,120,120,293
08/20/2022,CRP,TX,ASW,CE,Combined TRACON& Tower with Radar,13,15,9,70,107,0,1,7,14,22,13,16,16,84,129,0,50,50,179
08/21/2022,CRP,TX,ASW,CE,Combined TRACON& Tower with Radar,15,25,11,75,126,0,1,1,16,18,15,26,12,91,144,0,30,30,174
08/22/2022,CRP,TX,ASW,CE,Combined TRACON& Tower with Radar,16,27,21,153,217,0,1,10,46,57,16,28,31,199,274,0,138,138,412
08/23/2022,CRP,TX,ASW,CE,Combined TRACON& Tower with Radar,17,37,32,55,141,0,4,8,11,23,17,41,40,66,164,0,200,200,364
08/24/2022,CRP,TX,ASW,CE,Combined TRACON& Tower with Radar,17,32,28,62,139,0,0,6,14,20,17,32,34,76,159,0,176,176,335
08/25/2022,CRP,TX,ASW,CE,Combined TRACON& Tower with Radar,17,22,38,107,184,0,0,2,15,17,17,22,40,122,201,8,142,150,351
08/26/2022,CRP,TX,ASW,CE,Combined TRACON& Tower with Radar,16,26,27,119,188,0,0,7,10,17,16,26,34,129,205,0,104,104,309
08/27/2022,CRP,TX,ASW,CE,Combined TRACON& Tower with Radar,12,20,12,65,109,0,2,21,21,44,12,22,33,86,153,0,20,20,173
08/28/2022,CRP,TX,ASW,CE,Combined TRACON& Tower with Radar,16,20,26,70,132,0,0,15,20,35,16,20,41,90,167,0,36,36,203
08/29/2022,CRP,TX,ASW,CE,Combined TRACON& Tower with Radar,15,20,22,75,132,0,4,13,10,27,15,24,35,85,159,0,74,74,233
08/30/2022,CRP,TX,ASW,CE,Combined TRACON& Tower with Radar,17,33,31,89,170,0,5,18,19,42,17,38,49,108,212,0,132,132,344
08/31/2022,CRP,TX,ASW,CE,Combined TRACON& Tower with Radar,15,32,27,106,180,0,4,11,14,29,15,36,38,120,209,0,116,116,325
09/01/2022,CRP,TX,ASW,CE,Combined TRACON& Tower with Radar,17,30,29,110,186,0,5,18,16,39,17,35,47,126,225,20,222,242,467
09/02/2022,CRP,TX,ASW,CE,Combined TRACON& Tower with Radar,18,27,20,50,115,0,1,24,15,40,18,28,44,65,155,18,180,198,353
09/03/2022,CRP,TX,ASW,CE,Combined TRACON& Tower with Radar,11,24,8,5,48,0,0,0,2,2,11,24,8,7,50,0,14,14,64
09/04/2022,CRP,TX,ASW,CE,Combined TRACON& Tower with Radar,7,15,3,7,32,0,0,1,2,3,7,15,4,9,35,0,0,0,35
09/05/2022,CRP,TX,ASW,CE,Combined TRACON& Tower with Radar,18,26,5,18,67,0,2,2,3,7,18,28,7,21,74,0,10,10,84
09/06/2022,CRP,TX,ASW,CE,Combined TRACON& Tower with Radar,16,31,28,86,161,0,1,14,8,23,16,32,42,94,184,0,50,50,234
09/07/2022,CRP,TX,ASW,CE,Combined TRACON& Tower with Radar,19,23,23,93,158,0,4,18,16,38,19,27,41,109,196,0,156,156,352
09/08/2022,CRP,TX,ASW,CE,Combined TRACON& Tower with Radar,22,21,44,52,139,0,1,30,21,52,22,22,74,73,191,14,54,68,259
09/09/2022,CRP,TX,ASW,CE,Combined TRACON& Tower with Radar,22,23,36,91,172,0,8,16,8,32,22,31,52,99,204,2,92,94,298
09/10/2022,CRP,TX,ASW,CE,Combined TRACON& Tower with Radar,14,14,22,32,82,0,2,24,19,45,14,16,46,51,127,20,22,42,169
09/11/2022,CRP,TX,ASW,CE,Combined TRACON& Tower with Radar,22,16,11,73,122,0,4,20,27,51,22,20,31,100,173,0,84,84,257
09/12/2022,CRP,TX,ASW,CE,Combined TRACON& Tower with Radar,24,24,18,129,195,0,3,19,15,37,24,27,37,144,232,0,10,10,242
09/13/2022,CRP,TX,ASW,CE,Combined TRACON& Tower with Radar,20,24,28,138,210,0,3,22,16,41,20,27,50,154,251,0,74,74,325
09/14/2022,CRP,TX,ASW,CE,Combined TRACON& Tower with Radar,20,22,37,95,174,0,4,28,19,51,20,26,65,114,225,0,102,102,327
09/15/2022,CRP,TX,ASW,CE,Combined TRACON& Tower with Radar,22,22,27,70,141,0,5,25,20,50,22,27,52,90,191,26,72,98,289
09/16/2022,CRP,TX,ASW,CE,Combined TRACON& Tower with Radar,24,20,25,45,114,0,0,7,13,20,24,20,32,58,134,0,96,96,230
09/17/2022,CRP,TX,ASW,CE,Combined TRACON& Tower with Radar,14,21,16,54,105,0,2,11,23,36,14,23,27,77,141,0,36,36,177
09/18/2022,CRP,TX,ASW,CE,Combined TRACON& Tower with Radar,24,16,23,27,90,0,4,7,22,33,24,20,30,49,123,0,30,30,153
09/19/2022,CRP,TX,ASW,CE,Combined TRACON& Tower with Radar,23,16,28,56,123,0,3,17,15,35,23,19,45,71,158,0,98,98,256
09/20/2022,CRP,TX,ASW,CE,Combined TRACON& Tower with Radar,20,24,30,93,167,0,3,15,14,32,20,27,45,107,199,0,152,152,351
09/21/2022,CRP,TX,ASW,CE,Combined TRACON& Tower with Radar,20,25,32,104,181,0,5,11,17,33,20,30,43,121,214,0,38,38,252
09/22/2022,CRP,TX,ASW,CE,Combined TRACON& Tower with Radar,22,34,37,104,197,0,7,24,15,46,22,41,61,119,243,0,68,68,311
09/23/2022,CRP,TX,ASW,CE,Combined TRACON& Tower with Radar,23,24,32,92,171,0,2,33,15,50,23,26,65,107,221,0,18,18,239
09/24/2022,CRP,TX,ASW,CE,Combined TRACON& Tower with Radar,14,28,11,31,84,0,4,10,15,29,14,32,21,46,113,0,32,32,145
09/25/2022,CRP,TX,ASW,CE,Combined TRACON& Tower with Radar,22,15,15,52,104,0,10,9,10,29,22,25,24,62,133,0,44,44,177
09/26/2022,CRP,TX,ASW,CE,Combined TRACON& Tower with Radar,24,22,19,76,141,0,5,19,8,32,24,27,38,84,173,0,0,0,173
09/27/2022,CRP,TX,ASW,CE,Combined TRACON& Tower with Radar,20,26,15,78,139,0,8,17,19,44,20,34,32,97,183,0,126,126,309
09/28/2022,CRP,TX,ASW,CE,Combined TRACON& Tower with Radar,20,19,33,102,174,0,4,19,17,40,20,23,52,119,214,0,106,106,320
09/29/2022,CRP,TX,ASW,CE,Combined TRACON& Tower with Radar,24,19,36,102,181,0,4,19,21,44,24,23,55,123,225,0,146,146,371
09/30/2022,CRP,TX,ASW,CE,Combined TRACON& Tower with Radar,22,26,33,49,130,0,4,22,10,36,22,30,55,59,166,0,74,74,240
10/01/2022,CRP,TX,ASW,CE,Combined TRACON& Tower with Radar,14,16,5,42,77,0,6,10,12,28,14,22,15,54,105,0,46,46,151
10/02/2022,CRP,TX,ASW,CE,Combined TRACON& Tower with Radar,24,17,14,36,91,0,8,9,13,30,24,25,23,49,121,0,0,0,121
10/03/2022,CRP,TX,ASW,CE,Combined TRACON& Tower with Radar,24,27,21,86,158,0,6,7,14,27,24,33,28,100,185,4,86,90,275
10/04/2022,CRP,TX,ASW,CE,Combined TRACON& Tower with Radar,20,25,24,78,147,0,5,4,20,29,20,30,28,98,176,0,92,92,268
10/05/2022,CRP,TX,ASW,CE,Combined TRACON& Tower with Radar,20,30,28,86,164,0,6,17,22,45,20,36,45,108,209,2,104,106,315
10/06/2022,CRP,TX,ASW,CE,Combined TRACON& Tower with Radar,20,35,42,63,160,0,2,22,8,32,20,37,64,71,192,24,10,34,226
10/07/2022,CRP,TX,ASW,CE,Combined TRACON& Tower with Radar,21,28,32,61,142,0,5,23,4,32,21,33,55,65,174,0,46,46,220
10/08/2022,CRP,TX,ASW,CE,Combined TRACON& Tower with Radar,17,25,20,26,88,0,7,32,15,54,17,32,52,41,142,6,30,36,178
10/09/2022,CRP,TX,ASW,CE,Combined TRACON& Tower with Radar,17,15,18,23,73,0,1,16,13,30,17,16,34,36,103,0,0,0,103
10/10/2022,CRP,TX,ASW,CE,Combined TRACON& Tower with Radar,19,26,18,14,77,0,7,17,11,35,19,33,35,25,112,0,30,30,142
10/11/2022,CRP,TX,ASW,CE,Combined TRACON& Tower with Radar,20,19,37,120,196,0,3,18,17,38,20,22,55,137,234,0,94,94,328
10/12/2022,CRP,TX,ASW,CE,Combined TRACON& Tower with Radar,20,22,25,84,151,0,7,16,14,37,20,29,41,98,188,0,92,92,280
10/13/2022,CRP,TX,ASW,CE,Combined TRACON& Tower with Radar,21,27,46,89,183,0,0,14,19,33,21,27,60,108,216,0,146,146,362
10/14/2022,CRP,TX,ASW,CE,Combined TRACON& Tower with Radar,20,28,20,78,146,0,3,14,12,29,20,31,34,90,175,0,96,96,271
10/15/2022,CRP,TX,ASW,CE,Combined TRACON& Tower with Radar,15,27,14,28,84,0,5,12,21,38,15,32,26,49,122,0,62,62,184
10/16/2022,CRP,TX,ASW,CE,Combined TRACON& Tower with Radar,19,22,20,30,91,0,5,12,15,32,19,27,32,45,123,6,24,30,153
10/17/2022,CRP,TX,ASW,CE,Combined TRACON& Tower with Radar,19,25,31,66,141,0,0,0,3,3,19,25,31,69,144,0,22,22,166
10/18/2022,CRP,TX,ASW,CE,Combined TRACON& Tower with Radar,18,22,21,61,122,0,6,8,8,22,18,28,29,69,144,0,100,100,244
10/19/2022,CRP,TX,ASW,CE,Combined TRACON& Tower with Radar,20,30,26,96,172,0,6,19,22,47,20,36,45,118,219,0,104,104,323
10/20/2022,CRP,TX,ASW,CE,Combined TRACON& Tower with Radar,20,25,33,81,159,0,3,31,17,51,20,28,64,98,210,0,60,60,270
10/21/2022,CRP,TX,ASW,CE,Combined TRACON& Tower with Radar,21,30,24,31,106,0,7,13,19,39,21,37,37,50,145,0,40,40,185
10/22/2022,CRP,TX,ASW,CE,Combined TRACON& Tower with Radar,15,26,27,51,119,0,8,13,18,39,15,34,40,69,158,0,88,88,246
10/23/2022,CRP,TX,ASW,CE,Combined TRACON& Tower with Radar,21,23,12,50,106,0,7,7,27,41,21,30,19,77,147,0,172,172,319
10/24/2022,CRP,TX,ASW,CE,Combined TRACON& Tower with Radar,16,24,31,108,179,0,5,2,29,36,16,29,33,137,215,0,198,198,413
10/25/2022,CRP,TX,ASW,CE,Combined TRACON& Tower with Radar,19,23,31,103,176,0,4,11,32,47,19,27,42,135,223,0,70,70,293
10/26/2022,CRP,TX,ASW,CE,Combined TRACON& Tower with Radar,20,26,30,88,164,0,9,25,30,64,20,35,55,118,228,0,114,114,342
10/27/2022,CRP,TX,ASW,CE,Combined TRACON& Tower with Radar,21,25,50,113,209,0,5,10,20,35,21,30,60,133,244,0,158,158,402
10/28/2022,CRP,TX,ASW,CE,Combined TRACON& Tower with Radar,25,24,27,56,132,0,6,4,11,21,25,30,31,67,153,0,98,98,251
10/29/2022,CRP,TX,ASW,CE,Combined TRACON& Tower with Radar,14,22,17,28,81,0,4,20,16,40,14,26,37,44,121,8,36,44,165
10/30/2022,CRP,TX,ASW,CE,Combined TRACON& Tower with Radar,24,11,18,25,78,0,6,17,17,40,24,17,35,42,118,0,0,0,118
10/31/2022,CRP,TX,ASW,CE,Combined TRACON& Tower with Radar,20,15,16,94,145,0,5,5,24,34,20,20,21,118,179,0,64,64,243
11/01/2022,CRP,TX,ASW,CE,Combined TRACON& Tower with Radar,19,20,22,113,174,0,0,0,2,2,19,20,22,115,176,0,10,10,186
11/02/2022,CRP,TX,ASW,CE,Combined TRACON& Tower with Radar,24,26,38,99,187,0,0,3,16,19,24,26,41,115,206,0,0,0,206
11/03/2022,CRP,TX,ASW,CE,Combined TRACON& Tower with Radar,21,21,31,53,126,0,7,20,19,46,21,28,51,72,172,0,68,68,240
11/04/2022,CRP,TX,ASW,CE,Combined TRACON& Tower with Radar,18,21,44,96,179,0,2,9,23,34,18,23,53,119,213,0,158,158,371
11/05/2022,CRP,TX,ASW,CE,Combined TRACON& Tower with Radar,16,12,13,104,145,0,1,19,25,45,16,13,32,129,190,4,144,148,338
11/06/2022,CRP,TX,ASW,CE,Combined TRACON& Tower with Radar,24,12,28,76,140,0,0,9,20,29,24,12,37,96,169,0,42,42,211
11/07/2022,CRP,TX,ASW,CE,Combined TRACON& Tower with Radar,21,22,16,94,153,0,0,4,12,16,21,22,20,106,169,0,84,84,253
11/08/2022,CRP,TX,ASW,CE,Combined TRACON& Tower with Radar,21,27,36,140,224,0,4,7,20,31,21,31,43,160,255,0,88,88,343
11/09/2022,CRP,TX,ASW,CE,Combined TRACON& Tower with Radar,18,23,27,141,209,0,6,14,18,38,18,29,41,159,247,0,86,86,333
11/10/2022,CRP,TX,ASW,CE,Combined TRACON& Tower with Radar,20,16,37,108,181,0,2,13,20,35,20,18,50,128,216,0,102,102,318
11/11/2022,CRP,TX,ASW,CE,Combined TRACON& Tower with Radar,22,19,16,36,93,0,4,6,27,37,22,23,22,63,130,14,146,160,290
11/12/2022,CRP,TX,ASW,CE,Combined TRACON& Tower with Radar,16,14,9,60,99,0,4,15,39,58,16,18,24,99,157,0,156,156,313
11/13/2022,CRP,TX,ASW,CE,Combined TRACON& Tower with Radar,24,15,21,44,104,0,3,7,30,40,24,18,28,74,144,0,82,82,226
11/14/2022,CRP,TX,ASW,CE,Combined TRACON& Tower with Radar,22,22,16,127,187,0,2,0,4,6,22,24,16,131,193,0,36,36,229
11/15/2022,CRP,TX,ASW,CE,Combined TRACON& Tower with Radar,20,24,34,91,169,0,5,22,17,44,20,29,56,108,213,0,106,106,319
11/16/2022,CRP,TX,ASW,CE,Combined TRACON& Tower with Radar,18,29,25,113,185,0,3,11,9,23,18,32,36,122,208,0,146,146,354
11/17/2022,CRP,TX,ASW,CE,Combined TRACON& Tower with Radar,22,29,25,123,199,0,4,27,20,51,22,33,52,143,250,2,174,176,426
11/18/2022,CRP,TX,ASW,CE,Combined TRACON& Tower with Radar,22,21,24,92,159,0,4,10,5,19,22,25,34,97,178,0,21,21,199
11/19/2022,CRP,TX,ASW,CE,Combined TRACON& Tower with Radar,19,14,11,18,62,0,0,0,3,3,19,14,11,21,65,0,20,20,85
11/20/2022,CRP,TX,ASW,CE,Combined TRACON& Tower with Radar,25,10,19,138,192,0,0,17,8,25,25,10,36,146,217,0,20,20,237
11/21/2022,CRP,TX,ASW,CE,Combined TRACON& Tower with Radar,24,22,20,134,200,0,0,0,1,1,24,22,20,135,201,0,0,0,201
11/22/2022,CRP,TX,ASW,CE,Combined TRACON& Tower with Radar,24,23,24,138,209,0,0,0,10,10,24,23,24,148,219,30,121,151,370
11/23/2022,CRP,TX,ASW,CE,Combined TRACON& Tower with Radar,18,19,28,29,94,0,2,2,4,8,18,21,30,33,102,0,34,34,136
11/24/2022,CRP,TX,ASW,CE,Combined TRACON& Tower with Radar,16,9,6,0,31,0,0,0,0,0,16,9,6,0,31,0,0,0,31
11/25/2022,CRP,TX,ASW,CE,Combined TRACON& Tower with Radar,22,27,4,9,62,0,0,0,1,1,22,27,4,10,63,0,0,0,63
11/26/2022,CRP,TX,ASW,CE,Combined TRACON& Tower with Radar,18,17,13,22,70,0,6,20,11,37,18,23,33,33,107,6,20,26,133
11/27/2022,CRP,TX,ASW,CE,Combined TRACON& Tower with Radar,27,17,12,24,80,0,0,26,5,31,27,17,38,29,111,4,32,36,147
11/28/2022,CRP,TX,ASW,CE,Combined TRACON& Tower with Radar,23,21,25,62,131,0,0,0,0,0,23,21,25,62,131,0,0,0,131
11/29/2022,CRP,TX,ASW,CE,Combined TRACON& Tower with Radar,19,24,31,125,199,0,1,13,10,24,19,25,44,135,223,0,40,40,263
11/30/2022,CRP,TX,ASW,CE,Combined TRACON& Tower with Radar,15,17,24,119,175,0,2,32,18,52,15,19,56,137,227,0,170,170,397
12/01/2022,CRP,TX,ASW,CE,Combined TRACON& Tower with Radar,19,29,35,40,123,0,0,26,3,29,19,29,61,43,152,0,70,70,222
12/02/2022,CRP,TX,ASW,CE,Combined TRACON& Tower with Radar,20,17,19,19,75,0,0,2,0,2,20,17,21,19,77,0,0,0,77
12/03/2022,CRP,TX,ASW,CE,Combined TRACON& Tower with Radar,14,20,16,48,98,0,1,0,2,3,14,21,16,50,101,0,0,0,101
12/04/2022,CRP,TX,ASW,CE,Combined TRACON& Tower with Radar,20,15,25,62,122,0,0,2,0,2,20,15,27,62,124,0,0,0,124
12/05/2022,CRP,TX,ASW,CE,Combined TRACON& Tower with Radar,20,15,26,135,196,0,3,9,17,29,20,18,35,152,225,0,29,29,254
12/06/2022,CRP,TX,ASW,CE,Combined TRACON& Tower with Radar,18,22,29,181,250,0,3,9,19,31,18,25,38,200,281,0,154,154,435
12/07/2022,CRP,TX,ASW,CE,Combined TRACON& Tower with Radar,16,20,29,124,189,0,2,14,10,26,16,22,43,134,215,0,226,226,441
12/08/2022,CRP,TX,ASW,CE,Combined TRACON& Tower with Radar,16,17,25,10,68,0,0,15,7,22,16,17,40,17,90,4,0,4,94
12/09/2022,CRP,TX,ASW,CE,Combined TRACON& Tower with Radar,20,14,26,66,126,0,1,9,15,25,20,15,35,81,151,0,50,50,201
12/10/2022,CRP,TX,ASW,CE,Combined TRACON& Tower with Radar,13,18,10,34,75,0,4,5,2,11,13,22,15,36,86,20,20,40,126
12/11/2022,CRP,TX,ASW,CE,Combined TRACON& Tower with Radar,22,12,22,34,90,0,2,6,12,20,22,14,28,46,110,0,8,8,118
12/12/2022,CRP,TX,ASW,CE,Combined TRACON& Tower with Radar,20,18,40,127,205,0,2,6,11,19,20,20,46,138,224,0,70,70,294
12/13/2022,CRP,TX,ASW,CE,Combined TRACON& Tower with Radar,17,15,30,128,190,0,2,9,21,32,17,17,39,149,222,0,268,268,490
12/14/2022,CRP,TX,ASW,CE,Combined TRACON& Tower with Radar,17,16,20,108,161,0,4,23,19,46,17,20,43,127,207,4,186,190,397
12/15/2022,CRP,TX,ASW,CE,Combined TRACON& Tower with Radar,20,21,47,77,165,0,6,61,26,93,20,27,108,103,258,3,111,114,372
12/16/2022,CRP,TX,ASW,CE,Combined TRACON& Tower with Radar,22,21,36,63,142,0,2,9,16,27,22,23,45,79,169,2,178,180,349
12/17/2022,CRP,TX,ASW,CE,Combined TRACON& Tower with Radar,15,12,13,25,65,0,2,8,15,25,15,14,21,40,90,11,81,92,182
12/18/2022,CRP,TX,ASW,CE,Combined TRACON& Tower with Radar,26,14,5,64,109,0,4,7,16,27,26,18,12,80,136,6,90,96,232
12/19/2022,CRP,TX,ASW,CE,Combined TRACON& Tower with Radar,20,9,15,85,129,0,0,0,0,0,20,9,15,85,129,0,0,0,129
12/20/2022,CRP,TX,ASW,CE,Combined TRACON& Tower with Radar,18,21,28,97,164,0,1,4,11,16,18,22,32,108,180,0,142,142,322
12/21/2022,CRP,TX,ASW,CE,Combined TRACON& Tower with Radar,24,27,25,111,187,0,2,11,7,20,24,29,36,118,207,10,47,57,264
12/22/2022,CRP,TX,ASW,CE,Combined TRACON& Tower with Radar,18,19,16,66,119,0,0,2,3,5,18,19,18,69,124,0,0,0,124
12/23/2022,CRP,TX,ASW,CE,Combined TRACON& Tower with Radar,18,18,11,0,47,0,5,9,7,21,18,23,20,7,68,0,0,0,68
12/24/2022,CRP,TX,ASW,CE,Combined TRACON& Tower with Radar,10,10,5,0,25,0,1,5,1,7,10,11,10,1,32,0,0,0,32
12/25/2022,CRP,TX,ASW,CE,Combined TRACON& Tower with Radar,13,8,3,0,24,0,5,12,1,18,13,13,15,1,42,0,0,0,42
12/26/2022,CRP,TX,ASW,CE,Combined TRACON& Tower with Radar,13,15,12,0,40,0,5,14,4,23,13,20,26,4,63,0,0,0,63
12/27/2022,CRP,TX,ASW,CE,Combined TRACON& Tower with Radar,14,19,21,21,75,0,6,25,8,39,14,25,46,29,114,0,31,31,145
12/28/2022,CRP,TX,ASW,CE,Combined TRACON& Tower with Radar,18,19,13,37,87,0,0,19,17,36,18,19,32,54,123,0,89,89,212
12/29/2022,CRP,TX,ASW,CE,Combined TRACON& Tower with Radar,15,14,20,27,76,0,3,5,10,18,15,17,25,37,94,0,63,63,157
12/30/2022,CRP,TX,ASW,CE,Combined TRACON& Tower with Radar,24,18,19,0,61,0,10,16,9,35,24,28,35,9,96,4,10,14,110
12/31/2022,CRP,TX,ASW,CE,Combined TRACON& Tower with Radar,13,13,3,0,29,0,3,18,2,23,13,16,21,2,52,4,0,4,56
01/01/2023,CRP,TX,ASW,CE,Combined TRACON& Tower with Radar,19,10,6,0,35,0,2,6,0,8,19,12,12,0,43,0,0,0,43
01/02/2023,CRP,TX,ASW,CE,Combined TRACON& Tower with Radar,21,10,23,2,56,0,2,7,1,10,21,12,30,3,66,0,0,0,66
01/03/2023,CRP,TX,ASW,CE,Combined TRACON& Tower with Radar,24,12,17,30,83,0,3,30,11,44,24,15,47,41,127,0,69,69,196
01/04/2023,CRP,TX,ASW,CE,Combined TRACON& Tower with Radar,23,14,17,54,108,0,3,24,19,46,23,17,41,73,154,0,69,69,223
01/05/2023,CRP,TX,ASW,CE,Combined TRACON& Tower with Radar,23,12,17,105,157,0,6,36,15,57,23,18,53,120,214,0,249,249,463
01/06/2023,CRP,TX,ASW,CE,Combined TRACON& Tower with Radar,21,13,34,43,111,0,0,17,17,34,21,13,51,60,145,6,107,113,258
01/07/2023,CRP,TX,ASW,CE,Combined TRACON& Tower with Radar,14,11,8,33,66,0,3,5,18,26,14,14,13,51,92,0,55,55,147
01/08/2023,CRP,TX,ASW,CE,Combined TRACON& Tower with Radar,22,7,16,60,105,0,1,15,8,24,22,8,31,68,129,25,3,28,157
01/09/2023,CRP,TX,ASW,CE,Combined TRACON& Tower with Radar,24,17,26,99,166,0,2,3,8,13,24,19,29,107,179,0,24,24,203
01/10/2023,CRP,TX,ASW,CE,Combined TRACON& Tower with Radar,22,13,23,104,162,0,0,9,7,16,22,13,32,111,178,0,38,38,216
01/11/2023,CRP,TX,ASW,CE,Combined TRACON& Tower with Radar,22,22,31,91,166,0,2,14,11,27,22,24,45,102,193,8,30,38,231
01/12/2023,CRP,TX,ASW,CE,Combined TRACON& Tower with Radar,24,15,23,69,131,0,2,34,24,60,24,17,57,93,191,0,265,265,456
01/13/2023,CRP,TX,ASW,CE,Combined TRACON& Tower with Radar,24,14,28,64,130,0,4,23,12,39,24,18,51,76,169,0,65,65,234
01/14/2023,CRP,TX,ASW,CE,Combined TRACON& Tower with Radar,12,11,4,32,59,0,2,25,20,47,12,13,29,52,106,3,74,77,183
01/15/2023,CRP,TX,ASW,CE,Combined TRACON& Tower with Radar,20,9,6,1,36,0,1,6,5,12,20,10,12,6,48,0,0,0,48
01/16/2023,CRP,TX,ASW,CE,Combined TRACON& Tower with Radar,22,16,22,35,95,0,1,16,10,27,22,17,38,45,122,10,41,51,173
01/17/2023,CRP,TX,ASW,CE,Combined TRACON& Tower with Radar,22,16,28,109,175,0,0,12,7,19,22,16,40,116,194,0,143,143,337
01/18/2023,CRP,TX,ASW,CE,Combined TRACON& Tower with Radar,22,14,26,104,166,0,0,13,26,39,22,14,39,130,205,0,179,179,384
01/19/2023,CRP,TX,ASW,CE,Combined TRACON& Tower with Radar,26,16,33,42,117,0,2,31,20,53,26,18,64,62,170,0,61,61,231
01/20/2023,CRP,TX,ASW,CE,Combined TRACON& Tower with Radar,24,15,33,92,164,0,3,8,4,15,24,18,41,96,179,0,16,16,195
01/21/2023,CRP,TX,ASW,CE,Combined TRACON& Tower with Radar,14,9,18,88,129,0,1,0,2,3,14,10,18,90,132,16,46,62,194
01/22/2023,CRP,TX,ASW,CE,Combined TRACON& Tower with Radar,21,10,13,48,92,0,0,19,30,49,21,10,32,78,141,6,65,71,212
01/23/2023,CRP,TX,ASW,CE,Combined TRACON& Tower with Radar,24,9,24,107,164,0,2,10,10,22,24,11,34,117,186,0,68,68,254
01/24/2023,CRP,TX,ASW,CE,Combined TRACON& Tower with Radar,32,12,18,73,135,0,2,0,6,8,32,14,18,79,143,0,60,60,203
01/25/2023,CRP,TX,ASW,CE,Combined TRACON& Tower with Radar,22,15,38,177,252,0,3,17,12,32,22,18,55,189,284,0,102,102,386
01/26/2023,CRP,TX,ASW,CE,Combined TRACON& Tower with Radar,24,16,33,132,205,0,1,35,29,65,24,17,68,161,270,3,168,171,441
01/27/2023,CRP,TX,ASW,CE,Combined TRACON& Tower with Radar,25,17,28,84,154,0,6,2,12,20,25,23,30,96,174,2,57,59,233
01/28/2023,CRP,TX,ASW,CE,Combined TRACON& Tower with Radar,15,8,6,79,108,0,0,1,5,6,15,8,7,84,114,0,9,9,123
01/29/2023,CRP,TX,ASW,CE,Combined TRACON& Tower with Radar,21,8,24,52,105,0,0,5,3,8,21,8,29,55,113,10,8,18,131
01/30/2023,CRP,TX,ASW,CE,Combined TRACON& Tower with Radar,22,9,10,11,52,0,0,0,0,0,22,9,10,11,52,0,0,0,52
01/31/2023,CRP,TX,ASW,CE,Combined TRACON& Tower with Radar,18,13,9,40,80,0,0,1,0,1,18,13,10,40,81,0,0,0,81
02/01/2023,CRP,TX,ASW,CE,Combined TRACON& Tower with Radar,14,16,7,47,84,0,0,0,1,1,14,16,7,48,85,0,0,0,85
02/02/2023,CRP,TX,ASW,CE,Combined TRACON& Tower with Radar,22,15,26,115,178,0,1,5,11,17,22,16,31,126,195,0,96,96,291
02/03/2023,CRP,TX,ASW,CE,Combined TRACON& Tower with Radar,26,18,29,99,172,0,1,17,22,40,26,19,46,121,212,2,91,93,305
02/04/2023,CRP,TX,ASW,CE,Combined TRACON& Tower with Radar,20,16,10,48,94,0,0,24,25,49,20,16,34,73,143,0,71,71,214
02/05/2023,CRP,TX,ASW,CE,Combined TRACON& Tower with Radar,24,7,7,76,114,0,4,27,20,51,24,11,34,96,165,0,23,23,188
02/06/2023,CRP,TX,ASW,CE,Combined TRACON& Tower with Radar,26,12,23,148,209,0,2,10,21,33,26,14,33,169,242,0,47,47,289
02/07/2023,CRP,TX,ASW,CE,Combined TRACON& Tower with Radar,24,19,26,84,153,0,1,7,21,29,24,20,33,105,182,0,90,90,272
02/08/2023,CRP,TX,ASW,CE,Combined TRACON& Tower with Radar,24,14,14,61,113,0,1,9,14,24,24,15,23,75,137,0,69,69,206
02/09/2023,CRP,TX,ASW,CE,Combined TRACON& Tower with Radar,26,15,46,91,178,0,1,33,22,56,26,16,79,113,234,0,47,47,281
02/10/2023,CRP,TX,ASW,CE,Combined TRACON& Tower with Radar,23,15,17,98,153,0,0,10,18,28,23,15,27,116,181,4,66,70,251
02/11/2023,CRP,TX,ASW,CE,Combined TRACON& Tower with Radar,20,15,10,72,117,0,2,17,26,45,20,17,27,98,162,8,59,67,229
02/12/2023,CRP,TX,ASW,CE,Combined TRACON& Tower with Radar,23,14,8,52,97,0,1,25,23,49,23,15,33,75,146,14,56,70,216
02/13/2023,CRP,TX,ASW,CE,Combined TRACON& Tower with Radar,24,21,20,98,163,0,2,21,13,36,24,23,41,111,199,0,58,58,257
02/14/2023,CRP,TX,ASW,CE,Combined TRACON& Tower with Radar,21,26,27,116,190,0,2,12,20,34,21,28,39,136,224,0,89,89,313
02/15/2023,CRP,TX,ASW,CE,Combined TRACON& Tower with Radar,23,23,36,72,154,0,0,4,7,11,23,23,40,79,165,2,34,36,201
02/16/2023,CRP,TX,ASW,CE,Combined TRACON& Tower with Radar,24,20,39,114,197,0,0,7,17,24,24,20,46,131,221,0,71,71,292
02/17/2023,CRP,TX,ASW,CE,Combined TRACON& Tower with Radar,24,26,22,93,165,0,2,31,13,46,24,28,53,106,211,0,88,88,299
02/18/2023,CRP,TX,ASW,CE,Combined TRACON& Tower with Radar,18,17,8,81,124,0,2,11,9,22,18,19,19,90,146,16,48,64,210
02/19/2023,CRP,TX,ASW,CE,Combined TRACON& Tower with Radar,21,17,12,45,95,0,1,11,18,30,21,18,23,63,125,2,77,79,204
02/20/2023,CRP,TX,ASW,CE,Combined TRACON& Tower with Radar,26,24,25,34,109,0,1,4,6,11,26,25,29,40,120,0,0,0,120
02/21/2023,CRP,TX,ASW,CE,Combined TRACON& Tower with Radar,27,22,25,86,160,0,2,4,11,17,27,24,29,97,177,0,139,139,316
02/22/2023,CRP,TX,ASW,CE,Combined TRACON& Tower with Radar,24,20,21,117,182,0,0,7,18,25,24,20,28,135,207,0,140,140,347
02/23/2023,CRP,TX,ASW,CE,Combined TRACON& Tower with Radar,26,18,31,97,172,0,0,5,11,16,26,18,36,108,188,0,69,69,257
02/24/2023,CRP,TX,ASW,CE,Combined TRACON& Tower with Radar,23,26,22,74,145,0,0,5,13,18,23,26,27,87,163,0,79,79,242
02/25/2023,CRP,TX,ASW,CE,Combined TRACON& Tower with Radar,20,18,11,84,133,0,0,1,1,2,20,18,12,85,135,0,0,0,135
02/26/2023,CRP,TX,ASW,CE,Combined TRACON& Tower with Radar,23,16,16,108,163,0,1,2,11,14,23,17,18,119,177,0,0,0,177
02/27/2023,CRP,TX,ASW,CE,Combined TRACON& Tower with Radar,24,17,28,109,178,0,1,18,14,33,24,18,46,123,211,0,78,78,289
02/28/2023,CRP,TX,ASW,CE,Combined TRACON& Tower with Radar,24,15,23,85,147,0,0,19,14,33,24,15,42,99,180,0,44,44,224
03/01/2023,CRP,TX,ASW,CE,Combined TRACON& Tower with Radar,23,20,44,67,154,0,1,10,14,25,23,21,54,81,179,0,136,136,315
03/02/2023,CRP,TX,ASW,CE,Combined TRACON& Tower with Radar,22,37,41,87,187,0,1,5,5,11,22,38,46,92,198,0,40,40,238
03/03/2023,CRP,TX,ASW,CE,Combined TRACON& Tower with Radar,29,25,33,57,144,0,7,33,17,57,29,32,66,74,201,2,97,99,300
03/04/2023,CRP,TX,ASW,CE,Combined TRACON& Tower with Radar,24,14,9,35,82,0,0,17,11,28,24,14,26,46,110,2,18,20,130
03/05/2023,CRP,TX,ASW,CE,Combined TRACON& Tower with Radar,24,13,12,28,77,0,1,20,7,28,24,14,32,35,105,12,32,44,149
03/06/2023,CRP,TX,ASW,CE,Combined TRACON& Tower with Radar,26,14,19,113,172,0,2,17,9,28,26,16,36,122,200,16,28,44,244
03/07/2023,CRP,TX,ASW,CE,Combined TRACON& Tower with Radar,24,19,29,108,180,0,1,9,15,25,24,20,38,123,205,2,108,110,315
03/08/2023,CRP,TX,ASW,CE,Combined TRACON& Tower with Radar,24,17,35,146,222,0,3,10,14,27,24,20,45,160,249,0,73,73,322
03/09/2023,CRP,TX,ASW,CE,Combined TRACON& Tower with Radar,24,20,35,152,231,0,0,3,23,26,24,20,38,175,257,0,108,108,365
03/10/2023,CRP,TX,ASW,CE,Combined TRACON& Tower with Radar,29,14,41,64,148,0,0,11,22,33,29,14,52,86,181,0,106,106,287
03/11/2023,CRP,TX,ASW,CE,Combined TRACON& Tower with Radar,22,10,14,27,73,0,2,2,9,13,22,12,16,36,86,0,0,0,86
03/12/2023,CRP,TX,ASW,CE,Combined TRACON& Tower with Radar,23,9,9,37,78,0,3,16,22,41,23,12,25,59,119,6,28,34,153
03/13/2023,CRP,TX,ASW,CE,Combined TRACON& Tower with Radar,31,17,34,114,196,0,2,10,19,31,31,19,44,133,227,0,84,84,311
03/14/2023,CRP,TX,ASW,CE,Combined TRACON& Tower with Radar,26,20,30,106,182,0,0,9,10,19,26,20,39,116,201,0,0,0,201
03/15/2023,CRP,TX,ASW,CE,Combined TRACON& Tower with Radar,26,18,22,119,185,0,1,19,24,44,26,19,41,143,229,6,90,96,325
03/16/2023,CRP,TX,ASW,CE,Combined TRACON& Tower with Radar,24,17,30,105,176,0,1,6,12,19,24,18,36,117,195,0,115,115,310
03/17/2023,CRP,TX,ASW,CE,Combined TRACON& Tower with Radar,36,17,24,63,140,0,0,3,14,17,36,17,27,77,157,0,40,40,197
03/18/2023,CRP,TX,ASW,CE,Combined TRACON& Tower with Radar,22,16,10,39,87,0,3,1,7,11,22,19,11,46,98,0,4,4,102
03/19/2023,CRP,TX,ASW,CE,Combined TRACON& Tower with Radar,24,10,16,11,61,0,0,5,12,17,24,10,21,23,78,0,0,0,78
03/20/2023,CRP,TX,ASW,CE,Combined TRACON& Tower with Radar,30,18,23,118,189,0,0,15,16,31,30,18,38,134,220,0,0,0,220
03/21/2023,CRP,TX,ASW,CE,Combined TRACON& Tower with Radar,25,29,24,130,208,0,0,2,8,10,25,29,26,138,218,0,0,0,218
03/22/2023,CRP,TX,ASW,CE,Combined TRACON& Tower with Radar,27,21,40,153,241,0,1,9,18,28,27,22,49,171,269,6,88,94,363
03/23/2023,CRP,TX,ASW,CE,Combined TRACON& Tower with Radar,28,15,34,67,144,0,4,9,17,30,28,19,43,84,174,0,60,60,234
03/24/2023,CRP,TX,ASW,CE,Combined TRACON& Tower with Radar,27,19,25,51,122,0,2,9,10,21,27,21,34,61,143,0,17,17,160
03/25/2023,CRP,TX,ASW,CE,Combined TRACON& Tower with Radar,24,13,19,67,123,0,3,15,15,33,24,16,34,82,156,0,4,4,160
03/26/2023,CRP,TX,ASW,CE,Combined TRACON& Tower with Radar,22,11,16,61,110,0,0,2,6,8,22,11,18,67,118,0,46,46,164
03/27/2023,CRP,TX,ASW,CE,Combined TRACON& Tower with Radar,26,14,23,110,173,0,0,0,7,7,26,14,23,117,180,0,128,128,308
03/28/2023,CRP,TX,ASW,CE,Combined TRACON& Tower with Radar,24,25,21,128,198,0,4,6,21,31,24,29,27,149,229,0,297,297,526
03/29/2023,CRP,TX,ASW,CE,Combined TRACON& Tower with Radar,24,18,38,122,202,0,3,5,22,30,24,21,43,144,232,8,176,184,416
03/30/2023,CRP,TX,ASW,CE,Combined TRACON& Tower with Radar,25,18,36,73,152,0,1,6,18,25,25,19,42,91,177,0,157,157,334
03/31/2023,CRP,TX,ASW,CE,Combined TRACON& Tower with Radar,27,16,40,103,186,0,1,12,8,21,27,17,52,111,207,0,22,22,229
04/01/2023,CRP,TX,ASW,CE,Combined TRACON& Tower with Radar,21,19,18,29,87,0,2,9,5,16,21,21,27,34,103,2,16,18,121
04/02/2023,CRP,TX,ASW,CE,Combined TRACON& Tower with Radar,23,10,21,76,130,0,0,3,12,15,23,10,24,88,145,0,12,12,157
04/03/2023,CRP,TX,ASW,CE,Combined TRACON& Tower with Radar,29,14,22,15,80,0,1,8,7,16,29,15,30,22,96,6,0,6,102
04/04/2023,CRP,TX,ASW,CE,Combined TRACON& Tower with Radar,26,19,30,127,202,0,0,8,21,29,26,19,38,148,231,2,121,123,354
04/05/2023,CRP,TX,ASW,CE,Combined TRACON& Tower with Radar,32,20,17,40,109,0,1,0,4,5,32,21,17,44,114,0,32,32,146
04/06/2023,CRP,TX,ASW,CE,Combined TRACON& Tower with Radar,27,12,21,30,90,0,0,1,0,1,27,12,22,30,91,0,0,0,91
04/07/2023,CRP,TX,ASW,CE,Combined TRACON& Tower with Radar,29,8,12,0,49,0,0,0,0,0,29,8,12,0,49,0,0,0,49
04/08/2023,CRP,TX,ASW,CE,Combined TRACON& Tower with Radar,21,9,14,69,113,0,1,3,2,6,21,10,17,71,119,10,22,32,151
04/09/2023,CRP,TX,ASW,CE,Combined TRACON& Tower with Radar,20,9,15,20,64,0,2,15,7,24,20,11,30,27,88,0,0,0,88
04/10/2023,CRP,TX,ASW,CE,Combined TRACON& Tower with Radar,26,12,32,84,154,0,0,15,21,36,26,12,47,105,190,0,40,40,230
04/11/2023,CRP,TX,ASW,CE,Combined TRACON& Tower with Radar,30,16,37,122,205,0,3,25,13,41,30,19,62,135,246,0,40,40,286
04/12/2023,CRP,TX,ASW,CE,Combined TRACON& Tower with Radar,26,25,43,93,187,0,2,23,16,41,26,27,66,109,228,0,9,9,237
04/13/2023,CRP,TX,ASW,CE,Combined TRACON& Tower with Radar,26,26,34,84,170,0,3,24,17,44,26,29,58,101,214,0,69,69,283
04/14/2023,CRP,TX,ASW,CE,Combined TRACON& Tower with Radar,30,18,33,86,167,0,3,11,7,21,30,21,44,93,188,6,71,77,265
04/15/2023,CRP,TX,ASW,CE,Combined TRACON& Tower with Radar,21,14,15,28,78,0,2,9,9,20,21,16,24,37,98,0,149,149,247
04/16/2023,CRP,TX,ASW,CE,Combined TRACON& Tower with Radar,25,8,20,44,97,0,1,23,12,36,25,9,43,56,133,0,0,0,133
04/17/2023,CRP,TX,ASW,CE,Combined TRACON& Tower with Radar,27,11,23,107,168,0,1,9,9,19,27,12,32,116,187,0,0,0,187
04/18/2023,CRP,TX,ASW,CE,Combined TRACON& Tower with Radar,26,25,18,66,135,0,1,7,8,16,26,26,25,74,151,0,126,126,277
04/19/2023,CRP,TX,ASW,CE,Combined TRACON& Tower with Radar,29,14,29,96,168,0,1,7,9,17,29,15,36,105,185,0,178,178,363
04/20/2023,CRP,TX,ASW,CE,Combined TRACON& Tower with Radar,25,24,47,122,218,0,1,7,7,15,25,25,54,129,233,16,182,198,431
04/21/2023,CRP,TX,ASW,CE,Combined TRACON& Tower with Radar,29,19,45,90,183,0,1,6,7,14,29,20,51,97,197,0,35,35,232
04/22/2023,CRP,TX,ASW,CE,Combined TRACON& Tower with Radar,21,7,40,56,124,0,0,31,12,43,21,7,71,68,167,9,36,45,212
04/23/2023,CRP,TX,ASW,CE,Combined TRACON& Tower with Radar,24,9,4,30,67,0,0,0,6,6,24,9,4,36,73,0,0,0,73
04/24/2023,CRP,TX,ASW,CE,Combined TRACON& Tower with Radar,26,17,34,132,209,0,0,5,15,20,26,17,39,147,229,0,0,0,229
04/25/2023,CRP,TX,ASW,CE,Combined TRACON& Tower with Radar,27,16,27,119,189,0,0,6,4,10,27,16,33,123,199,0,102,102,301
04/26/2023,CRP,TX,ASW,CE,Combined TRACON& Tower with Radar,24,20,49,84,177,0,1,10,7,18,24,21,59,91,195,0,113,113,308
04/27/2023,CRP,TX,ASW,CE,Combined TRACON& Tower with Radar,27,24,23,96,170,0,0,7,8,15,27,24,30,104,185,8,57,65,250
04/28/2023,CRP,TX,ASW,CE,Combined TRACON& Tower with Radar,23,12,32,39,106,0,0,6,6,12,23,12,38,45,118,0,106,106,224
04/29/2023,CRP,TX,ASW,CE,Combined TRACON& Tower with Radar,24,10,14,34,82,0,0,5,7,12,24,10,19,41,94,0,45,45,139
04/30/2023,CRP,TX,ASW,CE,Combined TRACON& Tower with Radar,25,13,28,77,143,0,0,21,17,38,25,13,49,94,181,0,73,73,254
05/01/2023,CRP,TX,ASW,CE,Combined TRACON& Tower with Radar,28,17,24,117,186,0,1,15,13,29,28,18,39,130,215,0,54,54,269
05/02/2023,CRP,TX,ASW,CE,Combined TRACON& Tower with Radar,28,20,45,82,175,0,1,12,9,22,28,21,57,91,197,0,162,162,359
05/03/2023,CRP,TX,ASW,CE,Combined TRACON& Tower with Radar,25,22,46,98,191,0,2,17,6,25,25,24,63,104,216,0,0,0,216
05/04/2023,CRP,TX,ASW,CE,Combined TRACON& Tower with Radar,26,30,43,63,162,0,0,6,8,14,26,30,49,71,176,26,41,67,243
05/05/2023,CRP,TX,ASW,CE,Combined TRACON& Tower with Radar,28,18,38,17,101,0,1,11,8,20,28,19,49,25,121,0,30,30,151
05/06/2023,CRP,TX,ASW,CE,Combined TRACON& Tower with Radar,22,14,20,11,67,0,0,7,4,11,22,14,27,15,78,16,2,18,96
05/07/2023,CRP,TX,ASW,CE,Combined TRACON& Tower with Radar,26,11,17,17,71,0,0,9,5,14,26,11,26,22,85,0,0,0,85
05/08/2023,CRP,TX,ASW,CE,Combined TRACON& Tower with Radar,30,25,33,148,236,0,0,8,8,16,30,25,41,156,252,18,37,55,307
05/09/2023,CRP,TX,ASW,CE,Combined TRACON& Tower with Radar,21,16,38,56,131,0,0,2,17,19,21,16,40,73,150,0,129,129,279
05/10/2023,CRP,TX,ASW,CE,Combined TRACON& Tower with Radar,27,18,43,74,162,0,1,6,15,22,27,19,49,89,184,2,36,38,222
05/11/2023,CRP,TX,ASW,CE,Combined TRACON& Tower with Radar,24,27,52,94,197,0,0,8,5,13,24,27,60,99,210,6,65,71,281
05/12/2023,CRP,TX,ASW,CE,Combined TRACON& Tower with Radar,25,17,20,64,126,0,2,1,2,5,25,19,21,66,131,0,10,10,141
05/13/2023,CRP,TX,ASW,CE,Combined TRACON& Tower with Radar,16,11,4,17,48,0,0,2,5,7,16,11,6,22,55,0,14,14,69
05/14/2023,CRP,TX,ASW,CE,Combined TRACON& Tower with Radar,18,5,10,28,61,0,1,1,11,13,18,6,11,39,74,2,19,21,95
05/15/2023,CRP,TX,ASW,CE,Combined TRACON& Tower with Radar,28,15,29,94,166,0,5,11,15,31,28,20,40,109,197,0,0,0,197
05/16/2023,CRP,TX,ASW,CE,Combined TRACON& Tower with Radar,25,22,33,100,180,0,5,10,14,29,25,27,43,114,209,0,0,0,209
05/17/2023,CRP,TX,ASW,CE,Combined TRACON& Tower with Radar,24,19,42,86,171,0,6,21,21,48,24,25,63,107,219,0,0,0,219
05/18/2023,CRP,TX,ASW,CE,Combined TRACON& Tower with Radar,27,15,28,64,134,0,0,19,26,45,27,15,47,90,179,0,0,0,179
05/19/2023,CRP,TX,ASW,CE,Combined TRACON& Tower with Radar,18,18,45,103,184,0,1,15,20,36,18,19,60,123,220,0,0,0,220
05/20/2023,CRP,TX,ASW,CE,Combined TRACON& Tower with Radar,22,18,6,27,73,0,5,6,20,31,22,23,12,47,104,0,0,0,104
05/21/2023,CRP,TX,ASW,CE,Combined TRACON& Tower with Radar,26,10,22,66,124,0,8,10,22,40,26,18,32,88,164,0,0,0,164
05/22/2023,CRP,TX,ASW,CE,Combined TRACON& Tower with Radar,26,15,12,64,117,0,4,13,28,45,26,19,25,92,162,0,0,0,162
05/23/2023,CRP,TX,ASW,CE,Combined TRACON& Tower with Radar,24,16,32,78,150,0,1,36,17,54,24,17,68,95,204,0,0,0,204
05/24/2023,CRP,TX,ASW,CE,Combined TRACON& Tower with Radar,24,14,36,77,151,0,1,22,29,52,24,15,58,106,203,0,0,0,203
05/25/2023,CRP,TX,ASW,CE,Combined TRACON& Tower with Radar,24,16,40,68,148,0,2,34,15,51,24,18,74,83,199,0,0,0,199
05/26/2023,CRP,TX,ASW,CE,Combined TRACON& Tower with Radar,25,13,19,23,80,0,7,21,11,39,25,20,40,34,119,0,0,0,119
05/27/2023,CRP,TX,ASW,CE,Combined TRACON& Tower with Radar,19,11,13,5,48,0,0,24,16,40,19,11,37,21,88,0,0,0,88
05/28/2023,CRP,TX,ASW,CE,Combined TRACON& Tower with Radar,22,7,8,22,59,0,2,5,25,32,22,9,13,47,91,0,0,0,91
05/29/2023,CRP,TX,ASW,CE,Combined TRACON& Tower with Radar,26,8,17,9,60,0,1,12,15,28,26,9,29,24,88,0,0,0,88
05/30/2023,CRP,TX,ASW,CE,Combined TRACON& Tower with Radar,26,15,37,100,178,0,0,13,22,35,26,15,50,122,213,0,0,0,213
05/31/2023,CRP,TX,ASW,CE,Combined TRACON& Tower with Radar,24,19,35,99,177,0,8,23,32,63,24,27,58,131,240,0,0,0,240
06/01/2023,CRP,TX,ASW,CE,Combined TRACON& Tower with Radar,26,16,38,87,167,0,5,22,14,41,26,21,60,101,208,0,0,0,208
06/02/2023,CRP,TX,ASW,CE,Combined TRACON& Tower with Radar,27,15,26,91,159,0,3,18,23,44,27,18,44,114,203,0,0,0,203
06/03/2023,CRP,TX,ASW,CE,Combined TRACON& Tower with Radar,14,11,13,63,101,0,2,19,33,54,14,13,32,96,155,0,0,0,155
06/04/2023,CRP,TX,ASW,CE,Combined TRACON& Tower with Radar,24,8,13,87,132,0,6,14,21,41,24,14,27,108,173,0,0,0,173
06/05/2023,CRP,TX,ASW,CE,Combined TRACON& Tower with Radar,24,16,22,54,116,0,1,7,10,18,24,17,29,64,134,0,0,0,134
06/06/2023,CRP,TX,ASW,CE,Combined TRACON& Tower with Radar,28,15,25,105,173,0,1,12,11,24,28,16,37,116,197,0,0,0,197
06/07/2023,CRP,TX,ASW,CE,Combined TRACON& Tower with Radar,26,18,25,72,141,0,2,12,25,39,26,20,37,97,180,0,0,0,180
06/08/2023,CRP,TX,ASW,CE,Combined TRACON& Tower with Radar,28,23,38,64,153,0,8,14,16,38,28,31,52,80,191,0,0,0,191
06/09/2023,CRP,TX,ASW,CE,Combined TRACON& Tower with Radar,28,18,28,73,147,0,11,20,15,46,28,29,48,88,193,0,0,0,193
06/10/2023,CRP,TX,ASW,CE,Combined TRACON& Tower with Radar,15,14,10,44,83,0,6,22,20,48,15,20,32,64,131,0,0,0,131
06/11/2023,CRP,TX,ASW,CE,Combined TRACON& Tower with Radar,24,13,22,23,82,0,8,15,19,42,24,21,37,42,124,0,0,0,124
06/12/2023,CRP,TX,ASW,CE,Combined TRACON& Tower with Radar,28,14,30,151,223,0,6,14,28,48,28,20,44,179,271,0,0,0,271
06/13/2023,CRP,TX,ASW,CE,Combined TRACON& Tower with Radar,24,15,27,150,216,0,4,19,17,40,24,19,46,167,256,0,0,0,256
06/14/2023,CRP,TX,ASW,CE,Combined TRACON& Tower with Radar,24,18,31,111,184,0,2,10,19,31,24,20,41,130,215,0,0,0,215
06/15/2023,CRP,TX,ASW,CE,Combined TRACON& Tower with Radar,27,22,44,111,204,0,11,15,10,36,27,33,59,121,240,0,0,0,240
06/16/2023,CRP,TX,ASW,CE,Combined TRACON& Tower with Radar,25,16,27,70,138,0,3,5,20,28,25,19,32,90,166,0,0,0,166
06/17/2023,CRP,TX,ASW,CE,Combined TRACON& Tower with Radar,16,13,15,36,80,0,1,14,19,34,16,14,29,55,114,0,0,0,114
06/18/2023,CRP,TX,ASW,CE,Combined TRACON& Tower with Radar,24,11,7,32,74,0,0,12,18,30,24,11,19,50,104,0,0,0,104
06/19/2023,CRP,TX,ASW,CE,Combined TRACON& Tower with Radar,24,21,23,15,83,0,3,19,9,31,24,24,42,24,114,0,0,0,114
06/20/2023,CRP,TX,ASW,CE,Combined TRACON& Tower with Radar,24,12,34,96,166,0,5,13,17,35,24,17,47,113,201,0,0,0,201
06/21/2023,CRP,TX,ASW,CE,Combined TRACON& Tower with Radar,31,13,35,105,184,0,0,22,25,47,31,13,57,130,231,0,0,0,231
06/22/2023,CRP,TX,ASW,CE,Combined TRACON& Tower with Radar,26,22,36,62,146,0,3,21,9,33,26,25,57,71,179,0,0,0,179
06/23/2023,CRP,TX,ASW,CE,Combined TRACON& Tower with Radar,26,18,33,61,138,0,2,11,16,29,26,20,44,77,167,0,0,0,167
06/24/2023,CRP,TX,ASW,CE,Combined TRACON& Tower with Radar,19,19,14,45,97,0,6,29,45,80,19,25,43,90,177,0,0,0,177
06/25/2023,CRP,TX,ASW,CE,Combined TRACON& Tower with Radar,26,12,12,53,103,0,6,9,49,64,26,18,21,102,167,0,0,0,167
06/26/2023,CRP,TX,ASW,CE,Combined TRACON& Tower with Radar,23,11,25,92,151,0,8,17,35,60,23,19,42,127,211,0,0,0,211
06/27/2023,CRP,TX,ASW,CE,Combined TRACON& Tower with Radar,25,11,26,97,159,0,1,19,21,41,25,12,45,118,200,0,0,0,200
06/28/2023,CRP,TX,ASW,CE,Combined TRACON& Tower with Radar,24,15,24,59,122,0,5,22,33,60,24,20,46,92,182,0,0,0,182
06/29/2023,CRP,TX,ASW,CE,Combined TRACON& Tower with Radar,27,15,38,83,163,0,13,13,17,43,27,28,51,100,206,0,0,0,206
06/30/2023,CRP,TX,ASW,CE,Combined TRACON& Tower with Radar,27,12,31,40,110,0,5,24,21,50,27,17,55,61,160,0,0,0,160
07/01/2023,CRP,TX,ASW,CE,Combined TRACON& Tower with Radar,17,14,27,22,80,0,2,12,19,33,17,16,39,41,113,0,0,0,113
07/02/2023,CRP,TX,ASW,CE,Combined TRACON& Tower with Radar,27,4,14,21,66,0,5,11,24,40,27,9,25,45,106,0,0,0,106
07/03/2023,CRP,TX,ASW,CE,Combined TRACON& Tower with Radar,23,9,14,19,65,0,1,18,20,39,23,10,32,39,104,0,0,0,104
07/04/2023,CRP,TX,ASW,CE,Combined TRACON& Tower with Radar,22,10,4,0,36,0,5,7,3,15,22,15,11,3,51,0,0,0,51
07/05/2023,CRP,TX,ASW,CE,Combined TRACON& Tower with Radar,27,15,23,86,151,0,2,14,13,29,27,17,37,99,180,0,0,0,180
07/06/2023,CRP,TX,ASW,CE,Combined TRACON& Tower with Radar,26,18,31,50,125,0,3,6,7,16,26,21,37,57,141,0,0,0,141
07/07/2023,CRP,TX,ASW,CE,Combined TRACON& Tower with Radar,29,13,27,102,171,0,2,6,34,42,29,15,33,136,213,0,0,0,213
07/08/2023,CRP,TX,ASW,CE,Combined TRACON& Tower with Radar,24,9,9,57,99,0,4,6,30,40,24,13,15,87,139,0,0,0,139
07/09/2023,CRP,TX,ASW,CE,Combined TRACON& Tower with Radar,25,4,15,60,104,0,3,6,17,26,25,7,21,77,130,0,0,0,130
07/10/2023,CRP,TX,ASW,CE,Combined TRACON& Tower with Radar,27,13,18,109,167,0,4,19,21,44,27,17,37,130,211,0,0,0,211
07/11/2023,CRP,TX,ASW,CE,Combined TRACON& Tower with Radar,28,15,31,121,195,0,2,20,29,51,28,17,51,150,246,0,0,0,246
07/12/2023,CRP,TX,ASW,CE,Combined TRACON& Tower with Radar,28,12,33,106,179,0,2,28,21,51,28,14,61,127,230,0,0,0,230
07/13/2023,CRP,TX,ASW,CE,Combined TRACON& Tower with Radar,30,19,35,91,175,0,1,16,18,35,30,20,51,109,210,0,0,0,210
07/14/2023,CRP,TX,ASW,CE,Combined TRACON& Tower with Radar,27,17,19,89,152,0,1,13,19,33,27,18,32,108,185,0,0,0,185
07/15/2023,CRP,TX,ASW,CE,Combined TRACON& Tower with Radar,22,12,17,34,85,0,4,8,21,33,22,16,25,55,118,0,0,0,118
07/16/2023,CRP,TX,ASW,CE,Combined TRACON& Tower with Radar,24,15,21,67,127,0,4,6,27,37,24,19,27,94,164,0,0,0,164
07/17/2023,CRP,TX,ASW,CE,Combined TRACON& Tower with Radar,31,14,20,90,155,0,3,17,35,55,31,17,37,125,210,0,0,0,210
07/18/2023,CRP,TX,ASW,CE,Combined TRACON& Tower with Radar,28,13,36,68,145,0,2,8,24,34,28,15,44,92,179,0,0,0,179
07/19/2023,CRP,TX,ASW,CE,Combined TRACON& Tower with Radar,29,14,35,81,159,0,3,18,24,45,29,17,53,105,204,0,0,0,204
07/20/2023,CRP,TX,ASW,CE,Combined TRACON& Tower with Radar,28,16,30,101,175,0,3,23,21,47,28,19,53,122,222,0,0,0,222
07/21/2023,CRP,TX,ASW,CE,Combined TRACON& Tower with Radar,26,14,21,66,127,0,5,11,31,47,26,19,32,97,174,0,0,0,174
07/22/2023,CRP,TX,ASW,CE,Combined TRACON& Tower with Radar,23,7,12,40,82,0,7,9,15,31,23,14,21,55,113,0,0,0,113
07/23/2023,CRP,TX,ASW,CE,Combined TRACON& Tower with Radar,27,5,17,40,89,0,0,16,21,37,27,5,33,61,126,0,0,0,126
07/24/2023,CRP,TX,ASW,CE,Combined TRACON& Tower with Radar,28,14,40,112,194,0,0,7,15,22,28,14,47,127,216,0,0,0,216
07/25/2023,CRP,TX,ASW,CE,Combined TRACON& Tower with Radar,28,22,21,74,145,0,0,7,10,17,28,22,28,84,162,0,0,0,162
07/26/2023,CRP,TX,ASW,CE,Combined TRACON& Tower with Radar,28,17,36,74,155,0,4,13,9,26,28,21,49,83,181,0,0,0,181
07/27/2023,CRP,TX,ASW,CE,Combined TRACON& Tower with Radar,27,30,40,79,176,0,3,10,9,22,27,33,50,88,198,0,0,0,198
07/28/2023,CRP,TX,ASW,CE,Combined TRACON& Tower with Radar,28,15,21,55,119,0,1,7,20,28,28,16,28,75,147,0,0,0,147
07/29/2023,CRP,TX,ASW,CE,Combined TRACON& Tower with Radar,21,17,18,88,144,0,4,7,13,24,21,21,25,101,168,0,0,0,168
07/30/2023,CRP,TX,ASW,CE,Combined TRACON& Tower with Radar,26,15,24,53,118,0,2,6,10,18,26,17,30,63,136,0,0,0,136
07/31/2023,CRP,TX,ASW,CE,Combined TRACON& Tower with Radar,28,11,40,82,161,0,2,10,12,24,28,13,50,94,185,0,0,0,185
08/01/2023,CRP,TX,ASW,CE,Combined TRACON& Tower with Radar,30,12,40,116,198,0,2,8,11,21,30,14,48,127,219,0,0,0,219
08/02/2023,CRP,TX,ASW,CE,Combined TRACON& Tower with Radar,9,9,7,9,34,0,0,2,2,4,9,9,9,11,38,0,0,0,38
08/03/2023,CRP,TX,ASW,CE,Combined TRACON& Tower with Radar,21,9,33,100,163,0,1,11,10,22,21,10,44,110,185,0,0,0,185
08/04/2023,CRP,TX,ASW,CE,Combined TRACON& Tower with Radar,25,22,33,48,128,0,2,12,11,25,25,24,45,59,153,0,0,0,153
08/05/2023,CRP,TX,ASW,CE,Combined TRACON& Tower with Radar,20,13,18,23,74,0,1,13,11,25,20,14,31,34,99,0,0,0,99
08/06/2023,CRP,TX,ASW,CE,Combined TRACON& Tower with Radar,26,4,10,35,75,0,1,3,11,15,26,5,13,46,90,0,0,0,90
08/07/2023,CRP,TX,ASW,CE,Combined TRACON& Tower with Radar,30,14,28,87,159,0,1,9,17,27,30,15,37,104,186,0,0,0,186
08/08/2023,CRP,TX,ASW,CE,Combined TRACON& Tower with Radar,30,8,46,130,214,0,2,7,10,19,30,10,53,140,233,0,0,0,233
08/09/2023,CRP,TX,ASW,CE,Combined TRACON& Tower with Radar,30,27,43,104,204,0,4,5,16,25,30,31,48,120,229,0,0,0,229
08/10/2023,CRP,TX,ASW,CE,Combined TRACON& Tower with Radar,31,11,36,121,199,0,0,9,13,22,31,11,45,134,221,0,0,0,221
08/11/2023,CRP,TX,ASW,CE,Combined TRACON& Tower with Radar,26,19,33,90,168,0,1,15,13,29,26,20,48,103,197,0,0,0,197
08/12/2023,CRP,TX,ASW,CE,Combined TRACON& Tower with Radar,24,12,17,50,103,0,1,15,10,26,24,13,32,60,129,0,0,0,129
08/13/2023,CRP,TX,ASW,CE,Combined TRACON& Tower with Radar,26,8,27,43,104,0,0,11,10,21,26,8,38,53,125,0,0,0,125
08/14/2023,CRP,TX,ASW,CE,Combined TRACON& Tower with Radar,31,15,26,125,197,0,1,4,9,14,31,16,30,134,211,0,0,0,211
08/15/2023,CRP,TX,ASW,CE,Combined TRACON& Tower with Radar,30,15,33,126,204,0,2,10,14,26,30,17,43,140,230,0,0,0,230
08/16/2023,CRP,TX,ASW,CE,Combined TRACON& Tower with Radar,33,19,25,72,149,0,1,5,10,16,33,20,30,82,165,0,0,0,165
08/17/2023,CRP,TX,ASW,CE,Combined TRACON& Tower with Radar,29,14,50,102,195,0,2,10,13,25,29,16,60,115,220,0,0,0,220
08/18/2023,CRP,TX,ASW,CE,Combined TRACON& Tower with Radar,26,23,32,93,174,0,1,10,11,22,26,24,42,104,196,0,0,0,196
08/19/2023,CRP,TX,ASW,CE,Combined TRACON& Tower with Radar,21,10,16,36,83,0,1,14,7,22,21,11,30,43,105,0,0,0,105
08/20/2023,CRP,TX,ASW,CE,Combined TRACON& Tower with Radar,28,8,25,52,113,0,1,9,9,19,28,9,34,61,132,0,0,0,132
08/21/2023,CRP,TX,ASW,CE,Combined TRACON& Tower with Radar,31,9,27,100,167,0,2,2,7,11,31,11,29,107,178,0,0,0,178
08/22/2023,CRP,TX,ASW,CE,Combined TRACON& Tower with Radar,13,7,2,1,23,0,0,0,0,0,13,7,2,1,23,0,0,0,23
08/23/2023,CRP,TX,ASW,CE,Combined TRACON& Tower with Radar,32,18,21,101,172,0,0,10,11,21,32,18,31,112,193,0,0,0,193
08/24/2023,CRP,TX,ASW,CE,Combined TRACON& Tower with Radar,30,15,54,148,247,0,2,8,14,24,30,17,62,162,271,0,0,0,271
08/25/2023,CRP,TX,ASW,CE,Combined TRACON& Tower with Radar,25,21,33,47,126,0,1,6,8,15,25,22,39,55,141,0,0,0,141
08/26/2023,CRP,TX,ASW,CE,Combined TRACON& Tower with Radar,21,15,12,67,115,0,3,2,12,17,21,18,14,79,132,0,0,0,132
08/27/2023,CRP,TX,ASW,CE,Combined TRACON& Tower with Radar,29,9,19,50,107,0,2,5,13,20,29,11,24,63,127,0,0,0,127
08/28/2023,CRP,TX,ASW,CE,Combined TRACON& Tower with Radar,31,17,23,105,176,0,1,4,14,19,31,18,27,119,195,0,0,0,195
08/29/2023,CRP,TX,ASW,CE,Combined TRACON& Tower with Radar,30,19,24,137,210,0,2,9,14,25,30,21,33,151,235,0,0,0,235
08/30/2023,CRP,TX,ASW,CE,Combined TRACON& Tower with Radar,30,21,35,120,206,0,1,6,24,31,30,22,41,144,237,0,0,0,237
08/31/2023,CRP,TX,ASW,CE,Combined TRACON& Tower with Radar,32,17,19,92,160,0,4,9,11,24,32,21,28,103,184,0,0,0,184
